2.104086987674236298e-02 4.754369333386421204e-02
2.569114603102207184e-02 5.356524884700775146e-02
2.292277663946151733e-02 5.167646333575248718e-02
2.670015208423137665e-02 5.521054938435554504e-02
2.567194029688835144e-02 5.378562957048416138e-02
2.647584304213523865e-02 5.489666014909744263e-02
2.336826734244823456e-02 4.985224828124046326e-02
2.285683155059814453e-02 4.705522581934928894e-02
2.091776020824909210e-02 4.384157061576843262e-02
1.991762779653072357e-02 4.367234930396080017e-02
2.208327502012252808e-02 4.239349439740180969e-02
2.536893077194690704e-02 5.260517448186874390e-02
2.336885593831539154e-02 5.278059467673301697e-02
2.404510602355003357e-02 4.941050708293914795e-02
2.257679961621761322e-02 4.628587514162063599e-02
2.310076355934143066e-02 4.984885826706886292e-02
2.343657612800598145e-02 4.581595212221145630e-02
2.625233121216297150e-02 4.831919819116592407e-02
2.810502052307128906e-02 5.349827185273170471e-02
2.633035555481910706e-02 5.181535333395004272e-02
2.648935653269290924e-02 5.525151267647743225e-02
2.729453518986701965e-02 5.276444554328918457e-02
2.632150985300540924e-02 5.228502303361892700e-02
2.650523744523525238e-02 5.387622117996215820e-02
2.646654285490512848e-02 5.645560473203659058e-02
2.459828555583953857e-02 5.275966972112655640e-02
2.306860871613025665e-02 4.877336323261260986e-02
2.299861051142215729e-02 4.753502458333969116e-02
2.174191549420356750e-02 4.865519329905509949e-02
2.590019628405570984e-02 4.998332634568214417e-02
2.506803162395954132e-02 4.827113449573516846e-02
2.432323992252349854e-02 4.657632112503051758e-02
2.178760245442390442e-02 4.629572480916976929e-02
2.344072610139846802e-02 4.689657688140869141e-02
2.303813211619853973e-02 4.776037111878395081e-02
2.473746612668037415e-02 4.953415319323539734e-02
2.325719594955444336e-02 5.380649864673614502e-02
2.385068312287330627e-02 4.907966405153274536e-02
2.370095066726207733e-02 4.953839257359504700e-02
2.366149425506591797e-02 4.823283851146697998e-02
2.285093441605567932e-02 4.524689540266990662e-02
2.585367858409881592e-02 5.199660360813140869e-02
2.519699558615684509e-02 5.071784555912017822e-02
2.662456966936588287e-02 5.320215597748756409e-02
2.773236483335494995e-02 5.177349969744682312e-02
2.832441404461860657e-02 5.261212214827537537e-02
2.786751091480255127e-02 5.526093766093254089e-02
2.624512836337089539e-02 5.234367027878761292e-02
2.450668811798095703e-02 5.116010457277297974e-02
2.500425279140472412e-02 5.101632699370384216e-02
2.533343434333801270e-02 5.307107791304588318e-02
2.469094842672348022e-02 5.401144549250602722e-02
2.589950524270534515e-02 5.519177019596099854e-02
2.613825723528862000e-02 5.520363524556159973e-02
2.388898469507694244e-02 5.016957595944404602e-02
2.530188858509063721e-02 5.161375179886817932e-02
2.515227906405925751e-02 5.340690538287162781e-02
2.583441697061061859e-02 5.379805713891983032e-02
2.575728669762611389e-02 5.215750634670257568e-02
2.543246932327747345e-02 5.483661219477653503e-02
2.621062286198139191e-02 5.330310389399528503e-02
2.691955864429473877e-02 5.329636856913566589e-02
2.569769322872161865e-02 5.254305526614189148e-02
2.635847963392734528e-02 5.543936416506767273e-02
2.590765431523323059e-02 5.339897796511650085e-02
2.654326148331165314e-02 5.440580099821090698e-02
2.576795965433120728e-02 5.499282479286193848e-02
2.736193127930164337e-02 5.540738627314567566e-02
2.677155472338199615e-02 5.423604696989059448e-02
2.576343342661857605e-02 5.165391042828559875e-02
2.605447173118591309e-02 5.252306908369064331e-02
2.828420512378215790e-02 5.619782954454421997e-02
2.673904225230216980e-02 5.276168137788772583e-02
2.734669297933578491e-02 5.579039454460144043e-02
2.640159986913204193e-02 5.500539392232894897e-02
2.611141279339790344e-02 5.547594279050827026e-02
2.562801167368888855e-02 5.478208512067794800e-02
2.687956020236015320e-02 5.434399098157882690e-02
2.705450356006622314e-02 5.275372415781021118e-02
2.755520492792129517e-02 5.554510653018951416e-02
2.800902724266052246e-02 5.443147942423820496e-02
2.766256406903266907e-02 5.626238137483596802e-02
2.571967616677284241e-02 5.401716008782386780e-02
2.493792958557605743e-02 5.178604274988174438e-02
2.693524584174156189e-02 5.483829230070114136e-02
2.573361061513423920e-02 5.411339551210403442e-02
2.594183012843132019e-02 5.188708007335662842e-02
2.713198214769363403e-02 5.424712970852851868e-02
2.629796601831912994e-02 5.262619629502296448e-02
2.649612724781036377e-02 5.445283651351928711e-02
2.629747986793518066e-02 5.201097205281257629e-02
2.505279704928398132e-02 5.397607386112213135e-02
2.689565718173980713e-02 5.471554771065711975e-02
2.521467953920364380e-02 5.392013490200042725e-02
2.462790533900260925e-02 5.338904634118080139e-02
2.347333356738090515e-02 5.273203551769256592e-02
2.540438249707221985e-02 5.296035110950469971e-02
2.656203880906105042e-02 4.830831289291381836e-02
2.481851354241371155e-02 5.116391181945800781e-02
2.617581188678741455e-02 4.918235912919044495e-02
2.665600553154945374e-02 5.158687382936477661e-02
2.478486672043800354e-02 4.910571500658988953e-02
2.412216179072856903e-02 4.858494549989700317e-02
2.408837713301181793e-02 4.828229546546936035e-02
2.300236932933330536e-02 4.661464318633079529e-02
2.336706407368183136e-02 4.559509828686714172e-02
2.368409559130668640e-02 4.359146952629089355e-02
2.482445165514945984e-02 4.436040297150611877e-02
2.377167716622352600e-02 4.587995260953903198e-02
2.471644058823585510e-02 4.589115828275680542e-02
2.305581793189048767e-02 4.681781679391860962e-02
2.722258307039737701e-02 4.625067859888076782e-02
2.305714040994644165e-02 4.730903729796409607e-02
2.329241111874580383e-02 4.749208688735961914e-02
2.549773454666137695e-02 4.789756983518600464e-02
2.565740421414375305e-02 5.347866564989089966e-02
2.509315684437751770e-02 4.933168366551399231e-02
2.464802376925945282e-02 4.792878776788711548e-02
2.347095869481563568e-02 4.749691858887672424e-02
2.167920954525470734e-02 4.455547034740447998e-02
2.493154071271419525e-02 4.252118989825248718e-02
2.775082737207412720e-02 4.337127134203910828e-02
2.492102235555648804e-02 3.761125728487968445e-02
2.121041528880596161e-02 4.102420434355735779e-02
2.404970489442348480e-02 4.245477914810180664e-02
2.287337742745876312e-02 4.133827239274978638e-02
2.020708657801151276e-02 4.263423383235931396e-02
2.441289462149143219e-02 4.464586824178695679e-02
2.505769953131675720e-02 4.397463053464889526e-02
2.660436928272247314e-02 4.562403261661529541e-02
2.640807628631591797e-02 4.653158411383628845e-02
2.573565766215324402e-02 4.546071961522102356e-02
2.139199711382389069e-02 3.781386464834213257e-02
2.215876616537570953e-02 4.112379252910614014e-02
2.233671769499778748e-02 4.284051433205604553e-02
2.305556833744049072e-02 4.386720433831214905e-02
2.029919996857643127e-02 4.175555706024169922e-02
2.175062894821166992e-02 4.603173583745956421e-02
2.493023872375488281e-02 5.087372660636901855e-02
2.614308148622512817e-02 5.189453810453414917e-02
2.626832015812397003e-02 5.422793328762054443e-02
2.737460657954216003e-02 5.476994812488555908e-02
2.551870234310626984e-02 5.330697447061538696e-02
2.623104676604270935e-02 5.416404455900192261e-02
2.704116515815258026e-02 5.829185992479324341e-02
2.759357169270515442e-02 5.540484189987182617e-02
2.363847009837627411e-02 5.555548146367073059e-02
2.402584068477153778e-02 4.865664243698120117e-02
2.336955443024635315e-02 4.647511616349220276e-02
2.539715170860290527e-02 5.209719017148017883e-02
2.955053746700286865e-02 5.337736010551452637e-02
2.377172373235225677e-02 5.062548071146011353e-02
2.596107497811317444e-02 5.283877253532409668e-02
2.501499652862548828e-02 5.381184816360473633e-02
2.224273793399333954e-02 4.921916127204895020e-02
2.214983850717544556e-02 5.103185027837753296e-02
2.251048013567924500e-02 5.028692632913589478e-02
2.314345911145210266e-02 4.806777089834213257e-02
2.264216542243957520e-02 4.810485243797302246e-02
2.202380821108818054e-02 4.432801902294158936e-02
2.238302864134311676e-02 4.581078514456748962e-02
2.051438018679618835e-02 4.082915186882019043e-02
1.704262383282184601e-02 3.873706609010696411e-02
1.765190251171588898e-02 4.410269111394882202e-02
2.531507983803749084e-02 5.750079452991485596e-02
2.097530849277973175e-02 4.628593847155570984e-02
1.917109638452529907e-02 4.132957383990287781e-02
2.264409139752388000e-02 5.126271396875381470e-02
2.260765992105007172e-02 4.949361830949783325e-02
2.331852912902832031e-02 4.822527617216110229e-02
2.413381636142730713e-02 4.466021806001663208e-02
2.312760055065155029e-02 4.588630795478820801e-02
2.396018430590629578e-02 4.845905676484107971e-02
2.128296904265880585e-02 4.969809949398040771e-02
2.385881170630455017e-02 4.947057738900184631e-02
2.281305938959121704e-02 4.577063024044036865e-02
2.436621859669685364e-02 4.946441948413848877e-02
2.479382231831550598e-02 5.132346972823143005e-02
2.244460210204124451e-02 4.780256748199462891e-02
2.304169535636901855e-02 5.017717182636260986e-02
2.313693054020404816e-02 4.807717353105545044e-02
2.584283798933029175e-02 4.930494725704193115e-02
2.490570396184921265e-02 5.054071173071861267e-02
2.591854892671108246e-02 4.808711260557174683e-02
2.508036419749259949e-02 4.924332350492477417e-02
2.561692520976066589e-02 5.259145051240921021e-02
2.581174112856388092e-02 5.085091292858123779e-02
2.571604028344154358e-02 5.074565857648849487e-02
2.521510794758796692e-02 5.023524537682533264e-02
2.309619262814521790e-02 4.981946945190429688e-02
2.362584695219993591e-02 4.869700968265533447e-02
2.447470836341381073e-02 4.886173829436302185e-02
2.343176305294036865e-02 4.919856786727905273e-02
2.331220917403697968e-02 4.882483184337615967e-02
2.480098046362400055e-02 5.043665319681167603e-02
2.226876839995384216e-02 4.413205012679100037e-02
2.501363866031169891e-02 5.089158937335014343e-02
2.391636185348033905e-02 5.083752423524856567e-02
2.253254689276218414e-02 4.888176172971725464e-02
2.126714773476123810e-02 4.442215710878372192e-02
1.935886964201927185e-02 4.578653350472450256e-02
2.195441536605358124e-02 4.809380322694778442e-02
2.194222249090671539e-02 4.878186061978340149e-02
2.046512253582477570e-02 4.641421884298324585e-02
2.113686315715312958e-02 4.479088634252548218e-02
1.972086727619171143e-02 4.494284093379974365e-02
2.128058671951293945e-02 4.705902561545372009e-02
2.245594188570976257e-02 4.705503582954406738e-02
2.146760746836662292e-02 4.568254202604293823e-02
2.108242921531200409e-02 4.365478083491325378e-02
2.236006595194339752e-02 4.793333262205123901e-02
2.047200873494148254e-02 4.395638406276702881e-02
1.930813677608966827e-02 4.273413866758346558e-02
1.995789259672164917e-02 4.131234064698219299e-02
1.847664266824722290e-02 4.383686184883117676e-02
1.757639087736606598e-02 4.074942693114280701e-02
1.743340864777565002e-02 4.162092879414558411e-02
1.881883665919303894e-02 4.288318753242492676e-02
1.857117190957069397e-02 4.276309162378311157e-02
2.191260084509849548e-02 4.626813530921936035e-02
2.241932973265647888e-02 4.905270412564277649e-02
1.753170602023601532e-02 4.222552850842475891e-02
1.555551029741764069e-02 3.737349435687065125e-02
1.690999232232570648e-02 4.239748418331146240e-02
1.856590062379837036e-02 4.583661258220672607e-02
1.655623130500316620e-02 3.983551263809204102e-02
1.916368678212165833e-02 4.683633521199226379e-02
1.600008085370063782e-02 3.985795751214027405e-02
1.986219733953475952e-02 4.593306779861450195e-02
2.141737565398216248e-02 4.795125126838684082e-02
2.155642956495285034e-02 4.910637065768241882e-02
2.160232141613960266e-02 4.472774639725685120e-02
2.086583152413368225e-02 4.170937463641166687e-02
2.175822481513023376e-02 4.578454792499542236e-02
1.887474209070205688e-02 4.349709302186965942e-02
1.950698718428611755e-02 4.597808420658111572e-02
1.953825354576110840e-02 4.098506271839141846e-02
2.033208683133125305e-02 4.472572356462478638e-02
1.627232506871223450e-02 4.309005290269851685e-02
1.699251681566238403e-02 3.744660317897796631e-02
1.945198699831962585e-02 4.221403598785400391e-02
1.939329504966735840e-02 4.514950886368751526e-02
1.694035902619361877e-02 4.147216305136680603e-02
1.614217087626457214e-02 3.612697869539260864e-02
1.872087456285953522e-02 4.104557633399963379e-02
1.410156488418579102e-02 3.606555983424186707e-02
1.408545859158039093e-02 3.715743869543075562e-02
1.536852121353149414e-02 3.945942223072052002e-02
1.836321502923965454e-02 4.472870752215385437e-02
1.834095641970634460e-02 4.115205630660057068e-02
1.850939542055130005e-02 4.126030579209327698e-02
1.968655921518802643e-02 4.367367923259735107e-02
1.900690235197544098e-02 4.492478445172309875e-02
2.186076901853084564e-02 4.901492968201637268e-02
1.946760341525077820e-02 4.409386962652206421e-02
1.914548687636852264e-02 4.416714608669281006e-02
1.986497640609741211e-02 4.481853544712066650e-02
2.086468786001205444e-02 5.031661689281463623e-02
1.932442188262939453e-02 4.363498091697692871e-02
2.040821872651576996e-02 4.641105979681015015e-02
2.173141017556190491e-02 4.652163013815879822e-02
2.289078384637832642e-02 4.986864328384399414e-02
2.250125631690025330e-02 5.168882384896278381e-02
2.367850020527839661e-02 5.058445036411285400e-02
2.384230867028236389e-02 4.976090788841247559e-02
2.155001647770404816e-02 4.739748686552047729e-02
2.385916933417320251e-02 4.960852861404418945e-02
2.437333576381206512e-02 5.086780339479446411e-02
2.319840341806411743e-02 4.793477058410644531e-02
2.324654720723628998e-02 4.933870211243629456e-02
2.141692116856575012e-02 4.365176707506179810e-02
2.019236609339714050e-02 4.421485960483551025e-02
1.868961378931999207e-02 4.254128783941268921e-02
2.219842746853828430e-02 4.686005413532257080e-02
2.269024029374122620e-02 4.621709883213043213e-02
2.067078463733196259e-02 4.494460672140121460e-02
2.047314308583736420e-02 4.331061244010925293e-02
2.179284393787384033e-02 3.995597735047340393e-02
2.410691976547241211e-02 4.504901170730590820e-02
2.274910733103752136e-02 4.452006518840789795e-02
2.098478004336357117e-02 4.302233830094337463e-02
2.203739248216152191e-02 4.419168829917907715e-02
2.144466340541839600e-02 4.299280419945716858e-02
2.493473328649997711e-02 4.529563337564468384e-02
2.372086793184280396e-02 4.722103476524353027e-02
2.446328103542327881e-02 4.604947566986083984e-02
2.333812601864337921e-02 4.186494648456573486e-02
2.170026302337646484e-02 4.497969150543212891e-02
2.041981369256973267e-02 4.436531662940979004e-02
2.116981334984302521e-02 4.480256885290145874e-02
2.010957151651382446e-02 4.087233915925025940e-02
1.895288750529289246e-02 4.003178328275680542e-02
1.683684624731540680e-02 3.909326344728469849e-02
1.954231038689613342e-02 4.358984902501106262e-02
2.060926705598831177e-02 4.383727908134460449e-02
1.977954432368278503e-02 4.123190417885780334e-02
2.154150046408176422e-02 4.270196706056594849e-02
2.253057248890399933e-02 4.443845897912979126e-02
2.291431650519371033e-02 4.565065354108810425e-02
2.430589869618415833e-02 4.816962778568267822e-02
2.436240389943122864e-02 4.692513868212699890e-02
2.259313687682151794e-02 4.541452974081039429e-02
2.179234102368354797e-02 4.188485816121101379e-02
2.198873087763786316e-02 4.458540678024291992e-02
2.173680998384952545e-02 4.476469755172729492e-02
2.151419967412948608e-02 4.449515789747238159e-02
2.334293723106384277e-02 4.594128578901290894e-02
2.338092960417270660e-02 4.632693529129028320e-02
2.378872223198413849e-02 4.450342804193496704e-02
2.182367630302906036e-02 4.372558742761611938e-02
2.337546646595001221e-02 4.734333977103233337e-02
2.316328510642051697e-02 4.894193261861801147e-02
2.269665151834487915e-02 4.788617789745330811e-02
2.169089391827583313e-02 4.520843550562858582e-02
2.338106557726860046e-02 4.834384098649024963e-02
2.285844832658767700e-02 4.877654835581779480e-02
2.330670692026615143e-02 5.039071291685104370e-02
2.126112766563892365e-02 4.615169763565063477e-02
2.374432235956192017e-02 4.685346782207489014e-02
2.304563485085964203e-02 4.731853678822517395e-02
2.143976092338562012e-02 4.562141746282577515e-02
2.238098718225955963e-02 4.546954482793807983e-02
2.298748493194580078e-02 4.427965730428695679e-02
1.820508390665054321e-02 3.871203958988189697e-02
2.018705755472183228e-02 4.052332416176795959e-02
2.053865790367126465e-02 4.201193153858184814e-02
2.247316762804985046e-02 4.388852417469024658e-02
2.018896304070949554e-02 4.069130122661590576e-02
2.066215872764587402e-02 4.337494820356369019e-02
2.088508568704128265e-02 4.295068234205245972e-02
1.922708190977573395e-02 4.080962017178535461e-02
2.094801142811775208e-02 4.120099171996116638e-02
1.833594776690006256e-02 3.959664702415466309e-02
1.676441170275211334e-02 3.669281303882598877e-02
1.959840022027492523e-02 4.159045219421386719e-02
2.089079841971397400e-02 4.354809969663619995e-02
2.312430553138256073e-02 4.361700266599655151e-02
2.414398640394210815e-02 4.541142657399177551e-02
2.490884065628051758e-02 4.811675101518630981e-02
2.487707510590553284e-02 5.014080181717872620e-02
2.458056062459945679e-02 4.899765551090240479e-02
2.409780025482177734e-02 4.823758825659751892e-02
2.428649924695491791e-02 5.065410584211349487e-02
2.462937682867050171e-02 5.105445161461830139e-02
2.463773265480995178e-02 5.247807875275611877e-02
2.502702176570892334e-02 5.496601387858390808e-02
2.577397972345352173e-02 5.431226640939712524e-02
2.524830400943756104e-02 5.173462629318237305e-02
2.278609201312065125e-02 5.203159898519515991e-02
2.303321659564971924e-02 5.036403238773345947e-02
2.235369384288787842e-02 4.799199104309082031e-02
2.302232198417186737e-02 5.089341476559638977e-02
1.832624897360801697e-02 4.212721437215805054e-02
2.305312640964984894e-02 4.841338843107223511e-02
2.324438095092773438e-02 4.662490263581275940e-02
2.052341401576995850e-02 4.554408043622970581e-02
1.797947846353054047e-02 4.261727631092071533e-02
2.325560897588729858e-02 5.028166621923446655e-02
1.991659775376319885e-02 4.486712068319320679e-02
2.258736826479434967e-02 4.709514230489730835e-02
2.165618725121021271e-02 4.936980456113815308e-02
1.863388530910015106e-02 4.173764213919639587e-02
2.102135866880416870e-02 4.260215163230895996e-02
2.074860036373138428e-02 4.404980689287185669e-02
2.140303887426853180e-02 4.795537143945693970e-02
2.368642203509807587e-02 4.768756777048110962e-02
2.034292183816432953e-02 4.402316361665725708e-02
2.311784774065017700e-02 4.715994000434875488e-02
2.475593984127044678e-02 4.684039205312728882e-02
2.477487176656723022e-02 4.766304790973663330e-02
2.596369571983814240e-02 5.082748457789421082e-02
2.600295096635818481e-02 4.687068983912467957e-02
2.328817918896675110e-02 4.223367571830749512e-02
2.316854894161224365e-02 4.114639014005661011e-02
2.167393825948238373e-02 3.663107752799987793e-02
2.157100290060043335e-02 3.988431021571159363e-02
2.416556887328624725e-02 3.885326534509658813e-02
2.592334896326065063e-02 4.781455546617507935e-02
2.469226531684398651e-02 4.932659119367599487e-02
2.716047130525112152e-02 4.744625836610794067e-02
2.646282687783241272e-02 5.005494505167007446e-02
2.391384541988372803e-02 4.787116497755050659e-02
2.632926031947135925e-02 4.873720183968544006e-02
2.438993379473686218e-02 4.766009747982025146e-02
2.620494738221168518e-02 4.630339890718460083e-02
2.806921117007732391e-02 5.092247575521469116e-02
2.710057795047760010e-02 4.817052930593490601e-02
2.775931358337402344e-02 4.992092400789260864e-02
3.004292584955692291e-02 4.857819527387619019e-02
3.048844449222087860e-02 4.932054877281188965e-02
3.091697394847869873e-02 5.257723852992057800e-02
2.849736437201499939e-02 5.079632252454757690e-02
2.851174399256706238e-02 4.871979355812072754e-02
2.498271130025386810e-02 4.462967440485954285e-02
2.143143489956855774e-02 4.598750546574592590e-02
2.806156501173973083e-02 4.454986006021499634e-02
2.522800490260124207e-02 4.163466021418571472e-02
2.454247511923313141e-02 4.161107540130615234e-02
2.642116323113441467e-02 4.234533756971359253e-02
2.529511414468288422e-02 4.159475117921829224e-02
2.630104869604110718e-02 4.237336292862892151e-02
1.980005204677581787e-02 4.112161695957183838e-02
2.230770885944366455e-02 4.459584876894950867e-02
2.606128156185150146e-02 4.439809918403625488e-02
2.636155858635902405e-02 4.191707819700241089e-02
2.445166558027267456e-02 4.381633549928665161e-02
2.372488938271999359e-02 4.351388290524482727e-02
2.456931769847869873e-02 4.488556832075119019e-02
2.316911518573760986e-02 4.419137910008430481e-02
2.213644422590732574e-02 4.224957525730133057e-02
2.528621628880500793e-02 4.369604960083961487e-02
2.390860766172409058e-02 4.233360290527343750e-02
2.536563575267791748e-02 4.364604502916336060e-02
2.214572206139564514e-02 4.033993557095527649e-02
2.211126685142517090e-02 3.527986630797386169e-02
2.553183026611804962e-02 4.428428784012794495e-02
2.195440419018268585e-02 4.040336236357688904e-02
2.014473639428615570e-02 3.896874561905860901e-02
1.886439323425292969e-02 3.788020461797714233e-02
2.078827098011970520e-02 4.496139287948608398e-02
2.231677621603012085e-02 4.510332643985748291e-02
2.209617942571640015e-02 4.289106279611587524e-02
2.450760826468467712e-02 4.626752063632011414e-02
2.635487541556358337e-02 4.764639958739280701e-02
2.335138618946075439e-02 4.358085244894027710e-02
2.475871518254280090e-02 4.695511981844902039e-02
2.645251899957656860e-02 4.511636123061180115e-02
2.572370320558547974e-02 4.515251517295837402e-02
2.555128931999206543e-02 4.495337605476379395e-02
2.439377643167972565e-02 4.233861714601516724e-02
2.122440189123153687e-02 4.079975560307502747e-02
2.205146104097366333e-02 4.201595485210418701e-02
2.114823833107948303e-02 3.989046812057495117e-02
2.255675941705703735e-02 4.100564122200012207e-02
2.270212396979331970e-02 4.070682823657989502e-02
2.414446882903575897e-02 4.373835772275924683e-02
2.373183704912662506e-02 4.453776776790618896e-02
2.582125179469585419e-02 4.530434682965278625e-02
2.747106924653053284e-02 4.504798725247383118e-02
2.755305171012878418e-02 4.565564543008804321e-02
2.761542052030563354e-02 4.583403095602989197e-02
2.219078689813613892e-02 3.684078529477119446e-02
2.073121815919876099e-02 3.209719806909561157e-02
2.225674688816070557e-02 3.345567733049392700e-02
2.193520218133926392e-02 3.579297289252281189e-02
2.201987802982330322e-02 3.581319749355316162e-02
1.908509619534015656e-02 3.002472221851348877e-02
2.009805291891098022e-02 2.899086475372314453e-02
1.933916099369525909e-02 2.687486447393894196e-02
1.874228194355964661e-02 2.828761190176010132e-02
1.706928573548793793e-02 2.476965077221393585e-02
1.551974471658468246e-02 2.259585447609424591e-02
1.589076593518257141e-02 2.389642223715782166e-02
1.652161031961441040e-02 2.478200569748878479e-02
1.605108752846717834e-02 2.490873076021671295e-02
1.534333825111389160e-02 2.595607936382293701e-02
1.437586545944213867e-02 2.460339851677417755e-02
1.451272424310445786e-02 2.527445182204246521e-02
1.448960416018962860e-02 2.016483061015605927e-02
1.587636023759841919e-02 2.454412356019020081e-02
1.397030241787433624e-02 1.827445812523365021e-02
1.028092391788959503e-02 1.250514388084411621e-02
1.047679223120212555e-02 1.204244792461395264e-02
1.197399385273456573e-02 1.618710532784461975e-02
9.959684684872627258e-03 1.343068946152925491e-02
6.134904921054840088e-03 6.950158625841140747e-03
1.100534386932849884e-02 1.726324483752250671e-02
1.256544329226016998e-02 2.211645990610122681e-02
1.120150648057460785e-02 1.881716400384902954e-02
1.192978955805301666e-02 2.002911083400249481e-02
1.151499710977077484e-02 1.631052605807781219e-02
9.716300293803215027e-03 1.408963650465011597e-02
1.065089181065559387e-02 1.689617894589900970e-02
9.003235027194023132e-03 1.553736813366413116e-02
1.139124669134616852e-02 2.001065388321876526e-02
1.022612862288951874e-02 1.727180555462837219e-02
1.088582538068294525e-02 1.605706289410591125e-02
1.060277409851551056e-02 1.561460085213184357e-02
1.124948449432849884e-02 2.211521938443183899e-02
1.111351698637008667e-02 2.239229530096054077e-02
1.267867721617221832e-02 2.356497757136821747e-02
1.353188790380954742e-02 2.541447803378105164e-02
1.479875668883323669e-02 2.580782212316989899e-02
1.475161127746105194e-02 2.544413320720195770e-02
1.433516107499599457e-02 2.496284618973731995e-02
1.489816978573799133e-02 2.626321651041507721e-02
1.456457749009132385e-02 2.680332958698272705e-02
1.411965303122997284e-02 2.733094431459903717e-02
1.382527686655521393e-02 2.818250097334384918e-02
1.313693448901176453e-02 2.578506246209144592e-02
1.390673033893108368e-02 2.625410445034503937e-02
1.253138296306133270e-02 2.191697619855403900e-02
1.017543859779834747e-02 1.934253610670566559e-02
1.015478558838367462e-02 2.037240564823150635e-02
1.003070361912250519e-02 1.744453981518745422e-02
1.049450598657131195e-02 2.179134264588356018e-02
1.085972227156162262e-02 2.447816357016563416e-02
1.227918080985546112e-02 2.719228155910968781e-02
1.073788665235042572e-02 2.365406043827533722e-02
1.105127111077308655e-02 2.324003539979457855e-02
1.314535550773143768e-02 2.563274838030338287e-02
1.430215127766132355e-02 2.984449267387390137e-02
1.444504410028457642e-02 3.205394744873046875e-02
1.520250737667083740e-02 3.418424353003501892e-02
1.443102862685918808e-02 3.461600840091705322e-02
1.520059816539287567e-02 3.374999016523361206e-02
1.287235133349895477e-02 3.137049078941345215e-02
1.391595043241977692e-02 3.080488368868827820e-02
1.246864534914493561e-02 2.882026135921478271e-02
1.195220835506916046e-02 2.529296465218067169e-02
1.299026049673557281e-02 2.764392644166946411e-02
1.159616746008396149e-02 2.610707283020019531e-02
1.336628198623657227e-02 2.706342563033103943e-02
1.329743862152099609e-02 2.701921947300434113e-02
1.218595914542675018e-02 2.463799528777599335e-02
1.264506950974464417e-02 2.819802053272724152e-02
1.421711035072803497e-02 3.251350671052932739e-02
1.137782074511051178e-02 2.702439948916435242e-02
1.022084616124629974e-02 2.542170323431491852e-02
1.102274097502231598e-02 2.653673477470874786e-02
1.279664598405361176e-02 2.578319422900676727e-02
1.218300126492977142e-02 2.692696824669837952e-02
1.414827257394790649e-02 2.806220203638076782e-02
1.697649061679840088e-02 3.423976898193359375e-02
1.584247499704360962e-02 3.375408425927162170e-02
1.574647240340709686e-02 3.934852033853530884e-02
1.651179790496826172e-02 4.257221147418022156e-02
1.844966225326061249e-02 4.634695500135421753e-02
1.770120486617088318e-02 4.372019320726394653e-02
1.990989781916141510e-02 4.542900994420051575e-02
1.908034086227416992e-02 4.756176099181175232e-02
1.787657290697097778e-02 4.638825356960296631e-02
1.628323644399642944e-02 4.315033927559852600e-02
1.794593967497348785e-02 4.481424018740653992e-02
2.050696127116680145e-02 4.344850778579711914e-02
2.162312716245651245e-02 4.338373616337776184e-02
2.178975194692611694e-02 4.173775762319564819e-02
2.344800531864166260e-02 4.578389972448348999e-02
2.510484308004379272e-02 5.146012455224990845e-02
2.335942536592483521e-02 4.852310568094253540e-02
2.494705095887184143e-02 4.793500527739524841e-02
2.429103292524814606e-02 4.770123958587646484e-02
2.479348331689834595e-02 4.932878538966178894e-02
2.604052424430847168e-02 5.386605113744735718e-02
2.516524307429790497e-02 4.720274358987808228e-02
2.755456790328025818e-02 5.016800761222839355e-02
2.374825626611709595e-02 4.530100524425506592e-02
2.270386926829814911e-02 4.295482486486434937e-02
2.150487154722213745e-02 4.392480850219726562e-02
1.995803415775299072e-02 4.147577285766601562e-02
2.019269205629825592e-02 4.103473946452140808e-02
2.091210335493087769e-02 4.401890188455581665e-02
2.314853295683860779e-02 4.649097472429275513e-02
2.252050489187240601e-02 4.636568948626518250e-02
2.204324305057525635e-02 4.543407261371612549e-02
2.113676629960536957e-02 4.397052526473999023e-02
1.988424360752105713e-02 3.986981511116027832e-02
1.966463774442672729e-02 4.262615740299224854e-02
2.076961100101470947e-02 4.588607698678970337e-02
1.791048422455787659e-02 3.941910713911056519e-02
1.715766638517379761e-02 3.588675707578659058e-02
1.566557586193084717e-02 3.289047628641128540e-02
1.716494187712669373e-02 3.679702058434486389e-02
1.787817105650901794e-02 3.910772502422332764e-02
1.951565593481063843e-02 4.126473516225814819e-02
2.137782052159309387e-02 4.200275987386703491e-02
2.160007879137992859e-02 4.551137611269950867e-02
2.253365702927112579e-02 4.545551165938377380e-02
2.482650987803936005e-02 4.972307011485099792e-02
2.485228329896926880e-02 4.827262833714485168e-02
2.684991993010044098e-02 5.178806930780410767e-02
2.473058179020881653e-02 4.995102062821388245e-02
2.368729189038276672e-02 5.062853544950485229e-02
2.550425007939338684e-02 5.514077097177505493e-02
2.375887334346771240e-02 4.855355620384216309e-02
2.603777125477790833e-02 5.026167631149291992e-02
2.432306110858917236e-02 4.901100695133209229e-02
2.465746551752090454e-02 4.986815899610519409e-02
2.532802894711494446e-02 5.170748382806777954e-02
2.720424719154834747e-02 5.410657078027725220e-02
2.617914229631423950e-02 5.173435807228088379e-02
2.653462812304496765e-02 5.465037748217582703e-02
2.616078220307826996e-02 5.471146106719970703e-02
2.541930601000785828e-02 5.420400574803352356e-02
2.577691897749900818e-02 5.737745016813278198e-02
2.522723190486431122e-02 5.704155936837196350e-02
2.397587150335311890e-02 5.117512121796607971e-02
2.525086514651775360e-02 5.224469304084777832e-02
2.557716891169548035e-02 5.147547647356987000e-02
2.390132285654544830e-02 5.228427797555923462e-02
2.340215817093849182e-02 5.104158073663711548e-02
2.430144324898719788e-02 5.162556096911430359e-02
2.383568696677684784e-02 4.683673009276390076e-02
2.396800741553306580e-02 4.830792173743247986e-02
2.406032569706439972e-02 5.228450521826744080e-02
2.484077587723731995e-02 5.132395029067993164e-02
2.381766960024833679e-02 4.704314097762107849e-02
2.383070625364780426e-02 5.341973155736923218e-02
2.412096038460731506e-02 4.940607398748397827e-02
2.118293195962905884e-02 4.870934784412384033e-02
2.456664107739925385e-02 5.510100722312927246e-02
2.302389219403266907e-02 4.526209458708763123e-02
2.339342981576919556e-02 5.016128346323966980e-02
2.433715760707855225e-02 5.410017818212509155e-02
2.542228624224662781e-02 5.126251280307769775e-02
2.497920021414756775e-02 5.266355723142623901e-02
2.480204030871391296e-02 5.409158766269683838e-02
2.284735068678855896e-02 4.843961820006370544e-02
2.401140704751014709e-02 4.552313312888145447e-02
2.447972074151039124e-02 4.847867786884307861e-02
2.351261675357818604e-02 4.326785728335380554e-02
2.278587594628334045e-02 4.497193545103073120e-02
2.490911819040775299e-02 4.971639811992645264e-02
2.363714389503002167e-02 4.788171499967575073e-02
2.535471320152282715e-02 4.874296486377716064e-02
2.420511282980442047e-02 4.405409097671508789e-02
2.531753294169902802e-02 4.852838814258575439e-02
2.579427883028984070e-02 5.039505660533905029e-02
2.513794228434562683e-02 5.155836790800094604e-02
2.618156559765338898e-02 5.158210173249244690e-02
2.550752088427543640e-02 5.006438121199607849e-02
2.496980875730514526e-02 5.093205347657203674e-02
2.432923391461372375e-02 4.706906154751777649e-02
2.293219231069087982e-02 4.743870347738265991e-02
2.237543836236000061e-02 4.695556685328483582e-02
2.455051243305206299e-02 5.073245242238044739e-02
2.567926794290542603e-02 5.053466558456420898e-02
2.416737750172615051e-02 4.993911832571029663e-02
2.316108904778957367e-02 4.724726080894470215e-02
2.289645187556743622e-02 4.697508364915847778e-02
2.352255024015903473e-02 4.939465224742889404e-02
2.492725104093551636e-02 5.030253529548645020e-02
2.444165572524070740e-02 4.855100810527801514e-02
2.609527111053466797e-02 5.226300284266471863e-02
2.484361454844474792e-02 5.003174394369125366e-02
2.490091882646083832e-02 5.029594898223876953e-02
2.428269386291503906e-02 4.889500141143798828e-02
2.327304333448410034e-02 4.730215296149253845e-02
2.256552502512931824e-02 4.522799700498580933e-02
2.343271672725677490e-02 4.656505584716796875e-02
2.400844357907772064e-02 4.634095728397369385e-02
2.478286996483802795e-02 4.936450719833374023e-02
2.403005771338939667e-02 5.006260052323341370e-02
2.455330267548561096e-02 4.614597931504249573e-02
2.332040295004844666e-02 4.615584015846252441e-02
2.603106759488582611e-02 4.797998070716857910e-02
2.438708581030368805e-02 4.898090288043022156e-02
2.651465497910976410e-02 4.629745334386825562e-02
2.501024305820465088e-02 5.247484892606735229e-02
2.475845627486705780e-02 5.442572385072708130e-02
2.576107531785964966e-02 5.194215849041938782e-02
2.448651939630508423e-02 5.188257992267608643e-02
2.618467994034290314e-02 5.232731997966766357e-02
2.425533905625343323e-02 4.980316758155822754e-02
2.469716966152191162e-02 5.051498115062713623e-02
2.499966882169246674e-02 5.241392180323600769e-02
2.526181004941463470e-02 5.412637069821357727e-02
2.548924833536148071e-02 4.944204911589622498e-02
2.523429878056049347e-02 4.972750321030616760e-02
2.585311979055404663e-02 5.102136731147766113e-02
2.606782689690589905e-02 5.094054341316223145e-02
2.616182155907154083e-02 5.087291076779365540e-02
2.399868518114089966e-02 4.803368449211120605e-02
2.447066642343997955e-02 4.778816923499107361e-02
2.649939060211181641e-02 5.057878419756889343e-02
2.694481238722801208e-02 5.440948158502578735e-02
2.665984258055686951e-02 5.467437207698822021e-02
2.516890875995159149e-02 5.147850140929222107e-02
2.583084255456924438e-02 5.365664884448051453e-02
2.602344378829002380e-02 5.471095815300941467e-02
2.588539943099021912e-02 5.390893667936325073e-02
2.640017308294773102e-02 5.225324630737304688e-02
2.577862143516540527e-02 5.095935985445976257e-02
2.685018256306648254e-02 5.362027511000633240e-02
2.554043196141719818e-02 5.138982459902763367e-02
2.434582635760307312e-02 5.017809569835662842e-02
2.494368143379688263e-02 5.286962911486625671e-02
2.485089376568794250e-02 5.280345305800437927e-02
2.423424832522869110e-02 5.249167978763580322e-02
2.332720533013343811e-02 5.044624581933021545e-02
2.352561801671981812e-02 4.871260747313499451e-02
2.328024432063102722e-02 5.214000493288040161e-02
2.367557957768440247e-02 5.209738016128540039e-02
2.296448498964309692e-02 5.260857567191123962e-02
2.232989296317100525e-02 5.236476659774780273e-02
2.256265655159950256e-02 5.214557796716690063e-02
2.448133751749992371e-02 5.370789766311645508e-02
2.497274801135063171e-02 5.285785347223281860e-02
2.562361769378185272e-02 5.671970173716545105e-02
2.445643208920955658e-02 5.304890871047973633e-02
2.409867756068706512e-02 5.582756176590919495e-02
2.560503780841827393e-02 5.746430903673171997e-02
2.384636923670768738e-02 5.536745488643646240e-02
2.587336488068103790e-02 5.585360154509544373e-02
2.693385072052478790e-02 5.901636928319931030e-02
2.528680115938186646e-02 5.605074763298034668e-02
2.543657831847667694e-02 5.447386205196380615e-02
2.516143023967742920e-02 5.573944747447967529e-02
2.518074400722980499e-02 5.531198158860206604e-02
2.545693516731262207e-02 5.448892712593078613e-02
2.594058215618133545e-02 5.732404440641403198e-02
2.554527297616004944e-02 5.702926218509674072e-02
2.530529350042343140e-02 5.693139135837554932e-02
2.573587372899055481e-02 5.863413587212562561e-02
2.451196126639842987e-02 5.882283300161361694e-02
2.499778568744659424e-02 5.852781236171722412e-02
2.585327811539173126e-02 5.563853681087493896e-02
2.477177418768405914e-02 5.528020858764648438e-02
2.559627965092658997e-02 5.580668523907661438e-02
2.608679980039596558e-02 5.404273420572280884e-02
2.472463622689247131e-02 5.417476594448089600e-02
2.397363446652889252e-02 5.342478305101394653e-02
2.301823534071445465e-02 5.120084807276725769e-02
2.369908802211284637e-02 5.381920933723449707e-02
2.592501975595951080e-02 5.614120885729789734e-02
2.567931078374385834e-02 5.689776316285133362e-02
2.603660896420478821e-02 5.561761558055877686e-02
2.675629220902919769e-02 5.626077950000762939e-02
2.676267921924591064e-02 5.575368553400039673e-02
2.679018303751945496e-02 5.567746981978416443e-02
2.675008960068225861e-02 5.579346418380737305e-02
2.832875028252601624e-02 5.463117361068725586e-02
2.765347994863986969e-02 5.160747841000556946e-02
2.785562537610530853e-02 5.111394822597503662e-02
2.753795124590396881e-02 5.309766903519630432e-02
2.786629274487495422e-02 5.399578809738159180e-02
2.677687443792819977e-02 5.294046178460121155e-02
2.649717405438423157e-02 5.139559879899024963e-02
2.683704532682895660e-02 5.027027428150177002e-02
2.785236015915870667e-02 5.083397775888442993e-02
2.608005702495574951e-02 5.078777670860290527e-02
2.759679406881332397e-02 5.267579108476638794e-02
2.626189962029457092e-02 4.980345070362091064e-02
2.612130157649517059e-02 4.843100905418395996e-02
2.629842236638069153e-02 5.168563500046730042e-02
2.690281718969345093e-02 4.965752363204956055e-02
3.040434047579765320e-02 5.358047410845756531e-02
2.898834273219108582e-02 5.246387422084808350e-02
2.936284430325031281e-02 5.134434998035430908e-02
2.775765955448150635e-02 5.240194126963615417e-02
2.814416959881782532e-02 5.525006353855133057e-02
2.902959287166595459e-02 5.470373108983039856e-02
2.733878418803215027e-02 5.231109634041786194e-02
2.776644937694072723e-02 5.438578873872756958e-02
2.428241632878780365e-02 5.104014649987220764e-02
2.603568136692047119e-02 5.109891667962074280e-02
2.606890164315700531e-02 5.181758105754852295e-02
2.294450625777244568e-02 4.728706181049346924e-02
2.636007405817508698e-02 5.404345691204071045e-02
2.579104900360107422e-02 5.302437767386436462e-02
2.623781189322471619e-02 5.334959179162979126e-02
2.748408168554306030e-02 5.675240606069564819e-02
2.679541520774364471e-02 5.587422102689743042e-02
2.679369971156120300e-02 5.635703727602958679e-02
2.506014704704284668e-02 5.404780432581901550e-02
2.505432441830635071e-02 5.354603379964828491e-02
2.474493160843849182e-02 5.152294039726257324e-02
2.756440639495849609e-02 5.303408205509185791e-02
2.655837312340736389e-02 5.204413831233978271e-02
2.460025437176227570e-02 4.961509630084037781e-02
2.762771770358085632e-02 5.839045345783233643e-02
2.681583911180496216e-02 5.716217309236526489e-02
2.753078937530517578e-02 5.805608630180358887e-02
2.833151258528232574e-02 5.856258422136306763e-02
2.774265222251415253e-02 5.396436899900436401e-02
2.639172412455081940e-02 5.200078710913658142e-02
2.841658145189285278e-02 5.343485996127128601e-02
2.490483969449996948e-02 4.952668771147727966e-02
2.442740835249423981e-02 4.716618359088897705e-02
2.465555071830749512e-02 4.896350204944610596e-02
2.249268628656864166e-02 4.889640957117080688e-02
2.602477744221687317e-02 5.404639989137649536e-02
2.808210626244544983e-02 5.835178121924400330e-02
2.968514524400234222e-02 6.141409277915954590e-02
2.777649462223052979e-02 4.944264516234397888e-02
2.714289724826812744e-02 5.086759850382804871e-02
2.596582286059856415e-02 5.036686733365058899e-02
2.513821423053741455e-02 5.111189559102058411e-02
2.640868164598941803e-02 5.101168155670166016e-02
2.672083675861358643e-02 5.349984019994735718e-02
2.740645222365856171e-02 5.067577213048934937e-02
2.417507395148277283e-02 3.973144292831420898e-02
2.690078876912593842e-02 5.361068993806838989e-02
2.400595694780349731e-02 4.124446585774421692e-02
2.549802698194980621e-02 4.115216061472892761e-02
2.653263509273529053e-02 5.321398377418518066e-02
2.885461412370204926e-02 5.331114679574966431e-02
2.493903785943984985e-02 4.602707922458648682e-02
2.836379036307334900e-02 5.680551379919052124e-02
2.714037522673606873e-02 4.845270514488220215e-02
2.771586179733276367e-02 5.244905874133110046e-02
2.640354260802268982e-02 5.189310759305953979e-02
2.622181922197341919e-02 5.030709505081176758e-02
2.761330641806125641e-02 5.374973267316818237e-02
2.666503936052322388e-02 4.745304211974143982e-02
2.795862406492233276e-02 5.500517413020133972e-02
2.548763155937194824e-02 4.900288581848144531e-02
2.534282393753528595e-02 5.311908200383186340e-02
2.526023983955383301e-02 5.212073028087615967e-02
2.331147715449333191e-02 5.149762704968452454e-02
2.223779261112213135e-02 4.632474482059478760e-02
2.711248397827148438e-02 5.453812330961227417e-02
2.404710091650485992e-02 4.935371875762939453e-02
2.825825475156307220e-02 5.426232144236564636e-02
2.587727271020412445e-02 5.284809693694114685e-02
3.003194555640220642e-02 5.727447569370269775e-02
2.817650698125362396e-02 5.860875919461250305e-02
2.584630437195301056e-02 5.209008231759071350e-02
2.521042339503765106e-02 5.211309343576431274e-02
2.258948050439357758e-02 5.258680880069732666e-02
2.716125175356864929e-02 5.271049588918685913e-02
2.312296628952026367e-02 4.933969676494598389e-02
2.487595938146114349e-02 5.263749882578849792e-02
2.206805720925331116e-02 5.348472297191619873e-02
2.494068630039691925e-02 5.267848446965217590e-02
2.343556657433509827e-02 5.025830864906311035e-02
2.639719657599925995e-02 5.488429963588714600e-02
2.689499780535697937e-02 5.348630622029304504e-02
2.550562471151351929e-02 4.842245206236839294e-02
2.563159912824630737e-02 5.035348981618881226e-02
2.109326794743537903e-02 4.357752948999404907e-02
2.200365439057350159e-02 4.716791585087776184e-02
2.405421994626522064e-02 4.640670120716094971e-02
2.780994400382041931e-02 4.712387919425964355e-02
2.986607328057289124e-02 4.671749100089073181e-02
2.544475160539150238e-02 5.062216147780418396e-02
2.505458518862724304e-02 4.439060389995574951e-02
2.414964884519577026e-02 4.788601398468017578e-02
2.123891375958919525e-02 4.459759220480918884e-02
2.779214084148406982e-02 4.866486042737960815e-02
2.195481956005096436e-02 4.108779132366180420e-02
1.953744329512119293e-02 3.894208371639251709e-02
2.072676271200180054e-02 3.986850753426551819e-02
2.291498333215713501e-02 4.424890130758285522e-02
2.711629495024681091e-02 5.067183077335357666e-02
2.588855102658271790e-02 4.883778840303421021e-02
2.522194571793079376e-02 4.396041482686996460e-02
2.748151496052742004e-02 5.027920380234718323e-02
2.591122873127460480e-02 4.948667064309120178e-02
2.821418456733226776e-02 5.297815799713134766e-02
2.291264198720455170e-02 5.094519630074501038e-02
2.245631255209445953e-02 4.963117465376853943e-02
2.505032345652580261e-02 5.406412482261657715e-02
2.752525918185710907e-02 5.419715493917465210e-02
2.758973650634288788e-02 5.245115980505943298e-02
2.661813795566558838e-02 5.203345417976379395e-02
2.613368071615695953e-02 4.725335165858268738e-02
2.796418219804763794e-02 5.635953694581985474e-02
2.578611671924591064e-02 5.343381315469741821e-02
2.733956091105937958e-02 5.153400450944900513e-02
2.685151435434818268e-02 5.377102643251419067e-02
2.827523835003376007e-02 4.896212369203567505e-02
2.973452582955360413e-02 5.563953518867492676e-02
2.877249382436275482e-02 5.633673071861267090e-02
2.914606034755706787e-02 5.050775036215782166e-02
2.909239009022712708e-02 5.377775430679321289e-02
2.742622420191764832e-02 5.073788017034530640e-02
2.588993310928344727e-02 5.066120997071266174e-02
2.648397162556648254e-02 4.862904548645019531e-02
2.642033994197845459e-02 5.129390954971313477e-02
2.679495699703693390e-02 5.380398035049438477e-02
2.837307937443256378e-02 5.456434935331344604e-02
2.617397904396057129e-02 5.172959342598915100e-02
2.465988323092460632e-02 5.015284195542335510e-02
2.167825959622859955e-02 4.657587036490440369e-02
2.162423729896545410e-02 4.576960206031799316e-02
2.554842084646224976e-02 5.181103944778442383e-02
2.576701901853084564e-02 5.460253730416297913e-02
2.411527559161186218e-02 5.224142968654632568e-02
2.527861855924129486e-02 5.357957631349563599e-02
2.618476934731006622e-02 5.516183748841285706e-02
2.285911887884140015e-02 5.316528305411338806e-02
2.580746263265609741e-02 5.298104137182235718e-02
2.737380936741828918e-02 5.439733341336250305e-02
2.769993059337139130e-02 5.300088226795196533e-02
2.880080416798591614e-02 5.643952637910842896e-02
2.873226255178451538e-02 5.587415769696235657e-02
2.815620414912700653e-02 5.328199639916419983e-02
2.631193026900291443e-02 5.108231306076049805e-02
2.486228942871093750e-02 5.420099571347236633e-02
2.350085228681564331e-02 5.208931490778923035e-02
2.393401786684989929e-02 4.695245251059532166e-02
1.963063701987266541e-02 4.142411798238754272e-02
2.785537019371986389e-02 6.441006064414978027e-02
2.795006521046161652e-02 5.810865014791488647e-02
2.821039967238903046e-02 5.649319291114807129e-02
2.757604978978633881e-02 5.548481643199920654e-02
2.719785831868648529e-02 5.767911672592163086e-02
2.732481434941291809e-02 5.639808252453804016e-02
2.722523361444473267e-02 5.505332350730895996e-02
2.760532498359680176e-02 5.552005022764205933e-02
2.693809010088443756e-02 5.566291138529777527e-02
2.664072997868061066e-02 5.394768714904785156e-02
2.852008119225502014e-02 5.722080916166305542e-02
2.888957224786281586e-02 5.741169303655624390e-02
2.860055491328239441e-02 5.759100615978240967e-02
2.890600822865962982e-02 5.701227486133575439e-02
2.896280959248542786e-02 5.524933338165283203e-02
2.946640923619270325e-02 5.706467106938362122e-02
2.892161160707473755e-02 6.167822331190109253e-02
2.871237136423587799e-02 5.895197391510009766e-02
2.879074960947036743e-02 5.987634509801864624e-02
2.844732441008090973e-02 5.918221920728683472e-02
2.857471629977226257e-02 5.946834385395050049e-02
2.909932285547256470e-02 6.024278700351715088e-02
2.904693596065044403e-02 6.244070082902908325e-02
2.898391708731651306e-02 6.073239445686340332e-02
2.894762717187404633e-02 6.208602711558341980e-02
2.897516451776027679e-02 6.112156063318252563e-02
2.836451493203639984e-02 6.206142902374267578e-02
2.818425558507442474e-02 5.839005485177040100e-02
2.795345708727836609e-02 5.812939628958702087e-02
2.858372591435909271e-02 5.946755036711692810e-02
2.850319445133209229e-02 5.815806239843368530e-02
2.855641208589076996e-02 6.010191887617111206e-02
2.905500121414661407e-02 6.055309250950813293e-02
2.912526205182075500e-02 6.015726551413536072e-02
2.795625291764736176e-02 5.733880400657653809e-02
2.622063830494880676e-02 5.310513079166412354e-02
2.734771370887756348e-02 5.608415976166725159e-02
2.680337801575660706e-02 5.551986768841743469e-02
2.757051214575767517e-02 5.698993057012557983e-02
2.757011353969573975e-02 5.636221170425415039e-02
2.767783962190151215e-02 5.615341663360595703e-02
2.806237898766994476e-02 5.636711418628692627e-02
2.794382534921169281e-02 5.502827838063240051e-02
2.759111300110816956e-02 5.282061919569969177e-02
2.834347076714038849e-02 5.406967550516128540e-02
2.827971987426280975e-02 5.461279302835464478e-02
2.737937495112419128e-02 5.736204981803894043e-02
2.659435570240020752e-02 5.394442006945610046e-02
2.846608869731426239e-02 5.765224993228912354e-02
2.854962460696697235e-02 5.674705281853675842e-02
2.877933531999588013e-02 5.424715951085090637e-02
2.805167436599731445e-02 5.236487835645675659e-02
2.835173718631267548e-02 5.299335345625877380e-02
2.827548608183860779e-02 5.577527731657028198e-02
2.791270054876804352e-02 5.230338126420974731e-02
2.794737741351127625e-02 5.443163216114044189e-02
2.678149379789829254e-02 5.192680284380912781e-02
2.717008441686630249e-02 5.274219438433647156e-02
2.773924358189105988e-02 5.356284976005554199e-02
2.877474203705787659e-02 5.571368336677551270e-02
2.853778377175331116e-02 5.663919448852539062e-02
2.791863307356834412e-02 5.528763681650161743e-02
2.787538990378379822e-02 5.454611405730247498e-02
2.798205241560935974e-02 5.478462204337120056e-02
2.714467048645019531e-02 5.776116997003555298e-02
2.620734833180904388e-02 5.603971704840660095e-02
2.606885507702827454e-02 5.482883006334304810e-02
2.547971159219741821e-02 5.333811044692993164e-02
2.640213072299957275e-02 5.242326855659484863e-02
2.681640535593032837e-02 5.195576697587966919e-02
2.904186956584453583e-02 5.450134724378585815e-02
2.682487852871417999e-02 4.399061948060989380e-02
2.560603991150856018e-02 5.132318288087844849e-02
2.683319151401519775e-02 4.717883840203285217e-02
2.466515637934207916e-02 5.276722833514213562e-02
2.901187725365161896e-02 4.484742879867553711e-02
2.722345665097236633e-02 4.699061438441276550e-02
3.214065358042716980e-02 3.737615048885345459e-02
2.993338555097579956e-02 4.478960484266281128e-02
2.636943198740482330e-02 5.059064179658889771e-02
2.457297779619693756e-02 3.670793771743774414e-02
2.733213640749454498e-02 4.341681301593780518e-02
2.598792687058448792e-02 4.287183284759521484e-02
2.662260457873344421e-02 4.421427473425865173e-02
2.657483518123626709e-02 4.469223320484161377e-02
2.808733284473419189e-02 5.669541656970977783e-02
2.747754007577896118e-02 5.656409263610839844e-02
2.680874615907669067e-02 4.463515058159828186e-02
2.640048041939735413e-02 4.242079704999923706e-02
2.723306603729724884e-02 5.376847460865974426e-02
2.600146085023880005e-02 4.677492007613182068e-02
2.598511055111885071e-02 4.267430305480957031e-02
2.671638503670692444e-02 4.231090843677520752e-02
2.705765515565872192e-02 4.495618119835853577e-02
2.578034996986389160e-02 4.100756347179412842e-02
2.343852818012237549e-02 6.400024890899658203e-02
2.897229790687561035e-02 5.581425130367279053e-02
2.313765138387680054e-02 3.178519010543823242e-02
2.332836389541625977e-02 3.005247935652732849e-02
2.455887943506240845e-02 3.682711720466613770e-02
2.132908068597316742e-02 2.729075774550437927e-02
2.116966806352138519e-02 3.997063636779785156e-02
2.371626719832420349e-02 3.738875687122344971e-02
2.299335598945617676e-02 3.612701967358589172e-02
2.186357602477073669e-02 1.925669051706790924e-02
2.417086623609066010e-02 3.597000613808631897e-02
2.779100276529788971e-02 5.290986970067024231e-02
2.686600387096405029e-02 4.806259274482727051e-02
2.683104202151298523e-02 4.185767471790313721e-02
2.484269440174102783e-02 4.604863002896308899e-02
2.249075472354888916e-02 4.652499035000801086e-02
2.680724300444126129e-02 5.088808014988899231e-02
2.616483718156814575e-02 5.275842919945716858e-02
2.821117080748081207e-02 5.267926678061485291e-02
2.846845053136348724e-02 5.602875724434852600e-02
2.822077088057994843e-02 5.981433391571044922e-02
2.553191594779491425e-02 5.611005797982215881e-02
3.026958741247653961e-02 5.905812606215476990e-02
2.982143126428127289e-02 6.048980355262756348e-02
2.901498787105083466e-02 6.121241673827171326e-02
2.728052251040935516e-02 5.587539076805114746e-02
2.799583226442337036e-02 6.333350390195846558e-02
2.789351344108581543e-02 6.262187659740447998e-02
2.749382704496383667e-02 6.231122836470603943e-02
2.628082036972045898e-02 5.719235539436340332e-02
2.570825628936290741e-02 6.116525083780288696e-02
2.668670564889907837e-02 5.271523445844650269e-02
2.611914277076721191e-02 5.608588457107543945e-02
2.739392593502998352e-02 5.622987076640129089e-02
2.681101858615875244e-02 5.704099684953689575e-02
2.693230472505092621e-02 6.021818146109580994e-02
2.703471854329109192e-02 5.805632099509239197e-02
2.723254822194576263e-02 5.648080259561538696e-02
2.578394301235675812e-02 5.590983480215072632e-02
2.640085667371749878e-02 6.156099587678909302e-02
2.604007720947265625e-02 5.587444081902503967e-02
2.704252861440181732e-02 5.634006857872009277e-02
2.738304995000362396e-02 5.714085698127746582e-02
2.581585384905338287e-02 5.305947363376617432e-02
2.581587433815002441e-02 5.610570311546325684e-02
2.722376212477684021e-02 4.929698258638381958e-02
2.371446788311004639e-02 4.930876195430755615e-02
2.438140660524368286e-02 4.611210525035858154e-02
2.743135578930377960e-02 5.570844188332557678e-02
2.623248659074306488e-02 4.999406263232231140e-02
2.593140862882137299e-02 5.395814031362533569e-02
2.556813694536685944e-02 5.056130513548851013e-02
2.618888020515441895e-02 5.145749449729919434e-02
2.490146085619926453e-02 4.972819983959197998e-02
2.347120270133018494e-02 4.784017428755760193e-02
2.324927970767021179e-02 4.931910708546638489e-02
2.561602368950843811e-02 5.246656388044357300e-02
2.581552788615226746e-02 5.604453012347221375e-02
2.253045700490474701e-02 4.874562472105026245e-02
2.515910007059574127e-02 5.089121684432029724e-02
2.228252589702606201e-02 4.798969998955726624e-02
2.551021799445152283e-02 5.172940343618392944e-02
2.388580143451690674e-02 4.782992973923683167e-02
1.908722519874572754e-02 4.735749587416648865e-02
2.315464243292808533e-02 4.886412993073463440e-02
2.393134310841560364e-02 5.121999979019165039e-02
2.153854630887508392e-02 5.005263537168502808e-02
2.080434560775756836e-02 5.050672218203544617e-02
2.179852128028869629e-02 5.029197782278060913e-02
2.168470248579978943e-02 4.993975162506103516e-02
2.275282330811023712e-02 5.331863462924957275e-02
2.320789918303489685e-02 5.177080631256103516e-02
2.458068355917930603e-02 5.365305021405220032e-02
2.398212440311908722e-02 4.953253269195556641e-02
2.323820069432258606e-02 5.082854256033897400e-02
2.342358790338039398e-02 4.998454824090003967e-02
2.686679922044277191e-02 5.267983302474021912e-02
2.502978406846523285e-02 5.168873071670532227e-02
2.239228039979934692e-02 4.775685071945190430e-02
2.056767232716083527e-02 4.780475422739982605e-02
2.228721231222152710e-02 4.908276721835136414e-02
2.415561489760875702e-02 5.173943191766738892e-02
2.326255477964878082e-02 5.121221765875816345e-02
2.297283150255680084e-02 4.983660206198692322e-02
2.176556549966335297e-02 4.837089776992797852e-02
2.313562110066413879e-02 5.114870145916938782e-02
2.252253517508506775e-02 4.864354431629180908e-02
2.291662618517875671e-02 4.883178696036338806e-02
2.358609065413475037e-02 4.436096549034118652e-02
2.449664846062660217e-02 5.284700915217399597e-02
2.140243351459503174e-02 4.524640366435050964e-02
2.380179055035114288e-02 4.486354440450668335e-02
2.482068352401256561e-02 4.824659973382949829e-02
2.372056245803833008e-02 5.099990218877792358e-02
2.547850459814071655e-02 5.107103660702705383e-02
2.205237746238708496e-02 4.793987795710563660e-02
2.318258956074714661e-02 4.983485862612724304e-02
2.292145602405071259e-02 4.793525114655494690e-02
2.018825151026248932e-02 4.808492213487625122e-02
1.685352623462677002e-02 4.541266709566116333e-02
1.402400620281696320e-02 4.564028978347778320e-02
1.333162561058998108e-02 4.587013274431228638e-02
1.265252195298671722e-02 4.432846605777740479e-02
2.186820656061172485e-02 5.292790383100509644e-02
2.009911276400089264e-02 4.802379012107849121e-02
1.830215938389301300e-02 4.408592358231544495e-02
2.027492970228195190e-02 4.554682224988937378e-02
2.079686336219310760e-02 4.060228541493415833e-02
1.988795772194862366e-02 4.980133101344108582e-02
2.015566267073154449e-02 4.486018791794776917e-02
2.202687412500381470e-02 4.958563297986984253e-02
2.028068527579307556e-02 4.160298407077789307e-02
1.808572933077812195e-02 4.017568379640579224e-02
2.072400599718093872e-02 5.019328743219375610e-02
1.613819226622581482e-02 3.876704350113868713e-02
2.222238853573799133e-02 5.296278372406959534e-02
2.188104577362537384e-02 4.735780879855155945e-02
2.034762315452098846e-02 4.115432128310203552e-02
2.184715680778026581e-02 4.628111794590950012e-02
2.400752902030944824e-02 5.060987174510955811e-02
2.087044343352317810e-02 4.880511015653610229e-02
1.989176310598850250e-02 4.917465895414352417e-02
2.132352627813816071e-02 4.678123444318771362e-02
2.090549096465110779e-02 4.286713898181915283e-02
2.782294526696205139e-02 5.381284281611442566e-02
2.322420477867126465e-02 4.758760333061218262e-02
2.065534517168998718e-02 4.868929088115692139e-02
2.146463468670845032e-02 4.991323128342628479e-02
2.179748564958572388e-02 4.818769916892051697e-02
2.204065024852752686e-02 5.015206709504127502e-02
2.204368077218532562e-02 5.060067400336265564e-02
2.369672432541847229e-02 5.034747347235679626e-02
2.563541010022163391e-02 5.421461537480354309e-02
2.624852210283279419e-02 5.584868043661117554e-02
2.704064734280109406e-02 5.357950180768966675e-02
2.567682415246963501e-02 4.931573197245597839e-02
2.560898102819919586e-02 4.945163801312446594e-02
2.330658957362174988e-02 4.850433394312858582e-02
2.044105902314186096e-02 4.837905615568161011e-02
2.374866977334022522e-02 4.823192581534385681e-02
2.214272506535053253e-02 5.074406415224075317e-02
2.476161718368530273e-02 5.238514393568038940e-02
2.152768522500991821e-02 5.357832834124565125e-02
2.342854812741279602e-02 5.259721726179122925e-02
2.464742399752140045e-02 5.220418423414230347e-02
2.614466845989227295e-02 5.358453467488288879e-02
2.321405708789825439e-02 5.140860006213188171e-02
2.502675354480743408e-02 5.366043001413345337e-02
2.519421838223934174e-02 5.284443497657775879e-02
2.789180167019367218e-02 5.636507272720336914e-02
2.670610323548316956e-02 5.480357259511947632e-02
2.679545246064662933e-02 5.533781647682189941e-02
2.695065364241600037e-02 5.362226068973541260e-02
2.639786526560783386e-02 5.560449510812759399e-02
2.588996291160583496e-02 5.512043088674545288e-02
2.656957320868968964e-02 5.542638897895812988e-02
2.608729526400566101e-02 5.575714260339736938e-02
2.583441138267517090e-02 5.544697865843772888e-02
2.469716593623161316e-02 4.925793409347534180e-02
2.753400988876819611e-02 5.221284925937652588e-02
2.519573085010051727e-02 5.142977833747863770e-02
2.323267422616481781e-02 5.152303725481033325e-02
2.373453602194786072e-02 5.522703379392623901e-02
2.580134943127632141e-02 5.318157002329826355e-02
2.597161196172237396e-02 5.275973677635192871e-02
2.742807567119598389e-02 5.541644617915153503e-02
2.499908581376075745e-02 5.326686426997184753e-02
2.689372375607490540e-02 6.043104827404022217e-02
2.883293293416500092e-02 5.681539326906204224e-02
3.073500841856002808e-02 5.738296359777450562e-02
3.007176518440246582e-02 5.425410717725753784e-02
2.936910465359687805e-02 5.233798921108245850e-02
2.975708059966564178e-02 5.128329247236251831e-02
2.693403139710426331e-02 5.292470753192901611e-02
2.775173448026180267e-02 5.904255062341690063e-02
2.760833874344825745e-02 6.031055375933647156e-02
2.672690153121948242e-02 5.506537109613418579e-02
2.592639625072479248e-02 5.316693335771560669e-02
2.619587257504463196e-02 5.489398539066314697e-02
2.380952052772045135e-02 5.089507251977920532e-02
2.416197769343852997e-02 5.152738466858863831e-02
2.206928282976150513e-02 4.914969578385353088e-02
2.247579023241996765e-02 4.713351279497146606e-02
2.356298640370368958e-02 4.769178107380867004e-02
2.233474887907505035e-02 4.871153086423873901e-02
2.424510382115840912e-02 5.367190390825271606e-02
2.449754811823368073e-02 4.917302727699279785e-02
2.587384358048439026e-02 5.387118458747863770e-02
2.640928514301776886e-02 5.646895617246627808e-02
2.257598191499710083e-02 5.300708115100860596e-02
2.294115535914897919e-02 5.315533280372619629e-02
2.514354512095451355e-02 5.861187726259231567e-02
2.515260502696037292e-02 5.511091649532318115e-02
9.653432294726371765e-03 2.542026713490486145e-02
4.585441201925277710e-04 1.052824594080448151e-02
1.411669142544269562e-02 3.613726794719696045e-02
1.273922808468341827e-02 2.450008876621723175e-02
2.455788105726242065e-02 5.261202529072761536e-02
2.656056173145771027e-02 5.525266379117965698e-02
2.548597753047943115e-02 5.174842104315757751e-02
2.531778253614902496e-02 4.907240346074104309e-02
2.704570069909095764e-02 5.141622945666313171e-02
2.286110632121562958e-02 4.813837260007858276e-02
2.402267977595329285e-02 5.053412914276123047e-02
2.512828260660171509e-02 5.309521779417991638e-02
2.210636250674724579e-02 4.691708087921142578e-02
1.730770245194435120e-02 3.626714646816253662e-02
2.156626246869564056e-02 3.709039837121963501e-02
2.732720598578453064e-02 5.003479868173599243e-02
2.152942121028900146e-02 4.717614129185676575e-02
2.446121908724308014e-02 5.509036779403686523e-02
2.428181841969490051e-02 5.508650466799736023e-02
2.318900451064109802e-02 5.464200675487518311e-02
2.455014735460281372e-02 5.752497538924217224e-02
1.578508689999580383e-02 3.400207310914993286e-02
2.574941329658031464e-02 4.290785640478134155e-02
1.867707259953022003e-02 3.212915360927581787e-02
2.331773191690444946e-02 4.989612102508544922e-02
