5.070313811302185059e-03 2.849569171667098999e-02
7.813930511474609375e-03 3.259868174791336060e-02
8.667498826980590820e-03 2.937249094247817993e-02
1.154557988047599792e-02 3.803255781531333923e-02
1.489976793527603149e-02 4.473076760768890381e-02
1.146022602915763855e-02 3.521120920777320862e-02
1.407802477478981018e-02 3.323895484209060669e-02
1.820309273898601532e-02 3.349798172712326050e-02
1.901718601584434509e-02 3.502646833658218384e-02
1.867203041911125183e-02 4.402077570557594299e-02
1.916431635618209839e-02 3.788976371288299561e-02
1.796474307775497437e-02 4.049490019679069519e-02
1.240698620676994324e-02 2.673026360571384430e-02
1.020039990544319153e-02 3.179115429520606995e-02
1.630558818578720093e-02 4.050225764513015747e-02
1.415195688605308533e-02 3.696556761860847473e-02
1.305928267538547516e-02 4.030706733465194702e-02
9.373977780342102051e-03 3.355870768427848816e-02
1.485810428857803345e-02 4.291850328445434570e-02
1.794289425015449524e-02 4.710984230041503906e-02
1.575898192822933197e-02 4.863691329956054688e-02
1.491344720125198364e-02 5.049479007720947266e-02
1.275102794170379639e-02 4.608323797583580017e-02
5.824528634548187256e-03 3.838837519288063049e-02
1.013919711112976074e-02 4.668544232845306396e-02
1.129119098186492920e-02 4.085250198841094971e-02
1.670071482658386230e-02 4.347155615687370300e-02
1.344286464154720306e-02 5.071721971035003662e-02
1.662345044314861298e-02 4.918558895587921143e-02
1.252498850226402283e-02 4.668421298265457153e-02
1.961962506175041199e-02 4.462616145610809326e-02
1.067713648080825806e-02 3.628894314169883728e-02
1.029998436570167542e-02 3.716712817549705505e-02
1.765648275613784790e-02 4.462749138474464417e-02
1.685172505676746368e-02 3.826508671045303345e-02
1.850014366209506989e-02 5.132391303777694702e-02
1.988016813993453979e-02 5.159798264503479004e-02
2.010937407612800598e-02 5.323050916194915771e-02
1.763240620493888855e-02 5.232475697994232178e-02
1.689916104078292847e-02 5.243824422359466553e-02
1.737857423722743988e-02 5.029390752315521240e-02
1.878609322011470795e-02 5.026488006114959717e-02
1.663038879632949829e-02 4.801642894744873047e-02
1.870193332433700562e-02 4.575065150856971741e-02
1.445396058261394501e-02 4.413604736328125000e-02
1.164766773581504822e-02 3.993991762399673462e-02
1.218734309077262878e-02 4.901845753192901611e-02
1.195355691015720367e-02 4.907980561256408691e-02
1.001438684761524200e-02 4.744533449411392212e-02
1.289459317922592163e-02 4.754403233528137207e-02
8.383922278881072998e-03 4.273628070950508118e-02
8.779045194387435913e-03 4.436841607093811035e-02
7.200747728347778320e-03 4.050229862332344055e-02
8.663710206747055054e-03 4.213604703545570374e-02
7.694546133279800415e-03 4.022600501775741577e-02
5.611225962638854980e-03 3.090993687510490417e-02
6.218843162059783936e-03 3.430963680148124695e-02
7.669880986213684082e-03 3.118204884231090546e-02
5.319908261299133301e-03 3.391622379422187805e-02
5.052868276834487915e-03 2.923300676047801971e-02
4.335859790444374084e-03 3.371358290314674377e-02
4.173263907432556152e-03 3.220263123512268066e-02
5.753885954618453979e-03 3.023090213537216187e-02
3.907140344381332397e-03 3.008902631700038910e-02
5.291281268000602722e-03 3.395125269889831543e-02
6.045330315828323364e-03 3.595419973134994507e-02
8.148416876792907715e-03 3.438401222229003906e-02
5.318081006407737732e-03 3.239126130938529968e-02
9.528078138828277588e-03 3.776204213500022888e-02
4.418369382619857788e-03 3.482829406857490540e-02
6.001219153404235840e-03 3.756195306777954102e-02
8.591137826442718506e-03 3.269426152110099792e-02
6.627893075346946716e-03 3.726650774478912354e-02
6.958382204174995422e-03 3.351099044084548950e-02
6.718941032886505127e-03 3.590607643127441406e-02
8.325610309839248657e-03 3.764880448579788208e-02
6.472975015640258789e-03 3.637244179844856262e-02
5.588795989751815796e-03 3.537513688206672668e-02
5.161577835679054260e-03 3.327779844403266907e-02
5.039013922214508057e-03 3.240271285176277161e-02
7.528804242610931396e-03 3.459228947758674622e-02
7.131425663828849792e-03 3.397071734070777893e-02
9.985504671931266785e-03 3.417116776108741760e-02
1.210235804319381714e-02 3.912033140659332275e-02
7.823660969734191895e-03 3.666657581925392151e-02
8.844235911965370178e-03 3.546982631087303162e-02
9.429957717657089233e-03 3.955842927098274231e-02
1.290711387991905212e-02 3.886331990361213684e-02
1.045363396406173706e-02 3.782186657190322876e-02
1.037593930959701538e-02 3.748834505677223206e-02
1.155618205666542053e-02 3.482990711927413940e-02
1.225970685482025146e-02 3.605439886450767517e-02
1.086182892322540283e-02 3.424892202019691467e-02
8.794650435447692871e-03 3.531556949019432068e-02
1.147557981312274933e-02 3.506732732057571411e-02
1.345354691147804260e-02 3.381819650530815125e-02
1.415599510073661804e-02 3.617124632000923157e-02
7.570166140794754028e-03 3.187610581517219543e-02
9.670995175838470459e-03 3.330882266163825989e-02
9.582076221704483032e-03 3.334068506956100464e-02
9.753577411174774170e-03 3.059070557355880737e-02
9.475771337747573853e-03 3.138010203838348389e-02
1.168903708457946777e-02 3.495775908231735229e-02
1.227936334908008575e-02 3.636582940816879272e-02
1.512194052338600159e-02 3.199360892176628113e-02
1.342189498245716095e-02 3.673680499196052551e-02
1.716374978423118591e-02 2.455873042345046997e-02
1.503422111272811890e-02 3.350695967674255371e-02
1.780390366911888123e-02 3.353086858987808228e-02
1.333762332797050476e-02 3.163601458072662354e-02
1.858760416507720947e-02 3.743451461195945740e-02
1.588443294167518616e-02 3.506429120898246765e-02
1.384657993912696838e-02 3.098881430923938751e-02
1.491919159889221191e-02 3.071355447173118591e-02
1.255914196372032166e-02 3.326887637376785278e-02
1.463667675852775574e-02 2.864510379731655121e-02
1.430753618478775024e-02 2.781954035162925720e-02
1.545174978673458099e-02 2.554360032081604004e-02
1.426069624722003937e-02 3.260037302970886230e-02
1.408471912145614624e-02 2.784172818064689636e-02
1.566033065319061279e-02 2.622335590422153473e-02
1.487661525607109070e-02 2.723857760429382324e-02
1.354246586561203003e-02 3.340103849768638611e-02
1.501304097473621368e-02 2.672547474503517151e-02
1.619618758559226990e-02 2.769932523369789124e-02
1.509598270058631897e-02 2.610770985484123230e-02
1.582157611846923828e-02 2.614595182240009308e-02
1.706444472074508667e-02 3.322198987007141113e-02
1.964300125837326050e-02 3.212666139006614685e-02
1.653798855841159821e-02 3.138494491577148438e-02
1.709428988397121429e-02 3.008479624986648560e-02
1.564312726259231567e-02 2.950150892138481140e-02
1.551887765526771545e-02 2.583450637757778168e-02
1.455852389335632324e-02 2.550904452800750732e-02
1.372057944536209106e-02 2.486468106508255005e-02
1.617152988910675049e-02 2.887088246643543243e-02
1.422234252095222473e-02 2.834021300077438354e-02
1.366473734378814697e-02 2.278320118784904480e-02
1.475852727890014648e-02 2.857118658721446991e-02
1.571206934750080109e-02 2.671444602310657501e-02
1.428542099893093109e-02 3.065007925033569336e-02
1.466789469122886658e-02 2.747842855751514435e-02
1.459438353776931763e-02 3.171529248356819153e-02
1.613067463040351868e-02 3.081606887280941010e-02
1.641040481626987457e-02 3.162851557135581970e-02
1.760073564946651459e-02 3.253683447837829590e-02
1.804439350962638855e-02 2.930651418864727020e-02
1.608991622924804688e-02 3.012276254594326019e-02
1.750745624303817749e-02 2.941038273274898529e-02
1.745230145752429962e-02 3.430590406060218811e-02
1.692558825016021729e-02 3.202085942029953003e-02
2.020746842026710510e-02 3.266564011573791504e-02
1.710035838186740875e-02 3.077391721308231354e-02
1.549120526760816574e-02 2.895270287990570068e-02
1.564827747642993927e-02 2.713581174612045288e-02
1.656342484056949615e-02 2.641350775957107544e-02
1.735183037817478180e-02 2.675629034638404846e-02
1.756200194358825684e-02 2.638400718569755554e-02
1.557877566665410995e-02 2.965889871120452881e-02
1.467449218034744263e-02 2.721036225557327271e-02
1.444346830248832703e-02 2.903304249048233032e-02
1.469289511442184448e-02 2.788858301937580109e-02
1.491242833435535431e-02 2.567594498395919800e-02
1.593359187245368958e-02 2.417380735278129578e-02
1.404912024736404419e-02 2.101678028702735901e-02
1.757514849305152893e-02 2.549631521105766296e-02
1.723406463861465454e-02 2.605943009257316589e-02
1.858585886657238007e-02 2.651863172650337219e-02
1.577827148139476776e-02 2.598319016396999359e-02
1.351263001561164856e-02 2.191398106515407562e-02
1.310793124139308929e-02 2.423474565148353577e-02
1.289412565529346466e-02 2.257611602544784546e-02
1.407492160797119141e-02 2.687378600239753723e-02
1.268046721816062927e-02 2.457186952233314514e-02
1.238048449158668518e-02 2.921721898019313812e-02
1.365522295236587524e-02 2.860989235341548920e-02
1.265353336930274963e-02 2.805793657898902893e-02
1.323726773262023926e-02 2.888500131666660309e-02
1.185470074415206909e-02 2.760806307196617126e-02
1.355311274528503418e-02 3.083796426653862000e-02
1.431332528591156006e-02 2.972077578306198120e-02
1.414476335048675537e-02 2.848724275827407837e-02
1.522566378116607666e-02 2.942432090640068054e-02
1.615541987121105194e-02 2.672745846211910248e-02
1.620510779321193695e-02 2.737144567072391510e-02
1.617754995822906494e-02 2.726067788898944855e-02
1.599013432860374451e-02 3.008054941892623901e-02
1.500560157001018524e-02 2.829602546989917755e-02
1.371411979198455811e-02 3.147330507636070251e-02
1.469396241009235382e-02 2.695870585739612579e-02
1.540879905223846436e-02 3.011184558272361755e-02
1.444720104336738586e-02 2.749964222311973572e-02
1.452820375561714172e-02 2.485145628452301025e-02
1.514216139912605286e-02 2.676690369844436646e-02
1.355095580220222473e-02 2.438446320593357086e-02
1.225208491086959839e-02 2.589643560349941254e-02
1.161509938538074493e-02 2.589167654514312744e-02
1.262104138731956482e-02 3.020383045077323914e-02
1.129668578505516052e-02 2.650980837643146515e-02
1.237206906080245972e-02 2.628173865377902985e-02
1.369868032634258270e-02 3.074391372501850128e-02
1.370964199304580688e-02 2.780134975910186768e-02
1.426558569073677063e-02 2.536247298121452332e-02
1.304586976766586304e-02 2.842039987444877625e-02
1.512406021356582642e-02 2.332377620041370392e-02
1.218150928616523743e-02 2.795916050672531128e-02
1.451255567371845245e-02 2.708537876605987549e-02
1.471370086073875427e-02 2.742273919284343719e-02
1.613810099661350250e-02 3.190523758530616760e-02
1.366786845028400421e-02 3.009999729692935944e-02
1.282524317502975464e-02 2.672479674220085144e-02
1.249409466981887817e-02 2.707968093454837799e-02
1.121457293629646301e-02 2.623325027525424957e-02
1.115173846483230591e-02 2.987759560346603394e-02
1.257587596774101257e-02 2.794287353754043579e-02
1.447622291743755341e-02 2.417295053601264954e-02
1.226898841559886932e-02 2.772578038275241852e-02
1.567898504436016083e-02 2.925827167928218842e-02
1.479495130479335785e-02 3.063724748790264130e-02
1.528778299689292908e-02 2.805669978260993958e-02
1.686505787074565887e-02 2.731383591890335083e-02
1.892651431262493134e-02 3.050901927053928375e-02
1.663187518715858459e-02 3.091253899037837982e-02
1.564502343535423279e-02 2.924305759370326996e-02
2.035075426101684570e-02 3.137314692139625549e-02
1.754773594439029694e-02 3.064103424549102783e-02
1.668765582144260406e-02 3.198036551475524902e-02
1.960326917469501495e-02 3.247815370559692383e-02
1.786217465996742249e-02 3.008913435041904449e-02
1.831450127065181732e-02 3.252169862389564514e-02
1.749596744775772095e-02 2.727816067636013031e-02
2.066449634730815887e-02 2.865793369710445404e-02
1.890526153147220612e-02 2.859380468726158142e-02
1.876845955848693848e-02 3.389040380716323853e-02
1.962748914957046509e-02 3.000038303434848785e-02
1.743814907968044281e-02 3.654210641980171204e-02
1.913206651806831360e-02 3.249829262495040894e-02
1.614548638463020325e-02 2.785663865506649017e-02
1.931945420801639557e-02 3.172264248132705688e-02
1.973963342607021332e-02 2.941049449145793915e-02
1.965576782822608948e-02 2.814110741019248962e-02
2.215459384024143219e-02 2.965432778000831604e-02
2.097063884139060974e-02 2.608200907707214355e-02
2.099928632378578186e-02 3.134133294224739075e-02
2.098675817251205444e-02 2.770818211138248444e-02
1.944754272699356079e-02 2.526312135159969330e-02
1.912483945488929749e-02 2.737487852573394775e-02
2.029744908213615417e-02 2.997175604104995728e-02
2.007257565855979919e-02 2.759702876210212708e-02
2.027101442217826843e-02 2.874320372939109802e-02
1.852213963866233826e-02 2.994493953883647919e-02
2.006315998733043671e-02 2.733719721436500549e-02
1.872455142438411713e-02 2.830715477466583252e-02
1.995915360748767853e-02 2.992061898112297058e-02
1.577499508857727051e-02 2.930314466357231140e-02
1.796431280672550201e-02 3.271509334444999695e-02
1.727824285626411438e-02 2.638008259236812592e-02
2.381058782339096069e-02 2.747535891830921173e-02
2.006809785962104797e-02 3.320164233446121216e-02
1.777620427310466766e-02 3.151924908161163330e-02
1.898971572518348694e-02 3.160939738154411316e-02
2.154526859521865845e-02 2.822009846568107605e-02
1.968882419168949127e-02 2.793260291218757629e-02
1.878173090517520905e-02 3.323670104146003723e-02
1.776315644383430481e-02 2.942141704261302948e-02
1.894945278763771057e-02 2.703022956848144531e-02
2.069599926471710205e-02 3.317804634571075439e-02
1.573359966278076172e-02 2.862303331494331360e-02
1.916217803955078125e-02 3.618015721440315247e-02
1.424912177026271820e-02 2.841128408908843994e-02
1.526476815342903137e-02 2.644598297774791718e-02
1.554562151432037354e-02 3.311698511242866516e-02
1.647648587822914124e-02 2.851877734065055847e-02
1.578588038682937622e-02 2.698556147515773773e-02
1.432300731539726257e-02 2.721301466226577759e-02
6.054069846868515015e-03 3.849193453788757324e-02
9.748524054884910583e-03 3.437941521406173706e-02
1.036148518323898315e-02 3.821359202265739441e-02
1.085195876657962799e-02 3.672868758440017700e-02
1.572822406888008118e-02 3.181838989257812500e-02
1.497680135071277618e-02 3.403186053037643433e-02
1.621512323617935181e-02 3.478080034255981445e-02
1.694498956203460693e-02 3.340840339660644531e-02
1.708533801138401031e-02 3.299662843346595764e-02
1.511769369244575500e-02 3.216442838311195374e-02
1.796312630176544189e-02 3.487051650881767273e-02
1.631664857268333435e-02 3.674221783876419067e-02
1.651969365775585175e-02 3.401348367333412170e-02
1.530629396438598633e-02 3.733623027801513672e-02
1.830830611288547516e-02 3.881495073437690735e-02
1.522597670555114746e-02 3.685122728347778320e-02
1.843197643756866455e-02 3.611999377608299255e-02
1.637450233101844788e-02 3.682217001914978027e-02
1.532942056655883789e-02 3.627489507198333740e-02
1.600468903779983521e-02 3.307544812560081482e-02
1.290873810648918152e-02 3.302995860576629639e-02
1.197791099548339844e-02 2.976159751415252686e-02
1.151571609079837799e-02 3.161258623003959656e-02
1.169846206903457642e-02 3.199046850204467773e-02
1.274022646248340607e-02 3.460828587412834167e-02
1.564626023173332214e-02 3.617200255393981934e-02
1.415841840207576752e-02 3.664618358016014099e-02
1.334127597510814667e-02 3.289854526519775391e-02
1.324087381362915039e-02 3.073272109031677246e-02
1.001877337694168091e-02 2.952834963798522949e-02
1.348941773176193237e-02 2.687499299645423889e-02
1.250222325325012207e-02 2.694214507937431335e-02
1.229340024292469025e-02 2.959648333489894867e-02
1.152008771896362305e-02 3.205731138586997986e-02
1.274054497480392456e-02 2.706300839781761169e-02
1.347228884696960449e-02 3.037111461162567139e-02
1.430712826550006866e-02 3.139473497867584229e-02
1.570503227412700653e-02 3.142913058400154114e-02
1.574717462062835693e-02 3.521716594696044922e-02
1.566481962800025940e-02 3.284471109509468079e-02
1.796366460621356964e-02 3.183241933584213257e-02
1.521651074290275574e-02 3.163529559969902039e-02
1.541746035218238831e-02 2.724091336131095886e-02
1.637403853237628937e-02 2.817552350461483002e-02
1.489403471350669861e-02 2.838237211108207703e-02
1.725348271429538727e-02 2.829348854720592499e-02
2.067087218165397644e-02 3.353489190340042114e-02
2.016548439860343933e-02 3.208123147487640381e-02
2.096685022115707397e-02 3.187451511621475220e-02
1.875340938568115234e-02 3.294724225997924805e-02
2.062182314693927765e-02 3.117797710001468658e-02
1.829927787184715271e-02 2.852072007954120636e-02
1.644450053572654724e-02 2.981466799974441528e-02
1.822427660226821899e-02 2.836320549249649048e-02
1.885657198727130890e-02 2.740971744060516357e-02
1.744223386049270630e-02 3.170297294855117798e-02
1.800278574228286743e-02 3.092318214476108551e-02
1.782282628118991852e-02 2.906771376729011536e-02
2.012367919087409973e-02 3.267404064536094666e-02
2.114024385809898376e-02 3.419342264533042908e-02
2.088690549135208130e-02 3.500202670693397522e-02
2.148131281137466431e-02 3.234770148992538452e-02
1.709898002445697784e-02 2.757129818201065063e-02
2.007787302136421204e-02 3.424855694174766541e-02
1.949791237711906433e-02 3.115650080144405365e-02
1.941415108740329742e-02 2.933652326464653015e-02
1.534858718514442444e-02 2.958019450306892395e-02
1.330480724573135376e-02 2.949145063757896423e-02
1.725276000797748566e-02 2.953404560685157776e-02
1.864285953342914581e-02 3.035871684551239014e-02
1.919296756386756897e-02 2.989420667290687561e-02
2.099352516233921051e-02 3.369938954710960388e-02
1.919777318835258484e-02 3.041070513427257538e-02
1.916400343179702759e-02 2.883583307266235352e-02
1.773987710475921631e-02 2.925926819443702698e-02
2.149192243814468384e-02 2.936139330267906189e-02
2.122915536165237427e-02 3.515243902802467346e-02
2.038565836846828461e-02 3.343574330210685730e-02
1.918035373091697693e-02 3.215671703219413757e-02
1.791509240865707397e-02 3.023651801049709320e-02
1.999310776591300964e-02 3.441467881202697754e-02
1.898169144988059998e-02 3.065871819853782654e-02
1.603999361395835876e-02 2.948342263698577881e-02
1.593738980591297150e-02 2.899771928787231445e-02
1.567970775067806244e-02 3.145426511764526367e-02
1.679701544344425201e-02 2.868983708322048187e-02
1.559182256460189819e-02 2.426737733185291290e-02
1.585230045020580292e-02 2.739043906331062317e-02
1.634234562516212463e-02 2.863803878426551819e-02
1.546916365623474121e-02 2.752132527530193329e-02
1.882255077362060547e-02 3.589539229869842529e-02
1.761439815163612366e-02 3.186671063303947449e-02
1.393694430589675903e-02 2.832793071866035461e-02
1.607528701424598694e-02 3.070282749831676483e-02
1.610323041677474976e-02 3.173132613301277161e-02
1.643787883222103119e-02 3.309554234147071838e-02
1.517364010214805603e-02 2.844661101698875427e-02
1.473314687609672546e-02 2.951748855412006378e-02
1.355178654193878174e-02 2.835300937294960022e-02
1.288746483623981476e-02 3.400611877441406250e-02
1.411806792020797729e-02 3.121269121766090393e-02
1.407286524772644043e-02 3.109599649906158447e-02
1.438384316861629486e-02 3.319390863180160522e-02
1.542449928820133209e-02 4.067433625459671021e-02
1.415433734655380249e-02 2.731648832559585571e-02
1.344632171094417572e-02 2.798797935247421265e-02
1.411487907171249390e-02 2.829043939709663391e-02
1.542898267507553101e-02 2.841527014970779419e-02
1.443875767290592194e-02 2.947420440614223480e-02
1.327266171574592590e-02 3.098481148481369019e-02
1.575307548046112061e-02 2.808890305459499359e-02
1.360656879842281342e-02 3.214298188686370850e-02
1.243973337113857269e-02 2.891350723803043365e-02
1.315312087535858154e-02 2.976042218506336212e-02
1.171027868986129761e-02 3.183061629533767700e-02
1.211402565240859985e-02 3.228122368454933167e-02
1.287441700696945190e-02 3.469219803810119629e-02
1.204291731119155884e-02 3.207023441791534424e-02
1.295838505029678345e-02 3.079145587980747223e-02
1.463572308421134949e-02 3.581165522336959839e-02
1.505037210881710052e-02 3.281496092677116394e-02
1.481745764613151550e-02 3.332231938838958740e-02
1.395518518984317780e-02 3.549263998866081238e-02
1.573709771037101746e-02 3.487467765808105469e-02
1.499843411147594452e-02 3.353878483176231384e-02
1.557078957557678223e-02 3.497609868645668030e-02
1.574567705392837524e-02 3.593265265226364136e-02
1.718245446681976318e-02 3.675628826022148132e-02
1.628623344004154205e-02 3.447513282299041748e-02
1.713151112198829651e-02 3.398766741156578064e-02
1.932622119784355164e-02 3.763061761856079102e-02
1.632447913289070129e-02 3.551748022437095642e-02
1.576002687215805054e-02 3.261147812008857727e-02
1.518344879150390625e-02 2.958302572369575500e-02
1.480034738779067993e-02 3.258183225989341736e-02
1.283698715269565582e-02 3.319932892918586731e-02
1.379227451980113983e-02 3.364114463329315186e-02
1.674271747469902039e-02 3.548561409115791321e-02
1.588827744126319885e-02 2.985524386167526245e-02
1.430343091487884521e-02 3.132471069693565369e-02
1.310375705361366272e-02 3.315925225615501404e-02
1.615483872592449188e-02 3.444998711347579956e-02
1.562941633164882660e-02 3.506254404783248901e-02
1.336950436234474182e-02 3.325183689594268799e-02
1.301876455545425415e-02 3.515568375587463379e-02
1.468006335198879242e-02 3.917200863361358643e-02
1.376214809715747833e-02 3.418436646461486816e-02
1.400654017925262451e-02 3.601988404989242554e-02
1.343679986894130707e-02 3.466342389583587646e-02
1.264688372611999512e-02 3.884556144475936890e-02
1.407872140407562256e-02 3.638025000691413879e-02
1.486281678080558777e-02 3.702808171510696411e-02
1.441238820552825928e-02 3.487660363316535950e-02
1.400235295295715332e-02 3.583524748682975769e-02
1.280903071165084839e-02 3.688893839716911316e-02
1.509059593081474304e-02 3.111916780471801758e-02
1.483311317861080170e-02 3.226026892662048340e-02
1.626073382794857025e-02 3.073469363152980804e-02
1.823927834630012512e-02 3.718161210417747498e-02
1.658298075199127197e-02 3.719354793429374695e-02
1.877727173268795013e-02 3.770271316170692444e-02
1.658812910318374634e-02 4.026463255286216736e-02
1.394199579954147339e-02 3.380560874938964844e-02
1.334594935178756714e-02 3.481046110391616821e-02
1.373791322112083435e-02 3.531618043780326843e-02
1.795043051242828369e-02 3.289632126688957214e-02
1.506588794291019440e-02 3.365665674209594727e-02
1.500180922448635101e-02 3.476341068744659424e-02
1.649946346879005432e-02 3.855703026056289673e-02
1.695485413074493408e-02 3.921409323811531067e-02
1.397865638136863708e-02 3.702751174569129944e-02
1.326578855514526367e-02 3.522998094558715820e-02
1.267157122492790222e-02 3.885681554675102234e-02
1.188172399997711182e-02 3.758811950683593750e-02
1.190937310457229614e-02 3.849599510431289673e-02
1.200214773416519165e-02 3.497712686657905579e-02
1.004856824874877930e-02 3.280003368854522705e-02
1.260395348072052002e-02 3.747391700744628906e-02
1.177553460001945496e-02 3.540346398949623108e-02
1.382509246468544006e-02 3.413000330328941345e-02
1.506569981575012207e-02 3.282058984041213989e-02
1.677130348980426788e-02 3.334084525704383850e-02
1.731944456696510315e-02 3.066400066018104553e-02
1.404352486133575439e-02 2.702954038977622986e-02
1.648631691932678223e-02 3.058140166103839874e-02
1.567007973790168762e-02 3.048050962388515472e-02
1.606044173240661621e-02 2.646993845701217651e-02
1.628332957625389099e-02 2.955662831664085388e-02
1.721796765923500061e-02 3.003115765750408173e-02
1.697667315602302551e-02 2.888799272477626801e-02
1.653378456830978394e-02 3.003782033920288086e-02
1.614822074770927429e-02 2.980661392211914062e-02
1.698293723165988922e-02 2.899415418505668640e-02
1.797058992087841034e-02 3.253181651234626770e-02
1.722913607954978943e-02 3.338517993688583374e-02
1.561353076249361038e-02 2.921249531209468842e-02
1.376330479979515076e-02 2.642714604735374451e-02
1.513568684458732605e-02 2.777557075023651123e-02
1.484612002968788147e-02 3.406465426087379456e-02
1.476521790027618408e-02 3.400542959570884705e-02
1.506263390183448792e-02 3.328905999660491943e-02
1.418470963835716248e-02 3.381294012069702148e-02
1.469467207789421082e-02 3.315289691090583801e-02
1.554328203201293945e-02 3.485312685370445251e-02
1.528895273804664612e-02 3.544269874691963196e-02
1.432413980364799500e-02 3.252147510647773743e-02
1.413749903440475464e-02 3.376684710383415222e-02
1.763229817152023315e-02 3.255393356084823608e-02
1.485773921012878418e-02 2.969816885888576508e-02
1.268277876079082489e-02 2.755811437964439392e-02
1.419912651181221008e-02 2.811659500002861023e-02
1.269418746232986450e-02 2.851026132702827454e-02
1.261836662888526917e-02 2.826934680342674255e-02
1.526342518627643585e-02 3.301160410046577454e-02
1.563599519431591034e-02 3.383202105760574341e-02
1.556362491101026535e-02 2.968605794012546539e-02
1.638076268136501312e-02 3.011488541960716248e-02
1.536548696458339691e-02 3.134628757834434509e-02
1.573149114847183228e-02 3.060008585453033447e-02
1.430447027087211609e-02 2.839134261012077332e-02
1.348366588354110718e-02 2.811531722545623779e-02
1.521851867437362671e-02 2.856928482651710510e-02
1.626462116837501526e-02 3.505363687872886658e-02
1.401983574032783508e-02 3.022637404501438141e-02
1.479217410087585449e-02 3.219260647892951965e-02
1.493310742080211639e-02 2.907880209386348724e-02
1.612769067287445068e-02 2.608068287372589111e-02
1.440224237740039825e-02 2.722022309899330139e-02
1.324289105832576752e-02 2.755967341363430023e-02
1.431978121399879456e-02 2.884127199649810791e-02
1.680237799882888794e-02 2.960791997611522675e-02
1.502558775246143341e-02 2.874679490923881531e-02
1.441754028201103210e-02 2.520008012652397156e-02
1.589427143335342407e-02 2.640646882355213165e-02
1.574619114398956299e-02 2.706808596849441528e-02
1.633133925497531891e-02 2.982026524841785431e-02
1.500831358134746552e-02 2.643506601452827454e-02
1.485379040241241455e-02 2.934801019728183746e-02
1.686862111091613770e-02 2.999448031187057495e-02
1.695859432220458984e-02 3.085759654641151428e-02
1.791814342141151428e-02 2.983520366251468658e-02
1.765878871083259583e-02 2.763577178120613098e-02
1.921382732689380646e-02 3.084965422749519348e-02
2.034833654761314392e-02 2.778309956192970276e-02
1.886345446109771729e-02 2.581392973661422729e-02
2.091273665428161621e-02 2.517870813608169556e-02
2.141216583549976349e-02 2.713366597890853882e-02
2.106937952339649200e-02 2.343330159783363342e-02
1.910554803907871246e-02 2.450474724173545837e-02
1.997683010995388031e-02 2.273505553603172302e-02
1.590265333652496338e-02 2.283965051174163818e-02
1.851745508611202240e-02 2.223828993737697601e-02
1.678219810128211975e-02 2.362404949963092804e-02
1.901599019765853882e-02 2.721634507179260254e-02
1.955000311136245728e-02 2.549422159790992737e-02
1.880727522075176239e-02 3.033525869250297546e-02
1.842004992067813873e-02 2.423403784632682800e-02
1.632710173726081848e-02 2.822579815983772278e-02
1.801613345742225647e-02 2.800433337688446045e-02
1.983756758272647858e-02 3.018800914287567139e-02
1.971921883523464203e-02 3.217874094843864441e-02
1.657759025692939758e-02 3.100947104394435883e-02
1.779224164783954620e-02 3.312835469841957092e-02
1.732865162193775177e-02 3.346782550215721130e-02
1.152863539755344391e-02 3.954045474529266357e-02
1.127072237432003021e-02 3.951958566904067993e-02
1.041846349835395813e-02 4.024495184421539307e-02
7.526345551013946533e-03 3.752246499061584473e-02
8.486766368150711060e-03 4.096068069338798523e-02
9.375082328915596008e-03 4.177980870008468628e-02
9.533356875181198120e-03 3.914074599742889404e-02
1.171816885471343994e-02 4.140604287385940552e-02
1.111553236842155457e-02 4.420114308595657349e-02
1.047775149345397949e-02 4.471000283956527710e-02
1.024164818227291107e-02 4.021764919161796570e-02
9.061750024557113647e-03 3.696672618389129639e-02
7.129805162549018860e-03 3.545614704489707947e-02
6.304543465375900269e-03 3.748355805873870850e-02
6.825748831033706665e-03 3.435921669006347656e-02
6.687145680189132690e-03 3.472286835312843323e-02
6.713470444083213806e-03 3.659258410334587097e-02
6.096199154853820801e-03 3.524022549390792847e-02
6.700549274682998657e-03 3.286057338118553162e-02
5.276683717966079712e-03 3.505690768361091614e-02
6.686115637421607971e-03 3.587870299816131592e-02
5.243450403213500977e-03 3.450918570160865784e-02
5.943102762103080750e-03 3.188890218734741211e-02
4.667682573199272156e-03 3.052571788430213928e-02
5.288250744342803955e-03 3.239313140511512756e-02
4.607249051332473755e-03 3.133216500282287598e-02
4.266243427991867065e-03 3.204664587974548340e-02
6.048044189810752869e-03 3.032492846250534058e-02
5.086945369839668274e-03 3.228409960865974426e-02
4.003409296274185181e-03 3.213941678404808044e-02
4.820641130208969116e-03 2.995408512651920319e-02
6.174035370349884033e-03 2.999223209917545319e-02
6.183706223964691162e-03 3.096208535134792328e-02
5.976904183626174927e-03 2.940631471574306488e-02
7.109526544809341431e-03 2.770196832716464996e-02
9.034294635057449341e-03 3.089617192745208740e-02
5.901137366890907288e-03 3.080995194613933563e-02
7.473658770322799683e-03 3.026890009641647339e-02
8.277820423245429993e-03 2.979595400393009186e-02
6.689216941595077515e-03 3.111705183982849121e-02
5.940217524766921997e-03 3.229788690805435181e-02
7.246803492307662964e-03 3.186265379190444946e-02
6.463196128606796265e-03 2.957971021533012390e-02
5.467444658279418945e-03 3.132726624608039856e-02
6.167404353618621826e-03 2.978722192347049713e-02
5.095921456813812256e-03 3.020130656659603119e-02
4.826907068490982056e-03 3.041641600430011749e-02
6.666125729680061340e-03 3.059699945151805878e-02
8.199976757168769836e-03 3.212604671716690063e-02
7.464319467544555664e-03 3.066440299153327942e-02
6.846267729997634888e-03 2.731057256460189819e-02
8.600600063800811768e-03 2.602588012814521790e-02
9.535374119877815247e-03 2.655390650033950806e-02
9.297894313931465149e-03 2.768273837864398956e-02
9.422520175576210022e-03 2.938587218523025513e-02
8.339613676071166992e-03 2.806728333234786987e-02
1.111701875925064087e-02 3.100907988846302032e-02
9.734768420457839966e-03 2.918228134512901306e-02
1.078001596033573151e-02 3.050215728580951691e-02
1.168326660990715027e-02 3.133603185415267944e-02
1.116600632667541504e-02 3.076802194118499756e-02
1.277097687125205994e-02 3.158703818917274475e-02
1.261014677584171295e-02 2.674557827413082123e-02
1.692731119692325592e-02 2.996393106877803802e-02
1.565325632691383362e-02 2.958407253026962280e-02
1.677565835416316986e-02 2.847188338637351990e-02
1.782729290425777435e-02 2.894570305943489075e-02
1.732255890965461731e-02 3.006961196660995483e-02
1.605524867773056030e-02 2.635406889021396637e-02
1.514414697885513306e-02 2.548320218920707703e-02
1.264357566833496094e-02 2.684503607451915741e-02
1.418084837496280670e-02 2.688076347112655640e-02
1.237142458558082581e-02 2.827354148030281067e-02
1.238311454653739929e-02 3.234931826591491699e-02
1.235977001488208771e-02 2.931600436568260193e-02
1.238633692264556885e-02 3.120793588459491730e-02
1.529915258288383484e-02 2.974909916520118713e-02
1.950266398489475250e-02 2.872885763645172119e-02
1.947183907032012939e-02 2.470241114497184753e-02
1.625049859285354614e-02 2.391457371413707733e-02
1.523109897971153259e-02 2.564795129001140594e-02
1.851858384907245636e-02 2.655690535902976990e-02
1.782400719821453094e-02 2.772113867104053497e-02
2.001653052866458893e-02 2.883523516356945038e-02
1.644504815340042114e-02 3.007675707340240479e-02
1.318193972110748291e-02 3.288245946168899536e-02
1.383806020021438599e-02 3.094584681093692780e-02
1.466836407780647278e-02 3.206572309136390686e-02
1.114659383893013000e-02 3.260766714811325073e-02
1.163711026310920715e-02 3.260691463947296143e-02
1.283219829201698303e-02 3.431066870689392090e-02
1.232363656163215637e-02 3.756016492843627930e-02
1.339045166969299316e-02 3.692816942930221558e-02
1.507031172513961792e-02 4.037606716156005859e-02
1.358896680176258087e-02 3.508451208472251892e-02
1.135609298944473267e-02 3.136107698082923889e-02
1.210499927401542664e-02 3.467495739459991455e-02
1.125223189592361450e-02 3.369038179516792297e-02
1.452643424272537231e-02 3.763550519943237305e-02
1.486589573323726654e-02 4.136380553245544434e-02
1.879552565515041351e-02 4.158537834882736206e-02
1.814836636185646057e-02 3.895393013954162598e-02
1.574410498142242432e-02 4.451832920312881470e-02
1.656104251742362976e-02 4.442112892866134644e-02
1.558886468410491943e-02 4.336107894778251648e-02
1.431561447679996490e-02 4.464497789740562439e-02
1.643851213157176971e-02 4.572677612304687500e-02
1.660202257335186005e-02 4.602605849504470825e-02
1.324653625488281250e-02 4.064131528139114380e-02
1.582598127424716949e-02 4.215940088033676147e-02
1.474942080676555634e-02 4.288605973124504089e-02
1.703621819615364075e-02 4.540359973907470703e-02
1.847628504037857056e-02 4.787617176771163940e-02
1.858515106141567230e-02 4.480769485235214233e-02
1.925037428736686707e-02 4.492636770009994507e-02
1.997181214392185211e-02 4.425915330648422241e-02
1.877805590629577637e-02 4.475622624158859253e-02
1.842486858367919922e-02 4.159165918827056885e-02
1.953923888504505157e-02 4.513040930032730103e-02
1.913363113999366760e-02 4.434444382786750793e-02
1.972518675029277802e-02 4.305895790457725525e-02
1.822252757847309113e-02 4.518005996942520142e-02
1.909100078046321869e-02 4.745839163661003113e-02
1.898914948105812073e-02 4.531620070338249207e-02
2.044646441936492920e-02 4.399755224585533142e-02
1.587207987904548645e-02 3.787911310791969299e-02
1.560999080538749695e-02 3.875875845551490784e-02
1.359127089381217957e-02 3.930949419736862183e-02
1.735410466790199280e-02 4.504909366369247437e-02
1.617213711142539978e-02 4.198307916522026062e-02
1.703415438532829285e-02 4.387555271387100220e-02
1.229092851281166077e-02 3.617721423506736755e-02
1.242161355912685394e-02 3.413596749305725098e-02
1.448214054107666016e-02 4.132610559463500977e-02
1.166910864412784576e-02 4.099594056606292725e-02
1.462465897202491760e-02 4.061403870582580566e-02
1.429120451211929321e-02 3.949179500341415405e-02
1.645615696907043457e-02 4.384826868772506714e-02
1.753340475261211395e-02 4.386328160762786865e-02
1.734892837703227997e-02 4.268608987331390381e-02
1.727655343711376190e-02 4.103892296552658081e-02
1.690389961004257202e-02 4.507512971758842468e-02
1.615693420171737671e-02 4.516362398862838745e-02
1.604324579238891602e-02 4.464305192232131958e-02
1.770596951246261597e-02 4.740737378597259521e-02
1.371024549007415771e-02 4.115708172321319580e-02
1.684594713151454926e-02 4.618727788329124451e-02
1.695457287132740021e-02 4.468550905585289001e-02
1.585055142641067505e-02 4.610173776745796204e-02
1.539757847785949707e-02 4.652273654937744141e-02
1.621520519256591797e-02 4.825198650360107422e-02
1.215479709208011627e-02 3.986388072371482849e-02
8.476722985506057739e-03 3.763420507311820984e-02
8.026376366615295410e-03 3.680138289928436279e-02
7.613735273480415344e-03 3.743370249867439270e-02
6.183978170156478882e-03 3.594858571887016296e-02
1.013519987463951111e-02 3.884471952915191650e-02
9.172944352030754089e-03 3.776251524686813354e-02
1.166423410177230835e-02 4.240734130144119263e-02
9.861018508672714233e-03 3.900172933936119080e-02
1.195784844458103180e-02 3.805030509829521179e-02
1.006612181663513184e-02 3.941328823566436768e-02
1.015103980898857117e-02 3.861534595489501953e-02
1.012239418923854828e-02 3.587945178151130676e-02
1.162120699882507324e-02 3.634509816765785217e-02
8.781600743532180786e-03 3.672926872968673706e-02
9.949833154678344727e-03 3.642897680401802063e-02
1.119311340153217316e-02 4.219246655702590942e-02
1.328272745013237000e-02 4.203198850154876709e-02
1.344436220824718475e-02 3.958560898900032043e-02
1.570319011807441711e-02 4.389858245849609375e-02
1.561258640140295029e-02 4.264585673809051514e-02
1.467735692858695984e-02 4.637502133846282959e-02
1.515981554985046387e-02 4.428359121084213257e-02
1.587594300508499146e-02 4.230315983295440674e-02
1.369610056281089783e-02 4.243019968271255493e-02
1.078345626592636108e-02 3.796078264713287354e-02
7.555454969406127930e-03 3.866516053676605225e-02
9.698474779725074768e-03 4.300334304571151733e-02
7.522681728005409241e-03 4.178738594055175781e-02
7.685303688049316406e-03 4.019158333539962769e-02
9.741699323058128357e-03 4.233618453145027161e-02
1.417622715234756470e-02 5.046181380748748779e-02
1.459727808833122253e-02 4.672511667013168335e-02
1.141541078686714172e-02 5.073992162942886353e-02
1.225320436060428619e-02 4.675054550170898438e-02
1.170893199741840363e-02 4.750082641839981079e-02
1.308741793036460876e-02 4.892737045884132385e-02
1.263656467199325562e-02 4.931924492120742798e-02
8.906329050660133362e-03 4.429377242922782898e-02
4.895389080047607422e-03 4.183157160878181458e-02
7.599689066410064697e-03 4.520700871944427490e-02
7.599599659442901611e-03 4.566857963800430298e-02
9.228169918060302734e-03 4.342763498425483704e-02
1.231353357434272766e-02 4.879984632134437561e-02
1.486718095839023590e-02 4.870532453060150146e-02
1.631444506347179413e-02 4.796516150236129761e-02
1.521355286240577698e-02 4.866929352283477783e-02
1.629148796200752258e-02 5.097613483667373657e-02
1.705570891499519348e-02 4.784915596246719360e-02
1.666682586073875427e-02 5.075913667678833008e-02
1.826944947242736816e-02 5.312849581241607666e-02
1.872256398200988770e-02 5.298937112092971802e-02
1.932418718934059143e-02 4.818207025527954102e-02
1.602461189031600952e-02 4.876971244812011719e-02
1.602446287870407104e-02 4.857269674539566040e-02
1.597905904054641724e-02 4.854533076286315918e-02
1.690515130758285522e-02 4.766292497515678406e-02
1.868422515690326691e-02 4.904140532016754150e-02
1.905011758208274841e-02 4.924102127552032471e-02
1.862148381769657135e-02 4.544543847441673279e-02
1.763883605599403381e-02 4.644679278135299683e-02
1.667414605617523193e-02 4.568220674991607666e-02
1.727950014173984528e-02 4.196749627590179443e-02
1.708048768341541290e-02 4.191298782825469971e-02
1.387709192931652069e-02 3.745488822460174561e-02
1.767733879387378693e-02 3.819248452782630920e-02
1.734490320086479187e-02 3.636561706662178040e-02
1.377523317933082581e-02 3.225779905915260315e-02
1.557094883173704147e-02 3.603008016943931580e-02
1.512158289551734924e-02 3.778775781393051147e-02
1.390749774873256683e-02 3.827585652470588684e-02
2.006563171744346619e-02 4.381214454770088196e-02
2.196212671697139740e-02 4.236892610788345337e-02
2.434753440320491791e-02 4.213767126202583313e-02
2.253565564751625061e-02 4.171502962708473206e-02
2.027799934148788452e-02 4.495447501540184021e-02
1.961765065789222717e-02 4.313674941658973694e-02
2.088103257119655609e-02 3.899498656392097473e-02
2.065737918019294739e-02 4.168564826250076294e-02
2.038280665874481201e-02 4.287701845169067383e-02
1.812177896499633789e-02 4.458339512348175049e-02
1.169778779149055481e-02 3.533903881907463074e-02
1.223420351743698120e-02 3.571347147226333618e-02
1.475020870566368103e-02 4.017351195216178894e-02
1.221178099513053894e-02 3.965217992663383484e-02
1.256591454148292542e-02 3.536963835358619690e-02
1.474538445472717285e-02 3.801678493618965149e-02
1.312249153852462769e-02 3.255428001284599304e-02
1.612485013902187347e-02 2.781342156231403351e-02
1.119608804583549500e-02 2.061387524008750916e-02
1.070970296859741211e-02 2.656590938568115234e-02
9.849414229393005371e-03 2.860373444855213165e-02
1.211523264646530151e-02 2.979224920272827148e-02
1.460823602974414825e-02 3.862820938229560852e-02
1.683305576443672180e-02 3.501876071095466614e-02
1.607420481741428375e-02 3.979102894663810730e-02
1.352023705840110779e-02 4.008819162845611572e-02
1.179829612374305725e-02 3.664460033178329468e-02
1.517393440008163452e-02 4.056977480649948120e-02
1.402411982417106628e-02 4.139690101146697998e-02
1.542447973042726517e-02 4.470734298229217529e-02
1.635493524372577667e-02 4.583510011434555054e-02
1.659237779676914215e-02 4.278175532817840576e-02
1.574319414794445038e-02 4.337177053093910217e-02
1.781296916306018829e-02 4.520466923713684082e-02
1.336771994829177856e-02 4.046406224370002747e-02
1.130363345146179199e-02 4.008454829454421997e-02
9.257568046450614929e-03 3.980179131031036377e-02
6.544968113303184509e-03 3.047896176576614380e-02
8.176494389772415161e-03 3.346832841634750366e-02
1.104293204843997955e-02 3.876721113920211792e-02
8.304748684167861938e-03 3.589717671275138855e-02
9.951358661055564880e-03 3.710661828517913818e-02
1.031796075403690338e-02 3.748207911849021912e-02
9.422408416867256165e-03 4.011767730116844177e-02
9.415958076715469360e-03 4.067116603255271912e-02
9.520458057522773743e-03 3.911011666059494019e-02
8.206795901060104370e-03 3.666814044117927551e-02
8.279833942651748657e-03 3.666670992970466614e-02
1.041754707694053650e-02 3.979621827602386475e-02
1.216644048690795898e-02 3.663005307316780090e-02
1.197443157434463501e-02 3.918853774666786194e-02
1.389863528311252594e-02 4.381207749247550964e-02
1.218650117516517639e-02 4.563072323799133301e-02
1.197892427444458008e-02 4.417041689157485962e-02
1.484163478016853333e-02 4.814966022968292236e-02
1.471293345093727112e-02 5.037729442119598389e-02
1.150468736886978149e-02 4.368188232183456421e-02
1.346754282712936401e-02 4.200129210948944092e-02
1.028379052877426147e-02 3.808211535215377808e-02
1.101979054510593414e-02 4.347207769751548767e-02
1.216843724250793457e-02 4.301376640796661377e-02
1.244363561272621155e-02 4.277285188436508179e-02
1.296825334429740906e-02 4.177629947662353516e-02
1.423926651477813721e-02 4.638043791055679321e-02
1.636280119419097900e-02 4.654080048203468323e-02
1.571604609489440918e-02 4.465632885694503784e-02
1.077063381671905518e-02 3.873307257890701294e-02
8.866596966981887817e-03 3.861900418996810913e-02
7.204983383417129517e-03 3.693720698356628418e-02
5.449797958135604858e-03 3.395311161875724792e-02
1.348417997360229492e-02 4.395033419132232666e-02
1.219633594155311584e-02 4.821605980396270752e-02
1.419247686862945557e-02 4.728707298636436462e-02
1.424106396734714508e-02 4.830533266067504883e-02
1.482316851615905762e-02 4.556239023804664612e-02
1.301763020455837250e-02 4.608565196394920349e-02
1.262700743973255157e-02 4.311751201748847961e-02
9.194133803248405457e-03 3.819157928228378296e-02
9.311407804489135742e-03 3.820237889885902405e-02
6.623243913054466248e-03 2.801946178078651428e-02
6.884090602397918701e-03 3.364209085702896118e-02
8.162189275026321411e-03 3.763911873102188110e-02
8.665848523378372192e-03 2.587002888321876526e-02
1.111994683742523193e-02 3.173078224062919617e-02
1.258750259876251221e-02 2.520454861223697662e-02
9.760517627000808716e-03 2.589827403426170349e-02
1.228332147002220154e-02 2.420504018664360046e-02
1.409510709345340729e-02 2.655758149921894073e-02
1.264538057148456573e-02 2.419069223105907440e-02
1.232943497598171234e-02 2.739016897976398468e-02
1.404171623289585114e-02 3.070009686052799225e-02
1.065817102789878845e-02 2.549719996750354767e-02
1.028433814644813538e-02 2.383500710129737854e-02
8.250596001744270325e-03 2.170425280928611755e-02
8.852627128362655640e-03 2.777860872447490692e-02
8.267059922218322754e-03 2.599482238292694092e-02
9.413613006472587585e-03 2.611025050282478333e-02
9.543336927890777588e-03 2.542215771973133087e-02
8.714780211448669434e-03 2.498867362737655640e-02
1.031481847167015076e-02 2.615853212773799896e-02
8.926566690206527710e-03 2.576536685228347778e-02
9.732443839311599731e-03 2.713361382484436035e-02
9.503446519374847412e-03 2.607675641775131226e-02
7.563000544905662537e-03 2.622275426983833313e-02
8.018456399440765381e-03 2.761814743280410767e-02
8.096162229776382446e-03 2.784481830894947052e-02
7.665824145078659058e-03 2.770115807652473450e-02
5.560465157032012939e-03 2.838300541043281555e-02
8.270505815744400024e-03 2.738171815872192383e-02
7.491944357752799988e-03 2.815587446093559265e-02
1.253928430378437042e-02 3.999693691730499268e-02
1.223758980631828308e-02 3.636232763528823853e-02
7.592272013425827026e-03 3.269916027784347534e-02
6.980530917644500732e-03 2.885145880281925201e-02
6.205098703503608704e-03 2.708868868649005890e-02
7.269211113452911377e-03 2.850408479571342468e-02
7.625754922628402710e-03 2.780321240425109863e-02
6.408378481864929199e-03 2.939814701676368713e-02
7.159771397709846497e-03 2.919021621346473694e-02
7.628373801708221436e-03 3.190992772579193115e-02
8.466882631182670593e-03 2.817057259380817413e-02
5.530599504709243774e-03 3.222727030515670776e-02
6.037116050720214844e-03 3.212219476699829102e-02
5.298417061567306519e-03 3.062717244029045105e-02
5.343880504369735718e-03 2.996090054512023926e-02
7.773663848638534546e-03 3.124471195042133331e-02
7.221944630146026611e-03 2.851581946015357971e-02
1.037770137190818787e-02 2.926170639693737030e-02
9.387150406837463379e-03 2.902891673147678375e-02
1.019632443785667419e-02 2.799130789935588837e-02
8.734636008739471436e-03 2.727179788053035736e-02
9.613867849111557007e-03 2.816331759095191956e-02
9.336747229099273682e-03 2.709022723138332367e-02
8.859666064381599426e-03 2.855256944894790649e-02
9.246103465557098389e-03 2.711720950901508331e-02
1.055951043963432312e-02 2.721173688769340515e-02
9.542603045701980591e-03 2.778639271855354309e-02
9.041547775268554688e-03 2.678208984434604645e-02
1.056131720542907715e-02 2.954395487904548645e-02
1.095397584140300751e-02 2.690921910107135773e-02
1.165943965315818787e-02 2.643306925892829895e-02
1.189149357378482819e-02 2.579826489090919495e-02
1.115995086729526520e-02 2.589880116283893585e-02
9.650014340877532959e-03 2.661156468093395233e-02
1.002421230077743530e-02 2.706382237374782562e-02
9.585183113813400269e-03 2.750311419367790222e-02
8.959254249930381775e-03 2.763874083757400513e-02
8.478507399559020996e-03 2.537092566490173340e-02
8.645707741379737854e-03 2.865377068519592285e-02
9.574519470334053040e-03 2.795251272618770599e-02
1.179170981049537659e-02 3.120806440711021423e-02
9.313240647315979004e-03 2.680815756320953369e-02
8.443294093012809753e-03 2.932103164494037628e-02
1.154731586575508118e-02 2.972407639026641846e-02
1.240093633532524109e-02 3.025511093437671661e-02
8.433844894170761108e-03 3.120590373873710632e-02
8.018927648663520813e-03 3.293343260884284973e-02
5.949955433607101440e-03 3.126181662082672119e-02
6.586618721485137939e-03 3.194110468029975891e-02
6.833946332335472107e-03 3.215263038873672485e-02
5.821269005537033081e-03 3.480157256126403809e-02
5.566798150539398193e-03 3.241609409451484680e-02
6.638370454311370850e-03 3.198628127574920654e-02
7.713083177804946899e-03 3.125944361090660095e-02
7.186153903603553772e-03 3.424455225467681885e-02
6.670285016298294067e-03 3.316036984324455261e-02
6.679389625787734985e-03 3.485304489731788635e-02
7.414242252707481384e-03 3.695133700966835022e-02
7.584555074572563171e-03 3.564462065696716309e-02
6.585402414202690125e-03 3.315519168972969055e-02
6.227005273103713989e-03 3.390582650899887085e-02
4.511546343564987183e-03 3.011547215282917023e-02
6.223110482096672058e-03 3.344633802771568298e-02
7.004208862781524658e-03 3.278657793998718262e-02
1.023539714515209198e-02 3.714307397603988647e-02
1.268535479903221130e-02 3.809893131256103516e-02
1.531905680894851685e-02 3.756362199783325195e-02
1.568294130265712738e-02 3.715531900525093079e-02
1.519253849983215332e-02 3.896590322256088257e-02
1.575290970504283905e-02 3.709194809198379517e-02
1.450945809483528137e-02 3.618592768907546997e-02
1.436300389468669891e-02 3.729442879557609558e-02
1.374426484107971191e-02 3.977590054273605347e-02
1.025594770908355713e-02 3.490655496716499329e-02
1.019173301756381989e-02 3.486158698797225952e-02
9.679911658167839050e-03 3.507793694734573364e-02
1.062607765197753906e-02 3.543088212609291077e-02
1.141999661922454834e-02 3.582137450575828552e-02
1.084743812680244446e-02 3.294525668025016785e-02
1.065593957901000977e-02 3.314793482422828674e-02
7.889285683631896973e-03 3.093050234019756317e-02
1.130002364516258240e-02 2.774412930011749268e-02
8.329879492521286011e-03 2.819270640611648560e-02
8.421208709478378296e-03 2.944388426840305328e-02
8.094534277915954590e-03 3.109397739171981812e-02
9.541235864162445068e-03 3.122283518314361572e-02
1.172241754829883575e-02 3.111547417938709259e-02
9.422460570931434631e-03 3.129962459206581116e-02
1.006435975432395935e-02 3.129902482032775879e-02
1.171334460377693176e-02 3.252939507365226746e-02
1.121510192751884460e-02 3.356689587235450745e-02
1.365562528371810913e-02 3.283886983990669250e-02
9.832920506596565247e-03 3.005352802574634552e-02
9.463211521506309509e-03 2.996819466352462769e-02
1.013936474919319153e-02 3.343095257878303528e-02
7.856471464037895203e-03 3.220418468117713928e-02
8.804187178611755371e-03 3.286072239279747009e-02
1.105478778481483459e-02 3.497534990310668945e-02
8.011117577552795410e-03 3.242209181189537048e-02
1.086211577057838440e-02 3.061851114034652710e-02
1.029528304934501648e-02 3.199399262666702271e-02
9.267840534448623657e-03 2.842345461249351501e-02
1.191671192646026611e-02 3.071521222591400146e-02
6.990753114223480225e-03 2.824055776000022888e-02
9.216792881488800049e-03 3.308393433690071106e-02
1.136391423642635345e-02 3.468269854784011841e-02
1.134957559406757355e-02 3.989487513899803162e-02
1.042906381189823151e-02 3.437413275241851807e-02
1.313163340091705322e-02 4.107197746634483337e-02
1.152679696679115295e-02 3.526424244046211243e-02
1.070502027869224548e-02 3.539832308888435364e-02
1.198698952794075012e-02 3.953915461897850037e-02
1.039714924991130829e-02 3.948589414358139038e-02
1.011329144239425659e-02 4.304707795381546021e-02
1.383827440440654755e-02 4.094549641013145447e-02
1.555938646197319031e-02 4.591021314263343811e-02
1.492091827094554901e-02 4.251730442047119141e-02
1.433857716619968414e-02 4.105659946799278259e-02
1.333747804164886475e-02 3.785621374845504761e-02
1.298637688159942627e-02 3.776974603533744812e-02
4.771407693624496460e-03 3.350019082427024841e-02
5.131881684064865112e-03 3.388823196291923523e-02
6.170386448502540588e-03 4.021028801798820496e-02
5.627807229757308960e-03 3.755028918385505676e-02
6.509760394692420959e-03 3.915748372673988342e-02
5.828179419040679932e-03 3.819030523300170898e-02
4.445023834705352783e-03 3.680555149912834167e-02
7.755432277917861938e-03 3.631431236863136292e-02
4.114447161555290222e-03 3.641808032989501953e-02
7.901433855295181274e-03 3.920754417777061462e-02
7.683752104640007019e-03 4.096170514822006226e-02
8.513249456882476807e-03 3.712344169616699219e-02
5.946099758148193359e-03 3.644010797142982483e-02
3.838336095213890076e-03 3.070079907774925232e-02
6.076768040657043457e-03 3.236018866300582886e-02
5.094600841403007507e-03 3.046375140547752380e-02
7.259055972099304199e-03 3.105828911066055298e-02
7.290676236152648926e-03 3.220805153250694275e-02
5.670845508575439453e-03 3.017959557473659515e-02
7.775932550430297852e-03 2.899165824055671692e-02
8.591718971729278564e-03 2.894175983965396881e-02
1.009659841656684875e-02 3.286006301641464233e-02
6.009984761476516724e-03 3.023500926792621613e-02
6.119351834058761597e-03 3.107601217925548553e-02
5.538899451494216919e-03 2.976725436747074127e-02
5.757713690400123596e-03 3.098778612911701202e-02
5.748331546783447266e-03 3.421378135681152344e-02
5.128432065248489380e-03 3.201854228973388672e-02
4.888150840997695923e-03 3.231441602110862732e-02
5.861170589923858643e-03 3.117241710424423218e-02
4.971818998456001282e-03 3.119913861155509949e-02
8.808910846710205078e-03 3.052546642720699310e-02
5.735658109188079834e-03 3.505729511380195618e-02
6.699698045849800110e-03 3.314826264977455139e-02
6.117258220911026001e-03 3.348201885819435120e-02
4.106257110834121704e-03 2.779411152005195618e-02
4.842590540647506714e-03 2.970302104949951172e-02
5.059570074081420898e-03 2.983935736119747162e-02
6.550036370754241943e-03 3.004219569265842438e-02
9.045016020536422729e-03 3.709285333752632141e-02
1.263717189431190491e-02 3.712646663188934326e-02
1.477618515491485596e-02 4.262897372245788574e-02
1.360233873128890991e-02 4.012086242437362671e-02
1.451767981052398682e-02 3.896676748991012573e-02
1.390135101974010468e-02 4.041656851768493652e-02
8.254528045654296875e-03 3.719466924667358398e-02
6.815852597355842590e-03 3.564224019646644592e-02
6.307277828454971313e-03 3.605561703443527222e-02
6.387483328580856323e-03 3.760689496994018555e-02
7.290311157703399658e-03 3.506328165531158447e-02
8.081948384642601013e-03 3.874695301055908203e-02
7.710330188274383545e-03 4.155907034873962402e-02
6.995048373937606812e-03 4.064533114433288574e-02
9.197525680065155029e-03 4.272332042455673218e-02
1.130560413002967834e-02 4.462467879056930542e-02
1.355748623609542847e-02 4.736050218343734741e-02
1.259446702897548676e-02 4.283008724451065063e-02
1.052284613251686096e-02 3.894028067588806152e-02
1.105728000402450562e-02 3.294949606060981750e-02
1.016173325479030609e-02 3.348071873188018799e-02
1.185456290841102600e-02 3.636060655117034912e-02
1.236394047737121582e-02 3.711500763893127441e-02
9.121946990489959717e-03 3.493400290608406067e-02
7.278803735971450806e-03 3.166868165135383606e-02
7.447397336363792419e-03 2.993982285261154175e-02
8.296877145767211914e-03 3.334933891892433167e-02
7.559124380350112915e-03 3.708543255925178528e-02
5.843460559844970703e-03 3.179810196161270142e-02
6.220355629920959473e-03 2.911833859980106354e-02
8.866490796208381653e-03 2.768264524638652802e-02
1.255260035395622253e-02 2.173553034663200378e-02
8.910048753023147583e-03 1.691418886184692383e-02
7.614973932504653931e-03 2.049655094742774963e-02
5.637008696794509888e-03 2.166344411671161652e-02
5.216531455516815186e-03 2.162780985236167908e-02
1.335077546536922455e-02 2.493836730718612671e-02
1.225525513291358948e-02 2.582189068198204041e-02
1.850094646215438843e-02 3.411995619535446167e-02
2.437395229935646057e-02 4.865279793739318848e-02
1.669771596789360046e-02 4.082537069916725159e-02
1.266974583268165588e-02 4.280917346477508545e-02
1.538750156760215759e-02 4.180927202105522156e-02
1.568794623017311096e-02 4.345262050628662109e-02
1.602293364703655243e-02 4.314782470464706421e-02
1.481806673109531403e-02 3.824933990836143494e-02
7.436614483594894409e-03 3.715829551219940186e-02
6.424531340599060059e-03 3.381044045090675354e-02
8.986296132206916809e-03 3.432102873921394348e-02
1.088877394795417786e-02 3.308534622192382812e-02
1.515465229749679565e-02 3.951532766222953796e-02
1.794052310287952423e-02 3.845268860459327698e-02
1.784624159336090088e-02 4.192260652780532837e-02
1.465949602425098419e-02 3.988273441791534424e-02
1.249532029032707214e-02 3.713183104991912842e-02
9.619805961847305298e-03 3.351637721061706543e-02
7.005169987678527832e-03 3.691683709621429443e-02
7.711607962846755981e-03 3.132687881588935852e-02
8.239159360527992249e-03 3.084821999073028564e-02
8.349098265171051025e-03 3.212937712669372559e-02
9.727895259857177734e-03 3.476346284151077271e-02
9.599339216947555542e-03 3.438147529959678650e-02
1.086347363889217377e-02 3.445211052894592285e-02
1.109413430094718933e-02 3.257050365209579468e-02
1.211569458246231079e-02 3.344459086656570435e-02
1.541183516383171082e-02 3.115394525229930878e-02
1.456927135586738586e-02 3.058310970664024353e-02
1.242476329207420349e-02 3.168465942144393921e-02
1.348468288779258728e-02 3.231576085090637207e-02
1.441831886768341064e-02 3.388806432485580444e-02
1.571441255509853363e-02 3.434102609753608704e-02
1.664751395583152771e-02 3.449196740984916687e-02
1.546973828226327896e-02 3.302843496203422546e-02
1.597511954605579376e-02 3.315825387835502625e-02
1.617645099759101868e-02 3.428229689598083496e-02
1.615825481712818146e-02 3.526671975851058960e-02
1.613156497478485107e-02 3.298375010490417480e-02
1.571270823478698730e-02 3.220970183610916138e-02
1.437420025467872620e-02 3.474396839737892151e-02
1.788254640996456146e-02 3.186068683862686157e-02
1.548671722412109375e-02 3.397209569811820984e-02
1.748029328882694244e-02 2.977475151419639587e-02
1.524238660931587219e-02 2.873522602021694183e-02
1.627938635647296906e-02 2.725503221154212952e-02
1.269285753369331360e-02 2.969456277787685394e-02
1.645523868501186371e-02 2.525299601256847382e-02
1.262387260794639587e-02 2.982843667268753052e-02
1.771490275859832764e-02 2.778626978397369385e-02
1.321185007691383362e-02 2.990808151662349701e-02
1.446834020316600800e-02 2.767997980117797852e-02
1.235290989279747009e-02 2.827810496091842651e-02
1.267882809042930603e-02 2.885573357343673706e-02
1.261664554476737976e-02 2.911972254514694214e-02
1.222096756100654602e-02 3.296703100204467773e-02
1.300837844610214233e-02 3.313107788562774658e-02
1.573202945291996002e-02 3.226810693740844727e-02
1.482832618057727814e-02 3.181925043463706970e-02
1.405357755720615387e-02 3.076275996863842010e-02
1.374933682382106781e-02 3.220503404736518860e-02
1.623671129345893860e-02 3.449701890349388123e-02
1.752325333654880524e-02 3.518118336796760559e-02
1.568242907524108887e-02 3.418620675802230835e-02
1.605305075645446777e-02 3.183692693710327148e-02
1.640815846621990204e-02 3.514016792178153992e-02
1.613150909543037415e-02 3.585264459252357483e-02
1.596115902066230774e-02 3.368336707353591919e-02
1.447593420743942261e-02 3.070905432105064392e-02
1.331150159239768982e-02 2.950106188654899597e-02
1.436286605894565582e-02 3.137844428420066833e-02
1.429069973528385162e-02 3.492489084601402283e-02
1.442905887961387634e-02 3.522216528654098511e-02
1.342165283858776093e-02 3.395806625485420227e-02
1.201895065605640411e-02 3.514800965785980225e-02
1.240194588899612427e-02 3.501398116350173950e-02
1.278268918395042419e-02 3.629265725612640381e-02
1.730015501379966736e-02 3.904335945844650269e-02
1.842257007956504822e-02 3.725437447428703308e-02
1.876638829708099365e-02 4.034584015607833862e-02
1.770517975091934204e-02 4.195824265480041504e-02
1.945565640926361084e-02 4.469669237732887268e-02
1.917149126529693604e-02 4.245554655790328979e-02
1.880625076591968536e-02 4.475881159305572510e-02
1.605848968029022217e-02 4.081103950738906860e-02
1.393431052565574646e-02 3.861717134714126587e-02
1.615827716886997223e-02 3.618846833705902100e-02
1.472710259258747101e-02 3.696366399526596069e-02
2.025276795029640198e-02 4.078208655118942261e-02
2.095844969153404236e-02 3.854177147150039673e-02
1.849584281444549561e-02 3.587825223803520203e-02
2.040703967213630676e-02 3.936068713665008545e-02
1.780069246888160706e-02 3.543547540903091431e-02
1.888185739517211914e-02 3.411140665411949158e-02
1.826630532741546631e-02 3.780741617083549500e-02
1.722807623445987701e-02 3.484659269452095032e-02
2.287521399557590485e-02 3.737036138772964478e-02
2.485478296875953674e-02 3.856068104505538940e-02
1.796340942382812500e-02 3.197578713297843933e-02
2.178492769598960876e-02 3.025680594146251678e-02
2.002655155956745148e-02 3.330226242542266846e-02
2.112519554793834686e-02 3.325974196195602417e-02
1.920769177377223969e-02 3.784897550940513611e-02
2.073376625776290894e-02 3.778304159641265869e-02
1.901916787028312683e-02 3.768800199031829834e-02
1.537372358143329620e-02 3.950594738125801086e-02
1.615599915385246277e-02 3.868903219699859619e-02
1.722934283316135406e-02 3.388776257634162903e-02
1.864138431847095490e-02 3.617505729198455811e-02
2.038650214672088623e-02 3.776156157255172729e-02
2.076704800128936768e-02 3.896811604499816895e-02
2.113245986402034760e-02 3.654959052801132202e-02
2.107851579785346985e-02 3.342102095484733582e-02
2.177986502647399902e-02 3.169269859790802002e-02
2.227022685110569000e-02 3.143607825040817261e-02
2.093644998967647552e-02 3.409798070788383484e-02
1.936233043670654297e-02 3.094781748950481415e-02
2.003946900367736816e-02 3.097451105713844299e-02
2.009539306163787842e-02 3.204768896102905273e-02
2.058291807770729065e-02 3.179346770048141479e-02
1.699740812182426453e-02 3.212950751185417175e-02
1.338905096054077148e-02 2.847362123429775238e-02
1.162756606936454773e-02 3.553623706102371216e-02
1.494208723306655884e-02 4.017218202352523804e-02
1.511286571621894836e-02 3.281681984663009644e-02
1.460423134267330170e-02 3.590916469693183899e-02
1.720589399337768555e-02 4.357560351490974426e-02
1.462237909436225891e-02 3.873546421527862549e-02
1.346161589026451111e-02 3.920083865523338318e-02
1.369290426373481750e-02 3.963726758956909180e-02
1.729881018400192261e-02 4.240884631872177124e-02
1.607681065797805786e-02 3.965668752789497375e-02
