1.492345333099365234e-02 4.517716914415359497e-02
1.487581618130207062e-02 4.418373852968215942e-02
1.168577186763286591e-02 4.259782657027244568e-02
1.273185387253761292e-02 4.392722249031066895e-02
1.129398867487907410e-02 4.368168115615844727e-02
1.096845977008342743e-02 3.973686322569847107e-02
1.208958774805068970e-02 4.209068790078163147e-02
1.163783296942710876e-02 4.238367080688476562e-02
1.155838184058666229e-02 4.292808845639228821e-02
1.081732660531997681e-02 4.409209266304969788e-02
1.148894615471363068e-02 4.413042217493057251e-02
1.331699453294277191e-02 4.291370883584022522e-02
1.317826099693775177e-02 4.204082489013671875e-02
1.256993599236011505e-02 4.246967285871505737e-02
1.317884959280490875e-02 4.285549372434616089e-02
1.213850453495979309e-02 4.605571925640106201e-02
1.278619468212127686e-02 4.545999690890312195e-02
1.113890483975410461e-02 4.390150681138038635e-02
1.214436814188957214e-02 4.461395740509033203e-02
1.361291296780109406e-02 4.574974253773689270e-02
1.333397626876831055e-02 4.599661752581596375e-02
1.111088879406452179e-02 4.565782099962234497e-02
1.113887690007686615e-02 4.447532445192337036e-02
1.144325733184814453e-02 4.397011548280715942e-02
1.383220404386520386e-02 4.622792452573776245e-02
1.203955709934234619e-02 4.663749039173126221e-02
1.169081032276153564e-02 4.257959127426147461e-02
1.283575035631656647e-02 4.684549570083618164e-02
8.922122418880462646e-03 3.965585678815841675e-02
1.277133263647556305e-02 4.171394556760787964e-02
1.349551416933536530e-02 4.262550175189971924e-02
1.165705919265747070e-02 4.181161150336265564e-02
1.180317997932434082e-02 4.317947477102279663e-02
1.252447441220283508e-02 4.577361047267913818e-02
1.315487921237945557e-02 4.588218778371810913e-02
1.242714375257492065e-02 4.659534245729446411e-02
1.284562610089778900e-02 4.565253108739852905e-02
1.370296441018581390e-02 4.600545018911361694e-02
1.338389515876770020e-02 4.678507894277572632e-02
1.340238004922866821e-02 4.471085965633392334e-02
1.539165433496236801e-02 4.506406560540199280e-02
1.486466825008392334e-02 4.507928341627120972e-02
1.379914209246635437e-02 4.483403638005256653e-02
1.250196620821952820e-02 4.350705817341804504e-02
1.383554935455322266e-02 4.516566544771194458e-02
1.572283171117305756e-02 4.422698915004730225e-02
1.149388775229454041e-02 4.461851343512535095e-02
1.216865330934524536e-02 4.494392871856689453e-02
1.573948748409748077e-02 4.762942343950271606e-02
1.585570722818374634e-02 4.602055251598358154e-02
1.583403907716274261e-02 4.608921706676483154e-02
1.636337488889694214e-02 4.522465169429779053e-02
1.507803425192832947e-02 4.447702318429946899e-02
1.432594284415245056e-02 4.479429870843887329e-02
1.552474219352006912e-02 4.588304832577705383e-02
1.517909951508045197e-02 4.703807830810546875e-02
1.461030915379524231e-02 4.814622551202774048e-02
1.295993104577064514e-02 4.549270868301391602e-02
1.532709412276744843e-02 4.707056656479835510e-02
1.631680876016616821e-02 4.902920126914978027e-02
1.371876150369644165e-02 4.682745039463043213e-02
1.342985033988952637e-02 4.734081029891967773e-02
1.225768029689788818e-02 4.472640156745910645e-02
2.012119069695472717e-02 4.616165906190872192e-02
1.687021553516387939e-02 4.818245768547058105e-02
1.794015988707542419e-02 4.995203018188476562e-02
1.545285340398550034e-02 5.142022669315338135e-02
1.689476892352104187e-02 4.811967536807060242e-02
1.634004525840282440e-02 5.178073048591613770e-02
2.458439581096172333e-02 4.044734686613082886e-02
1.644333638250827789e-02 4.427333548665046692e-02
1.732715778052806854e-02 3.515069931745529175e-02
1.720179989933967590e-02 5.278474837541580200e-02
1.771339401602745056e-02 5.135143548250198364e-02
1.829335093498229980e-02 5.155600607395172119e-02
1.226729899644851685e-02 2.706136927008628845e-02
1.549208350479602814e-02 4.489078000187873840e-02
1.836065575480461121e-02 5.094164609909057617e-02
1.682819239795207977e-02 4.816667363047599792e-02
1.365824602544307709e-02 4.645156860351562500e-02
1.440365053713321686e-02 4.945112019777297974e-02
1.821223646402359009e-02 4.617218673229217529e-02
1.356078684329986572e-02 4.721263051033020020e-02
1.697853580117225647e-02 4.952861368656158447e-02
9.381785988807678223e-03 4.363896697759628296e-02
1.139381714165210724e-02 4.751733690500259399e-02
1.412562094628810883e-02 4.990059137344360352e-02
1.418351382017135620e-02 4.706533253192901611e-02
1.328598707914352417e-02 4.492531344294548035e-02
1.453395187854766846e-02 4.557008668780326843e-02
1.476840674877166748e-02 4.713962227106094360e-02
1.235932484269142151e-02 4.534253478050231934e-02
1.224739477038383484e-02 4.398149996995925903e-02
1.204441115260124207e-02 4.326306283473968506e-02
1.392249763011932373e-02 4.479740560054779053e-02
1.381316035985946655e-02 4.617114737629890442e-02
1.408515498042106628e-02 4.733468592166900635e-02
1.441379636526107788e-02 4.628511518239974976e-02
1.418255269527435303e-02 4.763640463352203369e-02
1.415119692683219910e-02 4.730191826820373535e-02
1.582005247473716736e-02 4.714814573526382446e-02
1.557733025401830673e-02 4.714004695415496826e-02
1.464473083615303040e-02 4.626451805233955383e-02
1.703326962888240814e-02 4.846779257059097290e-02
1.423454843461513519e-02 4.502759873867034912e-02
1.653035916388034821e-02 4.674360901117324829e-02
1.441609673202037811e-02 4.427611082792282104e-02
1.546378247439861298e-02 4.654427617788314819e-02
1.489538326859474182e-02 4.600355029106140137e-02
1.561817526817321777e-02 4.636880755424499512e-02
1.377264223992824554e-02 4.380388185381889343e-02
1.428975909948348999e-02 4.468734562397003174e-02
1.445564627647399902e-02 4.352259635925292969e-02
1.532451249659061432e-02 4.398229718208312988e-02
1.488970406353473663e-02 4.454417526721954346e-02
1.524503715336322784e-02 4.722562432289123535e-02
1.377007365226745605e-02 4.443928599357604980e-02
1.451573148369789124e-02 4.673774540424346924e-02
1.515655592083930969e-02 4.634396731853485107e-02
1.604222878813743591e-02 4.675063490867614746e-02
1.844449155032634735e-02 4.893656075000762939e-02
1.608604565262794495e-02 4.831352084875106812e-02
1.457592472434043884e-02 4.677075147628784180e-02
1.260337978601455688e-02 4.341977834701538086e-02
1.428485475480556488e-02 4.332610219717025757e-02
1.181784272193908691e-02 4.172256588935852051e-02
1.128121092915534973e-02 4.130327701568603516e-02
1.104354672133922577e-02 4.059617221355438232e-02
1.267087087035179138e-02 4.276948422193527222e-02
1.131852343678474426e-02 4.228334128856658936e-02
1.484140753746032715e-02 4.527109861373901367e-02
1.406827196478843689e-02 4.422187432646751404e-02
1.285525970160961151e-02 4.303274303674697876e-02
1.387244090437889099e-02 4.258020967245101929e-02
1.330561749637126923e-02 4.526513814926147461e-02
1.387186720967292786e-02 4.382662102580070496e-02
1.383384130895137787e-02 4.555350542068481445e-02
1.494540646672248840e-02 4.542019590735435486e-02
1.370384171605110168e-02 4.397819936275482178e-02
1.426094770431518555e-02 4.692368209362030029e-02
1.401202008128166199e-02 4.439532384276390076e-02
1.300183311104774475e-02 4.212165996432304382e-02
1.434272155165672302e-02 4.462850466370582581e-02
1.376421377062797546e-02 4.513882845640182495e-02
1.816843077540397644e-02 4.903882741928100586e-02
1.636977493762969971e-02 4.512403905391693115e-02
1.479186303913593292e-02 4.381172358989715576e-02
1.696738041937351227e-02 4.682686924934387207e-02
1.591508090496063232e-02 4.472524300217628479e-02
1.538902707397937775e-02 4.376766085624694824e-02
1.678323373198509216e-02 4.661881923675537109e-02
1.381418481469154358e-02 4.452025145292282104e-02
1.572337374091148376e-02 4.748970642685890198e-02
1.776334270834922791e-02 4.884591698646545410e-02
1.489367522299289703e-02 4.542707279324531555e-02
1.305084675550460815e-02 4.400005191564559937e-02
1.560177467763423920e-02 4.471735283732414246e-02
1.554632000625133514e-02 4.670110344886779785e-02
1.572566665709018707e-02 4.979984462261199951e-02
1.172475889325141907e-02 4.538527876138687134e-02
6.552781909704208374e-03 3.751083835959434509e-02
1.599116064608097076e-02 5.011608451604843140e-02
1.593379862606525421e-02 4.505761712789535522e-02
1.749625056982040405e-02 4.703804105520248413e-02
1.443467289209365845e-02 4.641316458582878113e-02
1.654250174760818481e-02 4.804957658052444458e-02
1.939590461552143097e-02 4.587651789188385010e-02
2.093000710010528564e-02 4.808738082647323608e-02
2.021065726876258850e-02 4.553041607141494751e-02
1.768121123313903809e-02 4.216977208852767944e-02
1.873642392456531525e-02 4.850741475820541382e-02
1.905036531388759613e-02 5.054692178964614868e-02
1.719541288912296295e-02 4.011115431785583496e-02
2.035120502114295959e-02 4.603916406631469727e-02
1.985053159296512604e-02 5.012219771742820740e-02
1.895437389612197876e-02 4.496898129582405090e-02
1.686736382544040680e-02 4.547793790698051453e-02
1.755451783537864685e-02 4.979245737195014954e-02
1.661179773509502411e-02 4.961256310343742371e-02
1.584288105368614197e-02 4.744757711887359619e-02
1.728531718254089355e-02 5.018886923789978027e-02
1.251524128019809723e-02 4.153263568878173828e-02
1.681187190115451813e-02 4.848843812942504883e-02
1.731524243950843811e-02 5.110758543014526367e-02
1.922352798283100128e-02 4.867386072874069214e-02
1.999835856258869171e-02 4.994747042655944824e-02
1.953100413084030151e-02 5.141129344701766968e-02
1.720715872943401337e-02 4.843033850193023682e-02
1.741951890289783478e-02 4.879554361104965210e-02
1.738695055246353149e-02 5.082619935274124146e-02
1.848624274134635925e-02 5.019593983888626099e-02
1.649445295333862305e-02 4.653643816709518433e-02
1.532511040568351746e-02 4.655157029628753662e-02
1.541361212730407715e-02 4.647232219576835632e-02
1.919190213084220886e-02 5.116813629865646362e-02
1.669911853969097137e-02 4.909244924783706665e-02
1.654466614127159119e-02 4.899456351995468140e-02
1.446865685284137726e-02 4.610115289688110352e-02
1.649507507681846619e-02 4.632005840539932251e-02
1.745833642780780792e-02 4.766699671745300293e-02
1.521677151322364807e-02 4.710730165243148804e-02
1.569505967199802399e-02 4.585668817162513733e-02
1.382005587220191956e-02 4.473606497049331665e-02
1.399425417184829712e-02 4.474216699600219727e-02
1.418640278279781342e-02 4.794314876198768616e-02
1.266238093376159668e-02 4.392229765653610229e-02
1.494687050580978394e-02 4.584073275327682495e-02
1.399431377649307251e-02 4.610615223646163940e-02
1.768839731812477112e-02 5.008774995803833008e-02
1.544782053679227829e-02 4.962633550167083740e-02
1.543711125850677490e-02 4.640710726380348206e-02
1.673290319740772247e-02 4.790514707565307617e-02
1.415634900331497192e-02 4.317284747958183289e-02
1.643104106187820435e-02 4.614711552858352661e-02
1.396465301513671875e-02 4.568507149815559387e-02
1.645976491272449493e-02 4.923383146524429321e-02
1.573330722749233246e-02 4.550526663661003113e-02
1.586664468050003052e-02 4.530891031026840210e-02
1.757246442139148712e-02 4.852599650621414185e-02
1.721155643463134766e-02 4.674548655748367310e-02
1.748365536332130432e-02 4.721160605549812317e-02
2.008495479822158813e-02 4.896646738052368164e-02
1.591438241302967072e-02 4.640822485089302063e-02
1.906788907945156097e-02 4.960997030138969421e-02
1.878436282277107239e-02 4.980041831731796265e-02
1.692268066108226776e-02 5.008816719055175781e-02
1.731357723474502563e-02 5.132571607828140259e-02
1.582009717822074890e-02 4.785930737853050232e-02
1.856519468128681183e-02 4.905506223440170288e-02
1.534628123044967651e-02 4.553339630365371704e-02
1.511505991220474243e-02 4.502002149820327759e-02
1.415977254509925842e-02 4.524232819676399231e-02
1.034012064337730408e-02 4.244858026504516602e-02
1.373384147882461548e-02 4.487137496471405029e-02
1.307903602719306946e-02 4.353272914886474609e-02
1.322139427065849304e-02 4.554605484008789062e-02
1.142492517828941345e-02 4.239314422011375427e-02
1.055493019521236420e-02 4.115265980362892151e-02
1.534059643745422363e-02 4.621366411447525024e-02
1.238472759723663330e-02 4.334944114089012146e-02
1.631067879498004913e-02 5.306368321180343628e-02
1.689541712403297424e-02 5.468452721834182739e-02
1.589281670749187469e-02 4.900727048516273499e-02
1.797560229897499084e-02 5.136400461196899414e-02
1.646360382437705994e-02 5.059789866209030151e-02
1.447307690978050232e-02 5.130088329315185547e-02
1.653043739497661591e-02 5.024538189172744751e-02
1.662624999880790710e-02 5.153068900108337402e-02
1.028306782245635986e-02 4.065022617578506470e-02
1.156279444694519043e-02 4.351544380187988281e-02
1.165249198675155640e-02 4.170967638492584229e-02
1.203639060258865356e-02 4.688754677772521973e-02
1.059368252754211426e-02 3.886575251817703247e-02
1.147715188562870026e-02 4.330926015973091125e-02
1.366749219596385956e-02 4.560178518295288086e-02
1.465375162661075592e-02 4.728660732507705688e-02
1.251747459173202515e-02 4.506053403019905090e-02
1.389388367533683777e-02 4.410248994827270508e-02
1.339578442275524139e-02 4.344923794269561768e-02
1.119299978017807007e-02 4.242161661386489868e-02
9.992212057113647461e-03 4.215603321790695190e-02
1.152824610471725464e-02 4.284548759460449219e-02
1.055471599102020264e-02 4.019713401794433594e-02
1.183427125215530396e-02 4.381231963634490967e-02
1.219446584582328796e-02 4.254779964685440063e-02
1.320113055408000946e-02 4.198465496301651001e-02
1.511552557349205017e-02 4.325431585311889648e-02
1.213702186942100525e-02 4.186534136533737183e-02
1.000966131687164307e-02 4.137235134840011597e-02
9.645372629165649414e-03 4.247862473130226135e-02
1.149719394743442535e-02 4.306743294000625610e-02
1.071000471711158752e-02 4.272490367293357849e-02
1.062860712409019470e-02 4.348742589354515076e-02
1.173003017902374268e-02 4.293902590870857239e-02
1.245730370283126831e-02 4.375886544585227966e-02
1.247397437691688538e-02 4.469337314367294312e-02
1.147454231977462769e-02 4.345590248703956604e-02
1.267926581203937531e-02 4.539186134934425354e-02
1.487321034073829651e-02 4.653999209403991699e-02
1.351193338632583618e-02 4.435391351580619812e-02
1.154561340808868408e-02 4.109739512205123901e-02
1.301283575594425201e-02 4.591866582632064819e-02
1.428116299211978912e-02 4.149472713470458984e-02
1.514799147844314575e-02 4.614039510488510132e-02
1.385820657014846802e-02 4.667762666940689087e-02
1.301179453730583191e-02 4.019671678543090820e-02
1.290242373943328857e-02 4.033661633729934692e-02
1.331992447376251221e-02 4.381645098328590393e-02
1.296706125140190125e-02 4.325871542096138000e-02
1.143383234739303589e-02 4.263543710112571716e-02
1.147772558033466339e-02 4.174188151955604553e-02
1.081610098481178284e-02 4.161193594336509705e-02
9.503748267889022827e-03 4.405183345079421997e-02
8.620310574769973755e-03 4.347801953554153442e-02
4.976429045200347900e-03 3.875946253538131714e-02
1.365178637206554413e-02 4.459902644157409668e-02
1.143658906221389771e-02 4.438025504350662231e-02
1.592954434454441071e-02 4.742852970957756042e-02
1.066970452666282654e-02 4.595313221216201782e-02
9.695544838905334473e-03 4.364221170544624329e-02
1.564313843846321106e-02 4.989313334226608276e-02
2.313179895281791687e-02 4.193082824349403381e-02
1.383062824606895447e-02 4.387797042727470398e-02
1.015154831111431122e-02 2.750814333558082581e-02
1.336311921477317810e-02 4.423956573009490967e-02
1.519654504954814911e-02 4.753568768501281738e-02
1.567807048559188843e-02 4.914528131484985352e-02
9.355504065752029419e-03 2.698907256126403809e-02
1.233389601111412048e-02 4.437496513128280640e-02
1.853015273809432983e-02 5.207252502441406250e-02
1.599363237619400024e-02 5.265720188617706299e-02
9.328547865152359009e-03 4.437846317887306213e-02
1.341535523533821106e-02 5.089063197374343872e-02
1.507568731904029846e-02 5.166510492563247681e-02
1.333219185471534729e-02 5.017378926277160645e-02
1.192405074834823608e-02 4.450663179159164429e-02
9.008184075355529785e-03 4.213080555200576782e-02
1.382040418684482574e-02 4.947595298290252686e-02
1.204864680767059326e-02 4.427906870841979980e-02
1.191928610205650330e-02 4.387050867080688477e-02
1.238440349698066711e-02 4.265194013714790344e-02
1.248405501246452332e-02 4.490607231855392456e-02
1.168627291917800903e-02 4.412818700075149536e-02
1.213820278644561768e-02 4.454636573791503906e-02
1.138455793261528015e-02 4.391171038150787354e-02
1.320426911115646362e-02 4.696739464998245239e-02
1.315607875585556030e-02 4.807335883378982544e-02
1.247920468449592590e-02 4.583946242928504944e-02
1.369371637701988220e-02 4.455641657114028931e-02
1.264491677284240723e-02 4.389396309852600098e-02
1.351070776581764221e-02 4.465880990028381348e-02
1.246642507612705231e-02 4.587597399950027466e-02
1.183258183300495148e-02 4.285949468612670898e-02
1.349642872810363770e-02 4.492887109518051147e-02
1.250740140676498413e-02 4.590626806020736694e-02
1.154449954628944397e-02 4.486132413148880005e-02
1.157492399215698242e-02 4.608517885208129883e-02
1.310268603265285492e-02 4.460629448294639587e-02
1.305476203560829163e-02 4.620602726936340332e-02
1.305081695318222046e-02 4.377377778291702271e-02
1.577599905431270599e-02 4.726010560989379883e-02
1.260191202163696289e-02 4.558699578046798706e-02
1.376837491989135742e-02 4.573951661586761475e-02
1.371548324823379517e-02 4.610268771648406982e-02
1.178416609764099121e-02 4.555380716919898987e-02
1.401265338063240051e-02 4.762728512287139893e-02
1.644810661673545837e-02 4.798327386379241943e-02
1.304155215620994568e-02 4.905962198972702026e-02
1.454565860331058502e-02 5.086395889520645142e-02
1.601437479257583618e-02 4.579509422183036804e-02
1.538986712694168091e-02 4.307502508163452148e-02
1.580818183720111847e-02 4.693043977022171021e-02
1.547899004071950912e-02 4.755073785781860352e-02
1.438955962657928467e-02 4.723027348518371582e-02
1.556178648024797440e-02 5.034667253494262695e-02
1.756600476801395416e-02 5.036852508783340454e-02
9.108301252126693726e-03 4.081132262945175171e-02
1.034462079405784607e-02 3.613741323351860046e-02
1.226669177412986755e-02 3.772271052002906799e-02
1.027557253837585449e-02 4.096025601029396057e-02
1.115943677723407745e-02 4.352331534028053284e-02
1.166998967528343201e-02 4.325575381517410278e-02
1.651368290185928345e-02 5.203458666801452637e-02
1.280849799513816833e-02 4.589574784040451050e-02
1.409547030925750732e-02 4.786390066146850586e-02
1.300459727644920349e-02 4.531458392739295959e-02
1.226442307233810425e-02 4.400687292218208313e-02
1.426907628774642944e-02 4.444020986557006836e-02
1.194547116756439209e-02 4.317092522978782654e-02
1.143550500273704529e-02 4.368498548865318298e-02
1.249284110963344574e-02 4.519302397966384888e-02
1.050633192062377930e-02 4.378668963909149170e-02
1.128146797418594360e-02 4.478367418050765991e-02
1.369049027562141418e-02 4.622215405106544495e-02
1.382315717637538910e-02 4.487245157361030579e-02
1.286284066736698151e-02 4.437533766031265259e-02
1.453565061092376709e-02 4.712676629424095154e-02
1.432946510612964630e-02 4.616677761077880859e-02
1.574527472257614136e-02 5.022037401795387268e-02
1.441098377108573914e-02 4.756916686892509460e-02
1.238538324832916260e-02 4.463555291295051575e-02
1.037728786468505859e-02 4.348951950669288635e-02
1.084991917014122009e-02 4.472889006137847900e-02
1.304434239864349365e-02 4.692346602678298950e-02
1.325993239879608154e-02 4.608605802059173584e-02
1.219271309673786163e-02 4.503713920712471008e-02
1.131702587008476257e-02 4.416042938828468323e-02
1.402724534273147583e-02 4.598813876509666443e-02
1.208061724901199341e-02 4.538622498512268066e-02
1.167062483727931976e-02 4.350961372256278992e-02
1.180342026054859161e-02 4.595931246876716614e-02
1.432878896594047546e-02 4.866229742765426636e-02
1.319509372115135193e-02 4.760630428791046143e-02
1.187851838767528534e-02 4.590295255184173584e-02
1.148532144725322723e-02 4.527224972844123840e-02
1.221888139843940735e-02 4.570708796381950378e-02
1.225696504116058350e-02 4.479003697633743286e-02
1.348422281444072723e-02 4.490184411406517029e-02
1.147543638944625854e-02 4.379792511463165283e-02
1.162587851285934448e-02 4.371040314435958862e-02
1.023682579398155212e-02 4.117665439844131470e-02
1.245712488889694214e-02 4.450368136167526245e-02
1.246215775609016418e-02 4.581959545612335205e-02
1.155622303485870361e-02 4.286153987050056458e-02
1.058837771415710449e-02 4.424774274230003357e-02
1.249234192073345184e-02 4.544050991535186768e-02
1.252593845129013062e-02 4.480626061558723450e-02
1.114430278539657593e-02 4.348273202776908875e-02
1.251427829265594482e-02 4.334829747676849365e-02
1.474885083734989166e-02 4.589265957474708557e-02
1.374362036585807800e-02 4.585368558764457703e-02
1.345190033316612244e-02 4.597237706184387207e-02
1.460403949022293091e-02 4.741170257329940796e-02
1.320435293018817902e-02 4.492927715182304382e-02
1.222828403115272522e-02 4.487331211566925049e-02
1.391963288187980652e-02 4.626920074224472046e-02
1.411488279700279236e-02 4.636040329933166504e-02
1.364227384328842163e-02 4.754813015460968018e-02
1.343535259366035461e-02 4.947159439325332642e-02
1.181150972843170166e-02 4.584296792745590210e-02
1.211744919419288635e-02 4.579599574208259583e-02
1.386187598109245300e-02 4.903344064950942993e-02
1.301860809326171875e-02 4.401524364948272705e-02
1.531125232577323914e-02 4.574736207723617554e-02
1.241621747612953186e-02 4.377163201570510864e-02
1.147752255201339722e-02 4.390373453497886658e-02
1.031140238046646118e-02 4.305386543273925781e-02
1.012367941439151764e-02 4.381754249334335327e-02
1.247389987111091614e-02 4.494833946228027344e-02
1.362083107233047485e-02 4.470030963420867920e-02
1.319622620940208435e-02 4.462111741304397583e-02
1.259372569620609283e-02 4.382740706205368042e-02
1.340241730213165283e-02 4.393497109413146973e-02
1.386898756027221680e-02 4.393419623374938965e-02
1.707898452877998352e-02 4.686444252729415894e-02
1.822775974869728088e-02 4.824580997228622437e-02
1.412425562739372253e-02 4.540420323610305786e-02
1.490130648016929626e-02 4.656622558832168579e-02
1.400668919086456299e-02 4.697858542203903198e-02
1.277461647987365723e-02 4.228512942790985107e-02
1.308898814022541046e-02 4.560630396008491516e-02
1.448215730488300323e-02 4.625014960765838623e-02
1.224773190915584564e-02 4.122349619865417480e-02
1.336028054356575012e-02 4.287038370966911316e-02
1.236326061189174652e-02 4.521842300891876221e-02
1.058920472860336304e-02 4.073379188776016235e-02
1.358653046190738678e-02 4.716771841049194336e-02
1.041208580136299133e-02 3.840228542685508728e-02
1.054280065000057220e-02 3.417437523603439331e-02
1.472621969878673553e-02 4.785819351673126221e-02
1.149418950080871582e-02 4.051169753074645996e-02
1.202376186847686768e-02 4.317660257220268250e-02
1.240348257124423981e-02 4.595120996236801147e-02
1.299537159502506256e-02 4.610770940780639648e-02
1.304176822304725647e-02 4.521124064922332764e-02
1.286574453115463257e-02 4.418123513460159302e-02
1.353489980101585388e-02 4.652682691812515259e-02
1.390462368726730347e-02 4.563790559768676758e-02
1.354725658893585205e-02 4.669573158025741577e-02
1.178852841258049011e-02 4.455383121967315674e-02
1.257873326539993286e-02 4.471654817461967468e-02
1.339136250317096710e-02 4.620341956615447998e-02
1.465280912816524506e-02 4.550253227353096008e-02
1.273489743471145630e-02 4.370540380477905273e-02
1.220587641000747681e-02 4.311608895659446716e-02
1.208014786243438721e-02 4.442964121699333191e-02
1.282560825347900391e-02 4.359775409102439880e-02
1.307865604758262634e-02 4.396069422364234924e-02
1.184909790754318237e-02 4.330150783061981201e-02
1.120082847774028778e-02 4.214207828044891357e-02
1.212539896368980408e-02 4.306428134441375732e-02
1.066427305340766907e-02 4.212697595357894897e-02
1.017724350094795227e-02 4.309511929750442505e-02
9.602021425962448120e-03 4.218157380819320679e-02
1.173255592584609985e-02 4.385498166084289551e-02
1.121988147497177124e-02 4.415296763181686401e-02
1.310275495052337646e-02 4.465802386403083801e-02
1.249568723142147064e-02 4.270805045962333679e-02
1.321342587471008301e-02 4.115669801831245422e-02
1.169196888804435730e-02 4.399811848998069763e-02
1.290380954742431641e-02 4.523361101746559143e-02
1.359664276242256165e-02 4.558334127068519592e-02
1.391748711466789246e-02 4.485171660780906677e-02
1.082737371325492859e-02 4.612984508275985718e-02
7.899828255176544189e-03 3.706901893019676208e-02
1.212649419903755188e-02 4.233119636774063110e-02
1.215432025492191315e-02 4.097833856940269470e-02
1.359049603343009949e-02 4.426011443138122559e-02
1.244526356458663940e-02 4.218716919422149658e-02
1.222742721438407898e-02 4.621525108814239502e-02
1.226922869682312012e-02 4.594177752733230591e-02
1.211911812424659729e-02 4.588644951581954956e-02
1.138492487370967865e-02 4.558942466974258423e-02
1.122512668371200562e-02 4.315974563360214233e-02
1.118370518088340759e-02 4.428952187299728394e-02
1.002941466867923737e-02 4.278097674250602722e-02
1.271856762468814850e-02 4.647381603717803955e-02
6.920374929904937744e-03 3.916364163160324097e-02
1.316369324922561646e-02 4.658252373337745667e-02
1.303085312247276306e-02 4.995419830083847046e-02
1.816782914102077484e-02 5.029685795307159424e-02
1.477237045764923096e-02 4.721613600850105286e-02
1.168166473507881165e-02 3.596749529242515564e-02
1.600058749318122864e-02 4.841145873069763184e-02
2.317538857460021973e-02 3.776668757200241089e-02
1.798071898519992828e-02 4.830052703619003296e-02
1.559762470424175262e-02 3.414256870746612549e-02
1.766423694789409637e-02 5.069141834974288940e-02
1.686068810522556305e-02 5.033902823925018311e-02
1.752968691289424896e-02 5.141588300466537476e-02
1.471211388707160950e-02 3.260723501443862915e-02
1.450469903647899628e-02 4.348188266158103943e-02
1.369117572903633118e-02 6.267936527729034424e-02
1.545827835798263550e-02 4.661820083856582642e-02
1.418528892099857330e-02 4.614517465233802795e-02
1.405974291265010834e-02 4.745306074619293213e-02
2.040042355656623840e-02 4.412312805652618408e-02
1.157378777861595154e-02 4.107529670000076294e-02
1.637261174619197845e-02 4.670095443725585938e-02
5.471486598253250122e-03 3.816672787070274353e-02
1.146479882299900055e-02 4.568951949477195740e-02
1.220377907156944275e-02 4.567371308803558350e-02
1.296482980251312256e-02 4.415444657206535339e-02
1.274890638887882233e-02 4.316660016775131226e-02
1.197749003767967224e-02 4.318278282880783081e-02
1.031706668436527252e-02 4.152244329452514648e-02
1.364868693053722382e-02 4.533428698778152466e-02
1.303179562091827393e-02 4.369997233152389526e-02
1.219392195343971252e-02 4.345516115427017212e-02
1.296742260456085205e-02 4.424397274851799011e-02
1.133359223604202271e-02 4.358034953474998474e-02
1.111483015120029449e-02 4.057525843381881714e-02
1.392113976180553436e-02 4.454851895570755005e-02
1.364632509648799896e-02 4.434600472450256348e-02
1.342483609914779663e-02 4.626927152276039124e-02
1.259467378258705139e-02 4.466415196657180786e-02
1.482930406928062439e-02 4.800197854638099670e-02
1.467906124889850616e-02 4.684449732303619385e-02
1.511945948004722595e-02 4.548801481723785400e-02
1.574165374040603638e-02 4.709000512957572937e-02
1.472523808479309082e-02 4.649966955184936523e-02
1.473971083760261536e-02 4.637110233306884766e-02
1.396205462515354156e-02 4.575668647885322571e-02
1.484362781047821045e-02 4.743420332670211792e-02
1.304794289171695709e-02 4.645284265279769897e-02
1.447503641247749329e-02 4.741562902927398682e-02
1.512575149536132812e-02 4.806481301784515381e-02
1.498220302164554596e-02 5.025728046894073486e-02
1.419834047555923462e-02 4.913648962974548340e-02
1.304738223552703857e-02 4.748719185590744019e-02
1.383095234632492065e-02 4.822284728288650513e-02
1.571667939424514771e-02 4.977523535490036011e-02
1.464698836207389832e-02 4.753018915653228760e-02
1.548645831644535065e-02 4.920911788940429688e-02
1.463023573160171509e-02 4.920142143964767456e-02
1.519546285271644592e-02 4.964522644877433777e-02
1.534631289541721344e-02 4.922865331172943115e-02
1.476056128740310669e-02 4.843740910291671753e-02
1.552911661565303802e-02 4.902683198451995850e-02
1.549726910889148712e-02 4.813244193792343140e-02
1.498834975063800812e-02 4.857803136110305786e-02
1.479426026344299316e-02 4.729923605918884277e-02
1.614196784794330597e-02 4.957152530550956726e-02
1.609943434596061707e-02 5.107856169342994690e-02
1.691195182502269745e-02 5.037561058998107910e-02
1.535633206367492676e-02 4.940123111009597778e-02
1.816031336784362793e-02 5.035786330699920654e-02
1.651129685342311859e-02 4.820270091295242310e-02
1.665305532515048981e-02 5.008777230978012085e-02
1.581227406859397888e-02 4.853897169232368469e-02
1.786055788397789001e-02 5.097033828496932983e-02
1.771446876227855682e-02 5.084513127803802490e-02
1.638824120163917542e-02 5.125961080193519592e-02
1.735075935721397400e-02 5.210659652948379517e-02
1.724189519882202148e-02 5.165144801139831543e-02
1.725435070693492889e-02 5.103314667940139771e-02
1.717922091484069824e-02 5.045225471258163452e-02
1.670961268246173859e-02 4.907617717981338501e-02
1.717914640903472900e-02 4.928220808506011963e-02
1.736242510378360748e-02 5.088185518980026245e-02
1.779515855014324188e-02 5.085992813110351562e-02
1.768381521105766296e-02 5.031137913465499878e-02
1.740410551428794861e-02 5.097819119691848755e-02
1.805643923580646515e-02 5.082745105028152466e-02
1.567764207720756531e-02 5.212004482746124268e-02
1.518122106790542603e-02 5.187427997589111328e-02
6.671383976936340332e-03 4.069792106747627258e-02
1.597141847014427185e-02 4.874365031719207764e-02
1.546391379088163376e-02 4.938355088233947754e-02
1.560936123132705688e-02 5.245874822139739990e-02
1.515892334282398224e-02 5.242344364523887634e-02
1.504434645175933838e-02 4.991761222481727600e-02
1.457973942160606384e-02 5.163452774286270142e-02
2.473764866590499878e-02 4.108912497758865356e-02
1.839749142527580261e-02 4.789534211158752441e-02
1.653743349015712738e-02 3.400134667754173279e-02
1.868245378136634827e-02 5.172939598560333252e-02
1.917714998126029968e-02 5.172597616910934448e-02
1.897719129920005798e-02 4.917701333761215210e-02
1.121838763356208801e-02 2.748983353376388550e-02
1.625739969313144684e-02 4.901586472988128662e-02
2.063834294676780701e-02 4.953412339091300964e-02
1.634372398257255554e-02 4.837922006845474243e-02
1.143587380647659302e-02 4.479185491800308228e-02
1.470371335744857788e-02 4.956490546464920044e-02
1.618065312504768372e-02 5.028572678565979004e-02
1.465705223381519318e-02 5.200118944048881531e-02
8.631201460957527161e-03 4.219346493482589722e-02
1.153964176774024963e-02 4.466820135712623596e-02
1.399952359497547150e-02 5.039682984352111816e-02
1.253782957792282104e-02 4.752526432275772095e-02
1.434694603085517883e-02 4.708336293697357178e-02
1.412801817059516907e-02 4.319062829017639160e-02
1.406115666031837463e-02 4.573193192481994629e-02
1.252379640936851501e-02 4.486019909381866455e-02
1.076146960258483887e-02 4.044655710458755493e-02
1.480336301028728485e-02 4.436621069908142090e-02
1.401923596858978271e-02 4.154999926686286926e-02
1.620927639305591583e-02 4.736581072211265564e-02
1.758962310850620270e-02 5.052808672189712524e-02
1.706303656101226807e-02 5.312913656234741211e-02
1.374347507953643799e-02 5.021243542432785034e-02
1.740474998950958252e-02 4.329378157854080200e-02
1.959120109677314758e-02 4.841183125972747803e-02
1.863164268434047699e-02 5.199193209409713745e-02
1.902664266526699066e-02 4.793732613325119019e-02
1.814849115908145905e-02 4.763325303792953491e-02
1.551924459636211395e-02 5.360727757215499878e-02
1.385632157325744629e-02 4.744254052639007568e-02
1.730935089290142059e-02 5.077832937240600586e-02
1.486219093203544617e-02 5.200425162911415100e-02
1.223551109433174133e-02 4.346774145960807800e-02
1.190569996833801270e-02 4.435752332210540771e-02
1.141646690666675568e-02 4.286928474903106689e-02
1.056583598256111145e-02 4.348548874258995056e-02
1.095696166157722473e-02 4.383812844753265381e-02
1.186620444059371948e-02 4.564209282398223877e-02
1.191312447190284729e-02 4.658868163824081421e-02
1.336400024592876434e-02 4.464280977845191956e-02
1.171772554516792297e-02 4.508139938116073608e-02
1.162005588412284851e-02 4.620711505413055420e-02
1.140688359737396240e-02 4.603001475334167480e-02
1.341042481362819672e-02 4.569008573889732361e-02
1.130183599889278412e-02 4.461695253849029541e-02
1.215676590800285339e-02 4.570248723030090332e-02
1.136531867086887360e-02 4.426102340221405029e-02
9.525775909423828125e-03 4.119438678026199341e-02
1.011362299323081970e-02 4.673621803522109985e-02
1.246872171759605408e-02 4.761323332786560059e-02
1.302217692136764526e-02 4.915950447320938110e-02
9.330425411462783813e-03 4.027779400348663330e-02
8.382808417081832886e-03 3.991362825036048889e-02
1.311510801315307617e-02 4.744168743491172791e-02
1.193134859204292297e-02 4.439716413617134094e-02
1.318194158375263214e-02 4.723368585109710693e-02
1.432439312338829041e-02 4.388089850544929504e-02
1.035467162728309631e-02 4.158399999141693115e-02
1.113389246165752411e-02 4.198043420910835266e-02
1.278657093644142151e-02 4.374914616346359253e-02
1.258604042232036591e-02 4.520158842206001282e-02
1.083117350935935974e-02 4.261768981814384460e-02
9.671047329902648926e-03 4.239376634359359741e-02
1.045846194028854370e-02 4.379298910498619080e-02
1.080797985196113586e-02 4.472141340374946594e-02
1.176694408059120178e-02 4.444322735071182251e-02
1.114789582788944244e-02 4.335831850767135620e-02
1.194367371499538422e-02 4.398186132311820984e-02
1.182900369167327881e-02 4.587666690349578857e-02
1.383766159415245056e-02 4.707318171858787537e-02
1.327675208449363708e-02 4.829752445220947266e-02
1.278575882315635681e-02 4.723950847983360291e-02
1.289647445082664490e-02 4.852467775344848633e-02
1.451090164482593536e-02 4.780478775501251221e-02
1.429003477096557617e-02 4.642298817634582520e-02
1.362122967839241028e-02 4.645693302154541016e-02
1.306696608662605286e-02 4.771650582551956177e-02
1.268224045634269714e-02 4.793962836265563965e-02
8.414426818490028381e-03 4.268362373113632202e-02
1.358257979154586792e-02 4.710678383708000183e-02
1.321393810212612152e-02 5.037122964859008789e-02
1.662280969321727753e-02 4.804604500532150269e-02
1.607931032776832581e-02 5.171391367912292480e-02
1.593519002199172974e-02 4.903506487607955933e-02
1.793070882558822632e-02 4.916138201951980591e-02
1.726727932691574097e-02 4.067469388246536255e-02
1.574422046542167664e-02 4.404745250940322876e-02
1.526003703474998474e-02 2.898288890719413757e-02
1.834462396800518036e-02 4.972712695598602295e-02
1.875825226306915283e-02 4.976851120591163635e-02
1.889177225530147552e-02 5.134510248899459839e-02
1.050772704184055328e-02 2.501691505312919617e-02
1.118676923215389252e-02 3.832609951496124268e-02
1.630481146275997162e-02 5.884004384279251099e-02
1.523569040000438690e-02 4.310694336891174316e-02
1.342751458287239075e-02 4.416050761938095093e-02
1.272613368928432465e-02 4.515201598405838013e-02
2.072240039706230164e-02 4.180756211280822754e-02
1.443782448768615723e-02 4.454266279935836792e-02
1.558331027626991272e-02 4.396048933267593384e-02
8.377457037568092346e-03 3.943292796611785889e-02
1.323749870061874390e-02 4.445666074752807617e-02
1.243283972144126892e-02 4.402836784720420837e-02
1.235372945666313171e-02 4.291634261608123779e-02
1.305822655558586121e-02 4.296866804361343384e-02
1.460109651088714600e-02 4.454450309276580811e-02
1.280382461845874786e-02 4.322475939989089966e-02
1.333556883037090302e-02 4.451359063386917114e-02
1.216101646423339844e-02 4.401848465204238892e-02
1.265954971313476562e-02 4.451844468712806702e-02
1.269812136888504028e-02 4.393199831247329712e-02
1.287763193249702454e-02 4.462082684040069580e-02
1.456951722502708435e-02 4.641555994749069214e-02
1.484353281557559967e-02 4.637608304619789124e-02
1.371999084949493408e-02 4.341893643140792847e-02
1.265241578221321106e-02 4.332925751805305481e-02
1.229711994528770447e-02 4.439951851963996887e-02
1.298484764993190765e-02 4.528965801000595093e-02
1.287811435759067535e-02 4.351646825671195984e-02
1.259368285536766052e-02 4.474893584847450256e-02
1.163242012262344360e-02 4.578293859958648682e-02
1.331010647118091583e-02 4.482070356607437134e-02
1.019920781254768372e-02 4.454851150512695312e-02
1.113667339086532593e-02 4.437106102705001831e-02
1.229301840066909790e-02 4.549451544880867004e-02
1.014917343854904175e-02 4.466845467686653137e-02
1.077580824494361877e-02 4.625631868839263916e-02
1.110980287194252014e-02 4.470155015587806702e-02
1.179075613617897034e-02 4.600642248988151550e-02
1.057679206132888794e-02 4.540943354368209839e-02
1.140216924250125885e-02 4.594185948371887207e-02
1.228722929954528809e-02 4.730941355228424072e-02
1.202480122447013855e-02 4.584542661905288696e-02
1.309665292501449585e-02 4.453019052743911743e-02
1.290128752589225769e-02 4.606515169143676758e-02
1.222166232764720917e-02 4.408269003033638000e-02
1.148267090320587158e-02 4.542748630046844482e-02
1.133906655013561249e-02 4.319203644990921021e-02
1.207385212182998657e-02 4.444275051355361938e-02
1.004599034786224365e-02 4.096011072397232056e-02
9.814053773880004883e-03 3.996517509222030640e-02
9.580917656421661377e-03 3.875310719013214111e-02
9.693849831819534302e-03 4.247839748859405518e-02
1.054047979414463043e-02 3.946350887417793274e-02
1.121997460722923279e-02 4.043823480606079102e-02
1.095362380146980286e-02 4.213141277432441711e-02
9.536284953355789185e-03 3.927931934595108032e-02
1.072321087121963501e-02 4.032921791076660156e-02
1.159363426268100739e-02 4.612288996577262878e-02
1.085690036416053772e-02 4.491134732961654663e-02
1.252919062972068787e-02 4.279860854148864746e-02
1.232486963272094727e-02 4.424528032541275024e-02
1.188865303993225098e-02 4.300196468830108643e-02
8.465880528092384338e-03 4.055372625589370728e-02
1.265277341008186340e-02 4.025240987539291382e-02
1.460304111242294312e-02 4.769487679004669189e-02
1.702933013439178467e-02 4.394759982824325562e-02
9.774340316653251648e-03 3.759278357028961182e-02
1.209488883614540100e-02 4.122681170701980591e-02
1.668913662433624268e-02 5.167472362518310547e-02
2.174242772161960602e-02 3.498900309205055237e-02
2.071535959839820862e-02 3.559719026088714600e-02
6.740242242813110352e-03 2.228812500834465027e-02
1.267716661095619202e-02 4.338952898979187012e-02
1.495380327105522156e-02 4.397936537861824036e-02
1.423337310552597046e-02 4.451415687799453735e-02
7.033066824078559875e-03 1.897463016211986542e-02
1.101217605173587799e-02 3.802464902400970459e-02
1.927969232201576233e-02 5.205189436674118042e-02
1.855100691318511963e-02 4.902037233114242554e-02
9.546969085931777954e-03 4.051957651972770691e-02
1.127553544938564301e-02 4.516337066888809204e-02
1.891054585576057434e-02 3.655192255973815918e-02
8.759340271353721619e-03 3.482903540134429932e-02
1.133972033858299255e-02 4.169660061597824097e-02
4.840869456529617310e-03 3.746324777603149414e-02
1.128210872411727905e-02 4.421329125761985779e-02
9.169183671474456787e-03 4.310791939496994019e-02
9.663218632340431213e-03 4.142398759722709656e-02
1.227408088743686676e-02 4.343893006443977356e-02
1.163033768534660339e-02 4.410984739661216736e-02
1.294508017599582672e-02 4.218559712171554565e-02
8.053749799728393555e-03 3.898913413286209106e-02
1.191774569451808929e-02 4.180905595421791077e-02
1.215777546167373657e-02 4.265068843960762024e-02
1.044167205691337585e-02 4.287771135568618774e-02
9.126406162977218628e-03 4.206015542149543762e-02
9.918341413140296936e-03 4.268938302993774414e-02
9.066160768270492554e-03 4.252660274505615234e-02
1.082013547420501709e-02 4.320948570966720581e-02
1.192300021648406982e-02 4.442531242966651917e-02
1.062556169927120209e-02 4.206372797489166260e-02
1.169283315539360046e-02 4.439090937376022339e-02
1.350237801671028137e-02 4.845789447426795959e-02
1.194046065211296082e-02 4.548104852437973022e-02
1.555775292217731476e-02 5.158017575740814209e-02
1.593930460512638092e-02 4.876324906945228577e-02
1.024534367024898529e-02 4.153738170862197876e-02
9.623214602470397949e-03 4.209795221686363220e-02
8.926795795559883118e-03 4.173300415277481079e-02
9.704535827040672302e-03 4.395568743348121643e-02
9.561007842421531677e-03 4.384622722864151001e-02
8.606500923633575439e-03 4.209160804748535156e-02
8.893726393580436707e-03 4.198552668094635010e-02
9.306292980909347534e-03 4.203572869300842285e-02
1.258914545178413391e-02 4.590363800525665283e-02
1.488224789500236511e-02 4.775070771574974060e-02
1.509775221347808838e-02 4.823327809572219849e-02
1.307159289717674255e-02 4.823948442935943604e-02
1.312525942921638489e-02 4.814364761114120483e-02
1.259855553507804871e-02 4.819440096616744995e-02
1.368471421301364899e-02 4.833437502384185791e-02
1.330936327576637268e-02 4.732113331556320190e-02
1.440270245075225830e-02 4.762751236557960510e-02
1.332133077085018158e-02 4.676762595772743225e-02
1.251018419861793518e-02 4.460987448692321777e-02
1.216147840023040771e-02 4.377031326293945312e-02
1.243959367275238037e-02 4.459381848573684692e-02
1.114345900714397430e-02 4.404282569885253906e-02
1.318008452653884888e-02 4.558444023132324219e-02
1.281779073178768158e-02 4.509647190570831299e-02
1.362754032015800476e-02 4.649126529693603516e-02
1.202082447707653046e-02 4.483812302350997925e-02
1.341532543301582336e-02 4.560457170009613037e-02
1.203252002596855164e-02 4.185685515403747559e-02
1.227609813213348389e-02 4.265804588794708252e-02
1.237066090106964111e-02 4.351833462715148926e-02
1.283153519034385681e-02 4.554103314876556396e-02
1.272039860486984253e-02 4.593624547123908997e-02
1.390929706394672394e-02 4.605931788682937622e-02
1.260513067245483398e-02 4.682820290327072144e-02
1.502886414527893066e-02 4.842706024646759033e-02
1.429506018757820129e-02 4.689830541610717773e-02
1.484714075922966003e-02 4.512526839971542358e-02
1.213018968701362610e-02 4.180398583412170410e-02
1.107286661863327026e-02 4.154508560895919800e-02
1.285321451723575592e-02 4.390264302492141724e-02
1.161144301295280457e-02 4.154358804225921631e-02
1.268363744020462036e-02 4.359827190637588501e-02
1.359199918806552887e-02 4.414221644401550293e-02
1.400670222938060760e-02 4.428467899560928345e-02
1.145201176404953003e-02 4.092186316847801208e-02
8.625559508800506592e-03 4.167032986879348755e-02
7.716469466686248779e-03 4.024713858962059021e-02
2.016879618167877197e-03 3.092828765511512756e-02
1.456145383417606354e-02 4.102946072816848755e-02
1.367724500596523285e-02 4.226772114634513855e-02
1.773645356297492981e-02 4.964673146605491638e-02
1.320294290781021118e-02 4.617738723754882812e-02
1.198495179414749146e-02 4.388820007443428040e-02
1.557064242660999298e-02 5.307368934154510498e-02
1.772210001945495605e-02 5.441264808177947998e-02
1.399633660912513733e-02 4.337977245450019836e-02
1.031224429607391357e-02 2.442282624542713165e-02
1.891797035932540894e-02 5.127759277820587158e-02
1.769092492759227753e-02 5.151968821883201599e-02
1.522092148661613464e-02 3.930688276886940002e-02
9.976724162697792053e-03 2.570601180195808411e-02
1.764251850545406342e-02 4.979629069566726685e-02
2.321777679026126862e-02 5.208796262741088867e-02
1.653128117322921753e-02 4.842047765851020813e-02
1.455704122781753540e-02 4.714274406433105469e-02
1.657645031809806824e-02 4.851523041725158691e-02
1.833253353834152222e-02 4.763909429311752319e-02
1.687195152044296265e-02 5.252787470817565918e-02
1.243752613663673401e-02 4.057722538709640503e-02
1.133214682340621948e-02 4.401773214340209961e-02
1.589276269078254700e-02 5.065139010548591614e-02
1.816582679748535156e-02 5.187182128429412842e-02
1.557714305818080902e-02 5.211569368839263916e-02
1.715834997594356537e-02 5.134951323270797729e-02
1.616891659796237946e-02 4.937379062175750732e-02
1.145410165190696716e-02 4.276002570986747742e-02
1.199995353817939758e-02 4.105579853057861328e-02
1.085064560174942017e-02 4.046124219894409180e-02
1.185281574726104736e-02 4.251700639724731445e-02
1.142998039722442627e-02 4.143717139959335327e-02
1.230351813137531281e-02 3.977503627538681030e-02
1.142409816384315491e-02 4.063283652067184448e-02
1.234857738018035889e-02 4.335443675518035889e-02
1.195254176855087280e-02 4.220251366496086121e-02
1.182601414620876312e-02 4.261523112654685974e-02
1.588662341237068176e-02 4.587853699922561646e-02
1.389225944876670837e-02 4.081543534994125366e-02
1.514579355716705322e-02 4.014936089515686035e-02
1.683982275426387787e-02 4.121567308902740479e-02
1.818563789129257202e-02 4.321726039052009583e-02
1.974560692906379700e-02 4.495933279395103455e-02
2.130762115120887756e-02 4.640612751245498657e-02
2.139494754374027252e-02 4.449795559048652649e-02
2.158854715526103973e-02 4.369465634226799011e-02
1.845821365714073181e-02 4.948805272579193115e-02
1.887506991624832153e-02 4.943546652793884277e-02
1.818781904876232147e-02 4.689133539795875549e-02
1.961223036050796509e-02 4.820460826158523560e-02
2.138452231884002686e-02 4.956681281328201294e-02
2.185867354273796082e-02 5.102223157882690430e-02
2.056523784995079041e-02 5.209941416978836060e-02
2.065921202301979065e-02 5.100754648447036743e-02
2.224261872470378876e-02 5.141746997833251953e-02
2.006698399782180786e-02 4.844007641077041626e-02
1.917743682861328125e-02 5.161650106310844421e-02
1.914401166141033173e-02 4.612267389893531799e-02
1.849421113729476929e-02 4.676488786935806274e-02
1.981649734079837799e-02 4.900790005922317505e-02
1.921099424362182617e-02 4.631536081433296204e-02
1.997987926006317139e-02 5.110595375299453735e-02
2.013650536537170410e-02 4.922644048929214478e-02
1.976054534316062927e-02 5.055417865514755249e-02
2.034203708171844482e-02 5.025985091924667358e-02
2.024918422102928162e-02 5.044704675674438477e-02
2.192512154579162598e-02 5.023911967873573303e-02
2.083038911223411560e-02 4.867938905954360962e-02
2.074134163558483124e-02 5.215758830308914185e-02
2.112026140093803406e-02 5.090407282114028931e-02
1.943080686032772064e-02 5.026139318943023682e-02
1.846786774694919586e-02 5.120494961738586426e-02
1.945350319147109985e-02 5.168792605400085449e-02
1.944133453071117401e-02 5.037832260131835938e-02
1.930834539234638214e-02 5.223845690488815308e-02
2.084908634424209595e-02 4.928832501173019409e-02
1.998656243085861206e-02 5.005834251642227173e-02
2.021826431155204773e-02 5.084820091724395752e-02
1.846601255238056183e-02 4.808758944272994995e-02
1.760996133089065552e-02 4.861941188573837280e-02
1.653509028255939484e-02 4.617759585380554199e-02
1.734756492078304291e-02 4.514235630631446838e-02
1.814079657196998596e-02 4.926495254039764404e-02
1.618626341223716736e-02 4.991715401411056519e-02
1.839811913669109344e-02 5.072264000773429871e-02
1.741109788417816162e-02 5.098056048154830933e-02
1.924808323383331299e-02 5.091872811317443848e-02
1.803744956851005554e-02 5.033841729164123535e-02
1.798138394951820374e-02 5.165422707796096802e-02
1.657949946820735931e-02 5.062736570835113525e-02
1.394009590148925781e-02 4.813231527805328369e-02
3.585819154977798462e-03 3.496794030070304871e-02
1.412902213633060455e-02 4.578557237982749939e-02
1.649093441665172577e-02 4.691037535667419434e-02
1.899720169603824615e-02 5.103180557489395142e-02
1.726670563220977783e-02 4.992073029279708862e-02
1.648393273353576660e-02 4.794960469007492065e-02
2.046003937721252441e-02 4.907841235399246216e-02
1.896389201283454895e-02 5.184607207775115967e-02
1.935099624097347260e-02 4.701751470565795898e-02
1.752674393355846405e-02 3.897875547409057617e-02
1.792210526764392853e-02 5.231638997793197632e-02
1.837343536317348480e-02 5.196886509656906128e-02
1.936382614076137543e-02 4.583700746297836304e-02
1.511734351515769958e-02 3.206123039126396179e-02
1.950551196932792664e-02 5.098556727170944214e-02
2.484996989369392395e-02 4.660808295011520386e-02
1.683802530169487000e-02 5.095074325799942017e-02
1.693500019609928131e-02 5.025869235396385193e-02
1.728359423577785492e-02 5.131086707115173340e-02
1.699594408273696899e-02 4.734347015619277954e-02
1.694869250059127808e-02 5.216627568006515503e-02
1.595583185553550720e-02 4.813036695122718811e-02
1.631182059645652771e-02 4.943969845771789551e-02
1.629390567541122437e-02 5.098512768745422363e-02
1.704661548137664795e-02 5.012373626232147217e-02
1.701329462230205536e-02 5.055251717567443848e-02
1.626159437000751495e-02 5.047535523772239685e-02
1.715378835797309875e-02 5.037741363048553467e-02
1.690511777997016907e-02 5.077958852052688599e-02
1.773009449243545532e-02 5.110710114240646362e-02
1.674735918641090393e-02 5.073872953653335571e-02
1.877868175506591797e-02 5.211863294243812561e-02
1.740934513509273529e-02 5.084338039159774780e-02
1.650949940085411072e-02 4.975789040327072144e-02
1.816976442933082581e-02 5.088134109973907471e-02
1.935113035142421722e-02 5.219599977135658264e-02
2.014055475592613220e-02 5.251408368349075317e-02
1.866555400192737579e-02 5.201670154929161072e-02
1.917206496000289917e-02 5.274964123964309692e-02
1.834335364401340485e-02 5.235004052519798279e-02
1.771245896816253662e-02 5.249969661235809326e-02
1.915130950510501862e-02 5.144452303647994995e-02
1.823634654283523560e-02 5.169674009084701538e-02
1.869169808924198151e-02 5.182830616831779480e-02
1.802406832575798035e-02 5.187234282493591309e-02
1.849874109029769897e-02 5.202629044651985168e-02
1.903585344552993774e-02 5.201784521341323853e-02
1.837288960814476013e-02 5.208213627338409424e-02
1.711528375744819641e-02 5.236570909619331360e-02
1.785425096750259399e-02 5.238192901015281677e-02
1.817393116652965546e-02 5.157303065061569214e-02
1.963499188423156738e-02 5.117868632078170776e-02
1.913363486528396606e-02 5.270675569772720337e-02
1.866337284445762634e-02 5.283253639936447144e-02
1.939068734645843506e-02 5.188401788473129272e-02
1.797622442245483398e-02 5.081757903099060059e-02
1.763759925961494446e-02 5.052505433559417725e-02
1.709979400038719177e-02 5.136766284704208374e-02
1.634106412529945374e-02 5.254004895687103271e-02
1.683499105274677277e-02 5.256921797990798950e-02
1.843048632144927979e-02 5.191422998905181885e-02
1.835429668426513672e-02 5.216120183467864990e-02
1.696804352104663849e-02 5.180695652961730957e-02
1.725769974291324615e-02 5.145721882581710815e-02
1.775427162647247314e-02 5.094616115093231201e-02
1.781108602881431580e-02 5.053130164742469788e-02
1.707361079752445221e-02 5.053818225860595703e-02
1.720018312335014343e-02 5.079870298504829407e-02
1.775055751204490662e-02 5.045649781823158264e-02
1.705062575638294220e-02 5.124341696500778198e-02
1.786684058606624603e-02 5.075220018625259399e-02
1.773915812373161316e-02 5.114608258008956909e-02
1.857553794980049133e-02 5.075273662805557251e-02
1.757475174963474274e-02 5.036592483520507812e-02
1.660140976309776306e-02 5.031885206699371338e-02
1.754802837967872620e-02 5.108375847339630127e-02
1.779434829950332642e-02 5.074686557054519653e-02
1.828814111649990082e-02 5.202502757310867310e-02
1.633929088711738586e-02 4.947963356971740723e-02
1.830617338418960571e-02 5.071108043193817139e-02
1.821381971240043640e-02 5.060238391160964966e-02
1.768350042402744293e-02 5.136635154485702515e-02
1.822232455015182495e-02 5.109212547540664673e-02
1.880912110209465027e-02 5.105259269475936890e-02
1.745199970901012421e-02 5.115088075399398804e-02
1.744800060987472534e-02 5.191673338413238525e-02
1.517373509705066681e-02 4.904574155807495117e-02
1.937757432460784912e-02 4.868188500404357910e-02
1.787546835839748383e-02 4.750700294971466064e-02
1.756306737661361694e-02 5.142596364021301270e-02
1.799214072525501251e-02 5.124835669994354248e-02
1.728692092001438141e-02 4.975547641515731812e-02
1.860719919204711914e-02 5.000203847885131836e-02
2.740726433694362640e-02 3.657929599285125732e-02
1.928214356303215027e-02 4.538391903042793274e-02
1.838170364499092102e-02 3.542849421501159668e-02
1.918346993625164032e-02 5.177531391382217407e-02
2.010483294725418091e-02 5.218236893415451050e-02
1.941289380192756653e-02 5.178177356719970703e-02
1.616080850362777710e-02 3.003286011517047882e-02
1.690600626170635223e-02 4.618383571505546570e-02
1.930375397205352783e-02 4.952349513769149780e-02
2.089919149875640869e-02 4.617897421121597290e-02
1.750506274402141571e-02 5.116975307464599609e-02
1.767211407423019409e-02 5.190325528383255005e-02
1.892413012683391571e-02 4.567860066890716553e-02
1.799951866269111633e-02 4.913993179798126221e-02
1.989999227225780487e-02 4.945205152034759521e-02
1.602161116898059845e-02 4.862133413553237915e-02
1.919969730079174042e-02 5.139791220426559448e-02
1.983905211091041565e-02 5.286350101232528687e-02
2.205853909254074097e-02 5.206486582756042480e-02
2.128546312451362610e-02 5.362872034311294556e-02
1.989396102726459503e-02 5.347453057765960693e-02
1.974376849830150604e-02 4.995343089103698730e-02
1.830712147057056427e-02 5.020368099212646484e-02
1.810891553759574890e-02 5.000083148479461670e-02
1.807900518178939819e-02 5.120532214641571045e-02
1.919409632682800293e-02 4.806690663099288940e-02
2.094336226582527161e-02 4.555212706327438354e-02
2.014674991369247437e-02 4.876473546028137207e-02
2.262761816382408142e-02 4.951142519712448120e-02
2.314984984695911407e-02 5.015501379966735840e-02
1.796526461839675903e-02 4.501821845769882202e-02
2.174700051546096802e-02 4.663784801959991455e-02
2.243350632488727570e-02 4.072673991322517395e-02
1.976458914577960968e-02 4.821515828371047974e-02
2.047959715127944946e-02 4.832335561513900757e-02
1.917935162782669067e-02 4.921661317348480225e-02
1.832153648138046265e-02 4.794433712959289551e-02
1.960860192775726318e-02 4.759617149829864502e-02
1.889604702591896057e-02 4.983513802289962769e-02
1.939307898283004761e-02 5.146290361881256104e-02
1.767878048121929169e-02 5.460367351770401001e-02
1.960602216422557831e-02 5.235410481691360474e-02
1.738317869603633881e-02 4.944735020399093628e-02
1.977821439504623413e-02 4.861892014741897583e-02
1.973699219524860382e-02 4.876578599214553833e-02
1.986122503876686096e-02 4.907321184873580933e-02
1.925415173172950745e-02 4.949704930186271667e-02
1.879308372735977173e-02 4.855155199766159058e-02
1.838356070220470428e-02 4.940010979771614075e-02
1.814952865242958069e-02 4.924340173602104187e-02
1.826456934213638306e-02 4.875847697257995605e-02
1.878250390291213989e-02 4.944498091936111450e-02
1.817474141716957092e-02 5.012862384319305420e-02
1.820465177297592163e-02 4.891245067119598389e-02
1.865908876061439514e-02 5.015187710523605347e-02
1.838601008057594299e-02 4.992134124040603638e-02
1.811394095420837402e-02 4.998608678579330444e-02
1.957550272345542908e-02 4.967980831861495972e-02
1.874859817326068878e-02 4.964423924684524536e-02
1.896526478230953217e-02 4.939981549978256226e-02
1.947404816746711731e-02 5.082479119300842285e-02
2.138438448309898376e-02 5.081081762909889221e-02
2.181901223957538605e-02 5.215358734130859375e-02
2.058816887438297272e-02 5.132805556058883667e-02
1.864963397383689880e-02 5.031743273138999939e-02
1.891940645873546600e-02 5.145395919680595398e-02
1.892608776688575745e-02 5.054721236228942871e-02
1.949334144592285156e-02 5.130565911531448364e-02
1.841056346893310547e-02 5.191516876220703125e-02
1.921189203858375549e-02 5.036100745201110840e-02
1.946830004453659058e-02 4.958838596940040588e-02
1.762480288743972778e-02 4.752888530492782593e-02
1.743370294570922852e-02 4.646982997655868530e-02
1.764329150319099426e-02 4.713920503854751587e-02
1.909343153238296509e-02 4.750892519950866699e-02
1.902507245540618896e-02 4.833938181400299072e-02
1.890802383422851562e-02 4.756684601306915283e-02
1.992871984839439392e-02 4.723247513175010681e-02
1.872354187071323395e-02 4.739224165678024292e-02
1.854104921221733093e-02 4.794282466173171997e-02
1.961837522685527802e-02 4.815740883350372314e-02
2.003854699432849884e-02 4.743762314319610596e-02
1.992385648190975189e-02 4.725174605846405029e-02
1.938607729971408844e-02 4.723523557186126709e-02
1.971575617790222168e-02 4.801122471690177917e-02
1.958788186311721802e-02 4.832148551940917969e-02
1.909459941089153290e-02 4.866102337837219238e-02
1.871051825582981110e-02 4.891473799943923950e-02
2.059614099562168121e-02 4.837724938988685608e-02
1.945509389042854309e-02 4.889555275440216064e-02
1.975431106984615326e-02 4.885023087263107300e-02
1.907974854111671448e-02 4.826126992702484131e-02
1.952537707984447479e-02 4.945256561040878296e-02
1.918384432792663574e-02 4.936484247446060181e-02
1.775926351547241211e-02 4.944774508476257324e-02
1.849486865103244781e-02 4.904602468013763428e-02
1.939814537763595581e-02 4.787180200219154358e-02
1.946519501507282257e-02 4.665710777044296265e-02
1.992673426866531372e-02 4.745858907699584961e-02
1.951435767114162445e-02 4.697058349847793579e-02
2.001067250967025757e-02 4.906629770994186401e-02
1.916603371500968933e-02 4.637520015239715576e-02
1.820455491542816162e-02 4.201561212539672852e-02
1.631484739482402802e-02 4.458525776863098145e-02
1.350011117756366730e-02 3.984116762876510620e-02
1.578382961452007294e-02 4.270038753747940063e-02
1.776634529232978821e-02 4.686986654996871948e-02
1.734204404056072235e-02 4.318623989820480347e-02
1.735301688313484192e-02 4.926568269729614258e-02
1.642344892024993896e-02 4.583054408431053162e-02
1.806701533496379852e-02 4.719752818346023560e-02
1.677797548472881317e-02 4.635559022426605225e-02
1.881768181920051575e-02 4.901462048292160034e-02
1.655480824410915375e-02 4.882135242223739624e-02
1.453428342938423157e-02 4.555577784776687622e-02
1.520246453583240509e-02 4.637323319911956787e-02
1.745849102735519409e-02 4.726935178041458130e-02
1.793767511844635010e-02 4.556479305028915405e-02
1.751795783638954163e-02 4.788437858223915100e-02
1.874773390591144562e-02 4.777404665946960449e-02
1.590977609157562256e-02 4.755225032567977905e-02
1.646240800619125366e-02 4.565777629613876343e-02
1.801099628210067749e-02 4.629281163215637207e-02
1.795661449432373047e-02 4.600413888692855835e-02
1.593076065182685852e-02 4.380860179662704468e-02
1.119264401495456696e-02 4.180052503943443298e-02
1.771998964250087738e-02 4.605505615472793579e-02
1.650978438556194305e-02 5.001664906740188599e-02
1.795959845185279846e-02 4.833627492189407349e-02
1.715609803795814514e-02 5.040927603840827942e-02
1.674833893775939941e-02 4.997439682483673096e-02
1.892132498323917389e-02 4.779836535453796387e-02
2.116724662482738495e-02 4.351765662431716919e-02
1.961901411414146423e-02 4.700101912021636963e-02
1.670910790562629700e-02 3.211228176951408386e-02
1.904658228158950806e-02 5.084818229079246521e-02
1.803135871887207031e-02 5.212584137916564941e-02
1.782515645027160645e-02 5.344980210065841675e-02
1.637239940464496613e-02 3.002025187015533447e-02
1.905544102191925049e-02 4.689571633934974670e-02
1.914969272911548615e-02 5.169269442558288574e-02
1.908626966178417206e-02 4.862521588802337646e-02
1.693079806864261627e-02 4.727716743946075439e-02
1.706330291926860809e-02 4.953061789274215698e-02
2.096121758222579956e-02 4.578428715467453003e-02
1.805974170565605164e-02 4.683789610862731934e-02
1.901379972696304321e-02 4.710580408573150635e-02
1.622702181339263916e-02 4.444039985537528992e-02
1.679460704326629639e-02 4.614643007516860962e-02
1.290760189294815063e-02 4.176601022481918335e-02
1.679906062781810760e-02 4.414462298154830933e-02
1.479044742882251740e-02 3.851729631423950195e-02
1.741668954491615295e-02 4.092653095722198486e-02
1.813084818422794342e-02 4.543881118297576904e-02
1.497130654752254486e-02 4.094447940587997437e-02
1.900460943579673767e-02 4.965668544173240662e-02
1.751697063446044922e-02 4.432008042931556702e-02
1.666939072310924530e-02 4.366629198193550110e-02
1.803603954613208771e-02 4.600740969181060791e-02
1.424285024404525757e-02 4.451742768287658691e-02
1.516088657081127167e-02 4.661559313535690308e-02
1.797321066260337830e-02 4.885108023881912231e-02
1.882235147058963776e-02 4.920930415391921997e-02
1.744459755718708038e-02 4.854527115821838379e-02
1.884688064455986023e-02 5.214202404022216797e-02
1.720091700553894043e-02 5.166426301002502441e-02
1.687075570225715637e-02 4.918882250785827637e-02
1.634863391518592834e-02 4.745951294898986816e-02
1.719962432980537415e-02 4.930531233549118042e-02
1.649422384798526764e-02 5.169802904129028320e-02
1.766321249306201935e-02 5.027171969413757324e-02
1.557059213519096375e-02 5.030623823404312134e-02
