3.418360278010368347e-02 2.419457025825977325e-02
3.314513713121414185e-02 2.716978825628757477e-02
3.212079778313636780e-02 2.674446068704128265e-02
3.377272561192512512e-02 2.981425635516643524e-02
3.401792049407958984e-02 3.001996129751205444e-02
3.442120552062988281e-02 2.969090826809406281e-02
3.359179198741912842e-02 3.044403903186321259e-02
3.413159772753715515e-02 3.019949980080127716e-02
3.305429592728614807e-02 3.026723861694335938e-02
3.386623039841651917e-02 3.103479184210300446e-02
3.401621431112289429e-02 3.144513443112373352e-02
3.456869721412658691e-02 3.212559595704078674e-02
3.476500883698463440e-02 3.234261646866798401e-02
3.495008125901222229e-02 3.196746855974197388e-02
3.489434719085693359e-02 3.211838006973266602e-02
3.604441508650779724e-02 3.197719156742095947e-02
3.558048978447914124e-02 3.139598295092582703e-02
3.521219640970230103e-02 3.114311583340167999e-02
3.532527759671211243e-02 3.058141656219959259e-02
3.548651933670043945e-02 3.051835298538208008e-02
3.611128032207489014e-02 3.066479600965976715e-02
3.637304902076721191e-02 3.013250790536403656e-02
3.586752712726593018e-02 2.940282225608825684e-02
3.615463897585868835e-02 2.989860996603965759e-02
3.545675426721572876e-02 3.046238236129283905e-02
3.575341776013374329e-02 3.031564690172672272e-02
3.587768226861953735e-02 3.021215833723545074e-02
3.573489561676979065e-02 3.110896609723567963e-02
3.513545542955398560e-02 3.131006658077239990e-02
3.437826037406921387e-02 2.968602254986763000e-02
3.538953885436058044e-02 3.018333017826080322e-02
3.522379323840141296e-02 2.992431074380874634e-02
3.478148952126502991e-02 3.046056814491748810e-02
3.275697305798530579e-02 2.843951061367988586e-02
3.067843802273273468e-02 2.592870779335498810e-02
3.224959596991539001e-02 2.588720619678497314e-02
3.073407895863056183e-02 2.453904971480369568e-02
3.099243342876434326e-02 2.644620090723037720e-02
2.802353352308273315e-02 2.637460082769393921e-02
3.035137057304382324e-02 2.904306165874004364e-02
3.195358067750930786e-02 3.030139580368995667e-02
3.261338546872138977e-02 2.979592978954315186e-02
3.178070485591888428e-02 2.992695197463035583e-02
3.276049345731735229e-02 3.100584633648395538e-02
3.275439888238906860e-02 3.094964101910591125e-02
3.266512230038642883e-02 3.124794177711009979e-02
3.238812834024429321e-02 3.085500933229923248e-02
3.294354304671287537e-02 2.975175902247428894e-02
3.200681135058403015e-02 2.878409624099731445e-02
3.281767666339874268e-02 2.811706066131591797e-02
3.231599926948547363e-02 2.905968204140663147e-02
3.333375602960586548e-02 2.916245535016059875e-02
3.128592297434806824e-02 2.676185034215450287e-02
3.273911029100418091e-02 2.744915895164012909e-02
3.376785665750503540e-02 3.021779283881187439e-02
2.693334221839904785e-02 2.549540996551513672e-02
2.825390174984931946e-02 2.979832328855991364e-02
2.810850180685520172e-02 2.663675695657730103e-02
2.229509130120277405e-02 2.419477701187133789e-02
2.375765144824981689e-02 2.369386516511440277e-02
2.981001511216163635e-02 2.684812806546688080e-02
2.393482252955436707e-02 2.379103377461433411e-02
2.287327311933040619e-02 2.245057746767997742e-02
2.310136891901493073e-02 2.531164325773715973e-02
2.502100542187690735e-02 2.848097681999206543e-02
2.449311502277851105e-02 2.843742072582244873e-02
2.484388649463653564e-02 2.625687420368194580e-02
2.311342023313045502e-02 2.715269476175308228e-02
2.579367160797119141e-02 2.584687061607837677e-02
2.520961686968803406e-02 2.931881695985794067e-02
2.847582474350929260e-02 2.978797070682048798e-02
3.067534230649471283e-02 2.881103008985519409e-02
2.433483488857746124e-02 2.562911435961723328e-02
3.137256950139999390e-02 2.324737235903739929e-02
3.173155337572097778e-02 2.219545096158981323e-02
2.883213385939598083e-02 2.159518375992774963e-02
2.896294742822647095e-02 1.922006160020828247e-02
2.417770773172378540e-02 1.648733578622341156e-02
2.474009990692138672e-02 1.805881038308143616e-02
1.965983770787715912e-02 1.995936781167984009e-02
1.914554089307785034e-02 1.798405870795249939e-02
2.066797018051147461e-02 2.336549758911132812e-02
1.808679848909378052e-02 2.164747752249240875e-02
1.866670325398445129e-02 2.135686390101909637e-02
1.690869033336639404e-02 2.281175181269645691e-02
1.644775085151195526e-02 2.160203456878662109e-02
1.742633432149887085e-02 1.838321983814239502e-02
1.722734235227108002e-02 2.125374041497707367e-02
1.809301413595676422e-02 2.329365722835063934e-02
1.977844536304473877e-02 2.353880554437637329e-02
2.057575434446334839e-02 2.003456838428974152e-02
2.272485755383968353e-02 1.759368553757667542e-02
1.919355243444442749e-02 1.812968775629997253e-02
1.914262771606445312e-02 1.754217594861984253e-02
2.129081450402736664e-02 2.002447098493576050e-02
2.652258798480033875e-02 2.215161919593811035e-02
2.474115788936614990e-02 2.374674007296562195e-02
2.562833763659000397e-02 2.497218549251556396e-02
2.099457196891307831e-02 2.688317559659481049e-02
2.351457811892032623e-02 2.633149363100528717e-02
2.379175275564193726e-02 2.745352499186992645e-02
1.980664581060409546e-02 2.455794066190719604e-02
1.983421668410301208e-02 2.357018738985061646e-02
2.185764908790588379e-02 2.544355019927024841e-02
2.093189209699630737e-02 2.603420428931713104e-02
1.882644928991794586e-02 2.230149321258068085e-02
2.067178115248680115e-02 2.280443720519542694e-02
2.171020209789276123e-02 2.337536960840225220e-02
2.640656009316444397e-02 2.450427599251270294e-02
2.570046670734882355e-02 2.385508827865123749e-02
2.459625340998172760e-02 2.258235029876232147e-02
2.822572924196720123e-02 2.935085631906986237e-02
2.867815084755420685e-02 2.742603234946727753e-02
3.051889315247535706e-02 2.728427946567535400e-02
2.605418115854263306e-02 2.004601620137691498e-02
2.805238962173461914e-02 2.004878595471382141e-02
2.826913446187973022e-02 2.161585539579391479e-02
2.652234211564064026e-02 2.130336314439773560e-02
2.721556462347507477e-02 2.302891388535499573e-02
3.183244541287422180e-02 2.587496116757392883e-02
2.988214790821075439e-02 2.334027923643589020e-02
3.117113001644611359e-02 2.241790667176246643e-02
2.652958221733570099e-02 2.053554728627204895e-02
3.101915307343006134e-02 2.151018008589744568e-02
2.935258485376834869e-02 1.770073920488357544e-02
2.777375839650630951e-02 2.014259435236454010e-02
3.037573769688606262e-02 2.735789120197296143e-02
2.776175551116466522e-02 2.614939026534557343e-02
2.991943992674350739e-02 2.510865032672882080e-02
2.998470328748226166e-02 2.584682591259479523e-02
2.722461149096488953e-02 2.259276062250137329e-02
2.893665060400962830e-02 2.593367174267768860e-02
3.101708926260471344e-02 2.840970456600189209e-02
3.025424852967262268e-02 2.661981247365474701e-02
3.131120651960372925e-02 2.798946201801300049e-02
3.152395039796829224e-02 2.818535082042217255e-02
2.951538003981113434e-02 2.455903217196464539e-02
3.278256207704544067e-02 2.692386880517005920e-02
3.213994204998016357e-02 2.707285806536674500e-02
3.457095101475715637e-02 2.895309962332248688e-02
3.481080755591392517e-02 2.974468655884265900e-02
3.356058150529861450e-02 2.912370860576629639e-02
3.465262800455093384e-02 2.973377890884876251e-02
3.356453776359558105e-02 3.016293793916702271e-02
3.031390532851219177e-02 3.035735152661800385e-02
3.090924397110939026e-02 2.747430279850959778e-02
3.028045035898685455e-02 2.695233561098575592e-02
3.147284686565399170e-02 2.943987585604190826e-02
2.985707111656665802e-02 3.019640222191810608e-02
3.216809034347534180e-02 3.349782153964042664e-02
2.918296493589878082e-02 2.849638834595680237e-02
2.929185517132282257e-02 2.762359008193016052e-02
3.228321298956871033e-02 2.972961217164993286e-02
3.151588886976242065e-02 3.008463792502880096e-02
3.208753466606140137e-02 2.467771805822849274e-02
3.445947170257568359e-02 2.303899452090263367e-02
3.229137510061264038e-02 2.572248876094818115e-02
3.723558038473129272e-02 2.568262070417404175e-02
3.411319851875305176e-02 2.269674092531204224e-02
3.601427003741264343e-02 2.360254153609275818e-02
3.659386187791824341e-02 2.106783166527748108e-02
3.884463012218475342e-02 2.481149137020111084e-02
3.849427402019500732e-02 2.425533719360828400e-02
3.905012458562850952e-02 2.346643060445785522e-02
3.903141245245933533e-02 2.343376353383064270e-02
3.748879581689834595e-02 2.441649138927459717e-02
3.359613195061683655e-02 2.049140073359012604e-02
2.769580669701099396e-02 1.911423541605472565e-02
3.017390519380569458e-02 2.301606349647045135e-02
2.729001641273498535e-02 2.060519717633724213e-02
2.511185780167579651e-02 1.891694031655788422e-02
2.566993050277233124e-02 1.876864768564701080e-02
2.567488327622413635e-02 2.056056261062622070e-02
2.614084258675575256e-02 1.967742107808589935e-02
2.559012547135353088e-02 1.937478408217430115e-02
2.685347013175487518e-02 2.006745897233486176e-02
2.741387300193309784e-02 2.183618210256099701e-02
2.928895130753517151e-02 2.301303297281265259e-02
3.039822727441787720e-02 2.460401505231857300e-02
2.934249863028526306e-02 2.473882958292961121e-02
3.045046143233776093e-02 2.437385171651840210e-02
2.778757922351360321e-02 2.069542184472084045e-02
2.769908308982849121e-02 1.851727440953254700e-02
2.840277738869190216e-02 2.156890369951725006e-02
2.525348402559757233e-02 1.925978437066078186e-02
1.759526133537292480e-02 1.407725550234317780e-02
1.366171240806579590e-02 1.102326996624469757e-02
1.082576066255569458e-02 1.205115206539630890e-02
1.203679665923118591e-02 1.165858656167984009e-02
1.232076063752174377e-02 9.687911719083786011e-03
1.122732460498809814e-02 9.387178346514701843e-03
8.025262504816055298e-03 9.769456461071968079e-03
4.726130515336990356e-03 1.205902174115180969e-02
3.775812685489654541e-03 1.329227536916732788e-02
2.857435494661331177e-03 1.292288489639759064e-02
1.525355502963066101e-03 1.349470764398574829e-02
3.187986090779304504e-03 1.387210376560688019e-02
2.681184560060501099e-03 9.572545066475868225e-03
3.948684781789779663e-03 5.690883845090866089e-03
6.497085094451904297e-03 7.592616602778434753e-03
8.332552388310432434e-03 1.095069758594036102e-02
1.120986416935920715e-02 1.110944338142871857e-02
1.193185150623321533e-02 8.859181776642799377e-03
1.649447903037071228e-02 7.744403555989265442e-03
1.874101534485816956e-02 7.611550390720367432e-03
2.165282890200614929e-02 9.144201874732971191e-03
2.311037853360176086e-02 8.995734155178070068e-03
2.695702388882637024e-02 8.872659876942634583e-03
2.508964575827121735e-02 1.143285073339939117e-02
2.667893655598163605e-02 2.284008823335170746e-02
3.087246417999267578e-02 2.610706351697444916e-02
2.807483263313770294e-02 2.359195612370967865e-02
2.887841686606407166e-02 2.566814050078392029e-02
2.925381995737552643e-02 2.700445801019668579e-02
3.106757998466491699e-02 2.721594274044036865e-02
2.600551769137382507e-02 2.158546075224876404e-02
2.969706431031227112e-02 2.186508290469646454e-02
2.868804521858692169e-02 2.394790202379226685e-02
2.754994481801986694e-02 2.306054905056953430e-02
3.261693567037582397e-02 2.806167677044868469e-02
3.389427065849304199e-02 2.881202846765518188e-02
3.313692286610603333e-02 2.892898581922054291e-02
3.472223132848739624e-02 3.011085465550422668e-02
3.465704619884490967e-02 2.997246384620666504e-02
3.525970503687858582e-02 3.054212220013141632e-02
3.433322906494140625e-02 3.021566197276115417e-02
3.365503996610641479e-02 3.031622618436813354e-02
3.303309157490730286e-02 3.115834668278694153e-02
3.136737644672393799e-02 3.073833696544170380e-02
3.019359707832336426e-02 2.665608376264572144e-02
2.568620815873146057e-02 2.439133822917938232e-02
2.600337564945220947e-02 2.450478076934814453e-02
2.166095189750194550e-02 1.909278333187103271e-02
2.399870939552783966e-02 2.178037911653518677e-02
2.260692790150642395e-02 1.787748560309410095e-02
2.275585755705833435e-02 1.477146334946155548e-02
2.193032205104827881e-02 1.610601879656314850e-02
2.311741560697555542e-02 1.971547678112983704e-02
2.158173546195030212e-02 1.998088136315345764e-02
2.329973503947257996e-02 2.189934253692626953e-02
2.583422884345054626e-02 2.243417873978614807e-02
2.640806138515472412e-02 2.057892456650733948e-02
2.374628745019435883e-02 1.451582461595535278e-02
2.748385444283485413e-02 1.546294894069433212e-02
2.615494281053543091e-02 1.248819194734096527e-02
3.170577064156532288e-02 1.884915493428707123e-02
2.654986456036567688e-02 1.980522461235523224e-02
2.944420091807842255e-02 2.443557046353816986e-02
2.919269725680351257e-02 2.432456985116004944e-02
2.712992765009403229e-02 2.251748368144035339e-02
2.505786344408988953e-02 1.925385743379592896e-02
2.649529837071895599e-02 2.103009819984436035e-02
2.849663235247135162e-02 2.187987789511680603e-02
3.102095797657966614e-02 2.227021381258964539e-02
2.791065350174903870e-02 2.478836849331855774e-02
2.995581366121768951e-02 1.884522102773189545e-02
3.055203892290592194e-02 2.254413440823554993e-02
3.277224302291870117e-02 2.842501923441886902e-02
3.658857941627502441e-02 2.267068251967430115e-02
3.130087256431579590e-02 1.806017011404037476e-02
2.468344196677207947e-02 1.437862031161785126e-02
2.368201687932014465e-02 1.335061527788639069e-02
2.339683100581169128e-02 8.068209514021873474e-03
2.531828917562961578e-02 1.205428317189216614e-02
2.556341700255870819e-02 1.482578180730342865e-02
2.754162997007369995e-02 1.677891425788402557e-02
2.512135170400142670e-02 1.559978350996971130e-02
2.466333657503128052e-02 1.458271406590938568e-02
2.421441301703453064e-02 1.625635847449302673e-02
1.618091017007827759e-02 8.393252268433570862e-03
1.289076730608940125e-02 8.581267669796943665e-03
1.157406903803348541e-02 7.619854062795639038e-03
1.151800528168678284e-02 1.141010969877243042e-02
1.213410496711730957e-02 1.186314411461353302e-02
1.114443689584732056e-02 1.508578658103942871e-02
1.266183331608772278e-02 1.357305236160755157e-02
1.499050483107566833e-02 1.732980087399482727e-02
1.490319520235061646e-02 1.807008683681488037e-02
1.215351931750774384e-02 1.872144639492034912e-02
1.192344911396503448e-02 1.763831079006195068e-02
9.673018008470535278e-03 2.035618387162685394e-02
9.010102599859237671e-03 2.044669166207313538e-02
7.896348834037780762e-03 1.895162649452686310e-02
9.028494358062744141e-03 1.904411613941192627e-02
1.060241088271141052e-02 1.793210953474044800e-02
1.371171697974205017e-02 2.109442278742790222e-02
1.554512791335582733e-02 1.948717050254344940e-02
1.119398884475231171e-02 2.058115229010581970e-02
1.177299395203590393e-02 2.263435721397399902e-02
1.155389472842216492e-02 2.274573966860771179e-02
1.206010952591896057e-02 1.948665082454681396e-02
1.403684914112091064e-02 1.895267516374588013e-02
1.485038921236991882e-02 1.982727460563182831e-02
1.639582589268684387e-02 1.910901442170143127e-02
1.578758656978607178e-02 1.854702830314636230e-02
1.449133269488811493e-02 1.551576890051364899e-02
1.577723212540149689e-02 1.467606611549854279e-02
1.696128025650978088e-02 1.491784583777189255e-02
1.668356545269489288e-02 1.422447152435779572e-02
1.944886520504951477e-02 1.394793950021266937e-02
2.006765641272068024e-02 1.504367217421531677e-02
2.025115862488746643e-02 1.446250639855861664e-02
2.125975489616394043e-02 1.487050019204616547e-02
2.178992331027984619e-02 1.496705040335655212e-02
2.219675853848457336e-02 1.481040753424167633e-02
2.437443658709526062e-02 1.402343250811100006e-02
2.314729802310466766e-02 1.523716747760772705e-02
2.202272228896617889e-02 1.434215530753135681e-02
2.207042276859283447e-02 1.603790372610092163e-02
2.215845324099063873e-02 1.632402278482913971e-02
2.675557136535644531e-02 1.797679439187049866e-02
3.034661151468753815e-02 1.611811481416225433e-02
3.148644790053367615e-02 1.720217242836952209e-02
3.423260152339935303e-02 1.823050715029239655e-02
3.260803967714309692e-02 1.712186262011528015e-02
3.484918922185897827e-02 1.580713316798210144e-02
3.730213642120361328e-02 1.628499291837215424e-02
2.984450757503509521e-02 1.953089796006679535e-02
2.857708930969238281e-02 1.862474158406257629e-02
3.013316914439201355e-02 1.840335130691528320e-02
2.903438359498977661e-02 1.914828270673751831e-02
3.110045008361339569e-02 2.070192992687225342e-02
3.045770339667797089e-02 2.036899328231811523e-02
3.384802117943763733e-02 2.224255353212356567e-02
3.267826884984970093e-02 2.076345309615135193e-02
3.165588900446891785e-02 2.178532257676124573e-02
2.986655384302139282e-02 2.307670935988426208e-02
3.194359689950942993e-02 2.177216671407222748e-02
2.676926739513874054e-02 2.175366505980491638e-02
2.791515737771987915e-02 2.056209743022918701e-02
2.652021497488021851e-02 2.177869156002998352e-02
2.438940852880477905e-02 1.963285543024539948e-02
2.841163799166679382e-02 1.938889175653457642e-02
3.611056134104728699e-02 2.251676097512245178e-02
3.845318406820297241e-02 2.555483579635620117e-02
4.031878337264060974e-02 2.466347068548202515e-02
3.839899227023124695e-02 2.616643346846103668e-02
3.937736526131629944e-02 2.532645687460899353e-02
3.931295871734619141e-02 2.494265884160995483e-02
3.685418516397476196e-02 2.294053696095943451e-02
3.406539559364318848e-02 2.487663179636001587e-02
3.524987772107124329e-02 2.672091126441955566e-02
3.721105307340621948e-02 2.215448394417762756e-02
3.617867454886436462e-02 2.022841572761535645e-02
3.395707160234451294e-02 1.815660856664180756e-02
2.715199813246726990e-02 1.756110228598117828e-02
2.625967934727668762e-02 1.778871566057205200e-02
3.617477044463157654e-02 2.376745268702507019e-02
3.734413161873817444e-02 2.273168414831161499e-02
3.363640978932380676e-02 2.153378538787364960e-02
3.569117560982704163e-02 2.780746482312679291e-02
3.562621772289276123e-02 2.806217037141323090e-02
3.484667837619781494e-02 2.695179544389247894e-02
3.474652394652366638e-02 2.640448138117790222e-02
3.298936784267425537e-02 2.254320308566093445e-02
2.963257022202014923e-02 2.226272597908973694e-02
2.768473513424396515e-02 2.181175723671913147e-02
2.563974261283874512e-02 2.209016308188438416e-02
2.561264857649803162e-02 2.218940295279026031e-02
2.713565900921821594e-02 2.131352946162223816e-02
2.778195776045322418e-02 2.144453302025794983e-02
2.940279990434646606e-02 2.090849913656711578e-02
2.737168967723846436e-02 1.873432472348213196e-02
2.396951802074909210e-02 1.746896654367446899e-02
2.161189913749694824e-02 1.574555970728397369e-02
1.959763839840888977e-02 1.763690635561943054e-02
2.197427116334438324e-02 1.826374605298042297e-02
2.613716013729572296e-02 2.178751118481159210e-02
2.755643241107463837e-02 2.121732756495475769e-02
3.053153678774833679e-02 2.187633141875267029e-02
2.565350756049156189e-02 2.104127034544944763e-02
2.317994460463523865e-02 2.089940384030342102e-02
1.981311291456222534e-02 1.770227029919624329e-02
1.874104328453540802e-02 1.627882011234760284e-02
1.414925605058670044e-02 1.635260507464408875e-02
1.506914012134075165e-02 1.603543758392333984e-02
1.257368363440036774e-02 1.712753623723983765e-02
1.276785135269165039e-02 1.757736504077911377e-02
1.201130449771881104e-02 1.503660995513200760e-02
1.096355728805065155e-02 1.402947865426540375e-02
1.308174058794975281e-02 1.553751341998577118e-02
1.213061623275279999e-02 1.558388583362102509e-02
1.332103088498115540e-02 1.669113337993621826e-02
1.257544010877609253e-02 1.775808818638324738e-02
1.632468402385711670e-02 1.657403260469436646e-02
2.086921595036983490e-02 2.165440283715724945e-02
1.772355660796165466e-02 1.870423369109630585e-02
2.218330278992652893e-02 1.936015300452709198e-02
2.181390300393104553e-02 1.843309588730335236e-02
1.740235462784767151e-02 1.516941841691732407e-02
1.704087108373641968e-02 1.440645940601825714e-02
1.769970729947090149e-02 1.262476854026317596e-02
1.654007844626903534e-02 1.279727928340435028e-02
1.703833043575286865e-02 1.309488341212272644e-02
1.843657530844211578e-02 1.158695481717586517e-02
1.823303103446960449e-02 1.110954023897647858e-02
1.867887191474437714e-02 1.264174468815326691e-02
2.098406851291656494e-02 1.370503939688205719e-02
1.951566524803638458e-02 1.430835388600826263e-02
2.628712169826030731e-02 1.613835990428924561e-02
2.667065337300300598e-02 1.789529621601104736e-02
2.859138138592243195e-02 1.917555555701255798e-02
2.979291416704654694e-02 1.812767237424850464e-02
2.859511785209178925e-02 1.836178265511989594e-02
3.425278887152671814e-02 2.158578298985958099e-02
3.467041254043579102e-02 2.333643287420272827e-02
2.992060594260692596e-02 1.990024372935295105e-02
2.916266769170761108e-02 1.905123516917228699e-02
3.090679086744785309e-02 2.191100269556045532e-02
3.142108023166656494e-02 2.314436808228492737e-02
3.555120527744293213e-02 2.501034922897815704e-02
3.444128111004829407e-02 2.576239779591560364e-02
3.486226126551628113e-02 2.686033025383949280e-02
3.625994920730590820e-02 2.695575915277004242e-02
3.444285690784454346e-02 2.558618411421775818e-02
3.682080656290054321e-02 2.643497101962566376e-02
3.469897061586380005e-02 2.896752208471298218e-02
3.413804993033409119e-02 2.923589386045932770e-02
3.444255515933036804e-02 2.930367179214954376e-02
3.414262831211090088e-02 2.985605597496032715e-02
3.420642763376235962e-02 2.997634187340736389e-02
3.446475043892860413e-02 2.976312488317489624e-02
3.327313065528869629e-02 3.030846267938613892e-02
3.354794904589653015e-02 3.054838441312313080e-02
3.233006596565246582e-02 3.041325323283672333e-02
3.112089633941650391e-02 2.978392317891120911e-02
2.683583833277225494e-02 2.516108006238937378e-02
2.757867798209190369e-02 2.613808214664459229e-02
2.966299653053283691e-02 2.820443734526634216e-02
2.838924154639244080e-02 2.608777768909931183e-02
3.296169638633728027e-02 2.977057173848152161e-02
3.352332860231399536e-02 3.005203418433666229e-02
3.376398235559463501e-02 3.038701228797435760e-02
3.480424359440803528e-02 2.978258021175861359e-02
3.572908788919448853e-02 2.913132309913635254e-02
3.553776443004608154e-02 2.875890210270881653e-02
3.336962684988975525e-02 2.938613854348659515e-02
2.827132865786552429e-02 2.545291557908058167e-02
2.769217640161514282e-02 2.500263601541519165e-02
2.997032552957534790e-02 2.691433392465114594e-02
2.620967477560043335e-02 2.412735298275947571e-02
2.799116820096969604e-02 2.532489597797393799e-02
2.487795427441596985e-02 2.274250984191894531e-02
2.729605324566364288e-02 2.331906929612159729e-02
2.256257459521293640e-02 1.702812500298023224e-02
2.657530829310417175e-02 1.975298859179019928e-02
1.998547464609146118e-02 1.613301783800125122e-02
1.936129108071327209e-02 1.599370129406452179e-02
2.194520458579063416e-02 1.701959408819675446e-02
2.793833240866661072e-02 2.236460149288177490e-02
2.690420672297477722e-02 2.184348553419113159e-02
2.613564208149909973e-02 2.149016223847866058e-02
2.802317403256893158e-02 2.307504229247570038e-02
2.893669158220291138e-02 2.393972501158714294e-02
2.771688811480998993e-02 2.177058719098567963e-02
2.774812653660774231e-02 2.274654433131217957e-02
2.745112776756286621e-02 2.326227724552154541e-02
2.844997122883796692e-02 2.397987805306911469e-02
2.936480939388275146e-02 2.444710582494735718e-02
2.946809679269790649e-02 2.651925012469291687e-02
2.847255021333694458e-02 2.509999461472034454e-02
2.951717376708984375e-02 2.590654604136943817e-02
2.857884392142295837e-02 2.380505949258804321e-02
2.631153166294097900e-02 2.124501392245292664e-02
3.127784654498100281e-02 2.688413113355636597e-02
2.875405177474021912e-02 2.341232635080814362e-02
3.035861253738403320e-02 2.603422105312347412e-02
2.598718740046024323e-02 2.153319865465164185e-02
2.608707360923290253e-02 2.153123170137405396e-02
2.353699877858161926e-02 1.889652386307716370e-02
2.546051517128944397e-02 2.122477814555168152e-02
2.638899534940719604e-02 2.264970168471336365e-02
2.888320758938789368e-02 2.462426014244556427e-02
3.233883157372474670e-02 2.793270908296108246e-02
3.051414713263511658e-02 2.653349936008453369e-02
2.909964323043823242e-02 2.610894292593002319e-02
2.648652344942092896e-02 2.329701371490955353e-02
2.657510153949260712e-02 2.394598349928855896e-02
2.681859582662582397e-02 2.426016703248023987e-02
2.316175401210784912e-02 2.123617939651012421e-02
2.638421952724456787e-02 2.252925559878349304e-02
2.364272251725196838e-02 2.094792015850543976e-02
2.224801667034626007e-02 2.013184875249862671e-02
2.514923177659511566e-02 2.307785116136074066e-02
2.828011661767959595e-02 2.536186762154102325e-02
2.841635979712009430e-02 2.653381600975990295e-02
2.898877114057540894e-02 2.840334177017211914e-02
2.807661890983581543e-02 2.757514826953411102e-02
2.921297028660774231e-02 2.873206324875354767e-02
3.222095593810081482e-02 3.299279883503913879e-02
3.207828849554061890e-02 3.453938663005828857e-02
2.860426530241966248e-02 2.803798206150531769e-02
2.300614118576049805e-02 2.363767847418785095e-02
2.237529866397380829e-02 2.449109219014644623e-02
2.183015644550323486e-02 2.737844362854957581e-02
2.407419309020042419e-02 2.312231808900833130e-02
2.597836218774318695e-02 2.457501180469989777e-02
2.365097776055335999e-02 2.528315037488937378e-02
1.996008679270744324e-02 1.961278729140758514e-02
2.007047273218631744e-02 2.151610702276229858e-02
2.187425643205642700e-02 2.221495844423770905e-02
2.406250871717929840e-02 1.917946897447109222e-02
2.644194662570953369e-02 2.028325758874416351e-02
2.535551413893699646e-02 2.131932042539119720e-02
2.315252833068370819e-02 2.687400393187999725e-02
2.150702103972434998e-02 2.434583753347396851e-02
2.239247038960456848e-02 2.434762939810752869e-02
2.662953175604343414e-02 2.852397039532661438e-02
2.335070818662643433e-02 2.435892447829246521e-02
1.906907744705677032e-02 1.989018172025680542e-02
1.782553456723690033e-02 2.093094401061534882e-02
1.810073293745517731e-02 1.980991289019584656e-02
1.729248091578483582e-02 1.678886078298091888e-02
1.629198528826236725e-02 1.974545978009700775e-02
1.627245731651782990e-02 1.779604703187942505e-02
1.809034496545791626e-02 2.023411355912685394e-02
1.929530687630176544e-02 1.762124523520469666e-02
1.787334494292736053e-02 1.766218058764934540e-02
1.740010268986225128e-02 1.639471016824245453e-02
2.371208742260932922e-02 2.170659415423870087e-02
2.849250100553035736e-02 2.488464675843715668e-02
3.123537264764308929e-02 2.408336661756038666e-02
3.168038651347160339e-02 1.866972260177135468e-02
3.050804510712623596e-02 1.886983215808868408e-02
2.876618131995201111e-02 1.528869476169347763e-02
2.489529550075531006e-02 1.653341390192508698e-02
2.827371470630168915e-02 1.810064911842346191e-02
2.954800054430961609e-02 2.398019284009933472e-02
3.658983111381530762e-02 2.569705247879028320e-02
4.083622246980667114e-02 2.618064358830451965e-02
4.232891276478767395e-02 2.655179426074028015e-02
4.115489870309829712e-02 2.605764940381050110e-02
4.022233188152313232e-02 2.552418224513530731e-02
3.142617642879486084e-02 2.163276262581348419e-02
3.517606109380722046e-02 2.408320829272270203e-02
3.106552176177501678e-02 2.475643903017044067e-02
3.303323313593864441e-02 2.577118203043937683e-02
3.224274516105651855e-02 1.997126825153827667e-02
3.116079978644847870e-02 2.219383977353572845e-02
3.774889931082725525e-02 2.080069482326507568e-02
4.147217050194740295e-02 2.244919165968894958e-02
3.836813196539878845e-02 2.415002509951591492e-02
3.259824588894844055e-02 2.299629151821136475e-02
2.829497493803501129e-02 2.380737662315368652e-02
3.027907013893127441e-02 2.454144880175590515e-02
2.649223059415817261e-02 2.048393525183200836e-02
3.259834274649620056e-02 1.683650352060794830e-02
2.912181802093982697e-02 1.830802299082279205e-02
2.734719775617122650e-02 1.973699592053890228e-02
2.410752885043621063e-02 1.837190985679626465e-02
2.446275204420089722e-02 1.823277585208415985e-02
2.262712270021438599e-02 2.040647156536579132e-02
2.168071642518043518e-02 2.859183214604854584e-02
2.528481557965278625e-02 2.391166798770427704e-02
2.394487522542476654e-02 2.364855259656906128e-02
2.174031175673007965e-02 2.182930335402488708e-02
1.908629760146141052e-02 2.281625196337699890e-02
2.163624204695224762e-02 2.556440606713294983e-02
2.169408276677131653e-02 2.124110795557498932e-02
2.214040793478488922e-02 2.183835022151470184e-02
2.355087921023368835e-02 2.029002271592617035e-02
2.309022098779678345e-02 1.720866188406944275e-02
2.227590419352054596e-02 1.495975442230701447e-02
2.395381405949592590e-02 1.580914855003356934e-02
2.331564389169216156e-02 1.364720799028873444e-02
2.927975729107856750e-02 1.773421652615070343e-02
2.898807637393474579e-02 1.819556206464767456e-02
2.878697216510772705e-02 1.790568046271800995e-02
1.837732270359992981e-02 1.603231951594352722e-02
2.228072658181190491e-02 1.534768845885992050e-02
2.178724296391010284e-02 2.113020606338977814e-02
1.520224288105964661e-02 1.890673860907554626e-02
1.662693917751312256e-02 1.765640825033187866e-02
2.082926966249942780e-02 1.751825958490371704e-02
2.255247160792350769e-02 1.435909047722816467e-02
2.485575154423713684e-02 2.023391798138618469e-02
2.599419094622135162e-02 2.150556817650794983e-02
2.059504389762878418e-02 1.740186288952827454e-02
2.479584515094757080e-02 1.855786889791488647e-02
2.127065695822238922e-02 1.646337658166885376e-02
2.248932421207427979e-02 1.663690060377120972e-02
2.238065749406814575e-02 1.551601290702819824e-02
1.946880109608173370e-02 1.810519583523273468e-02
1.847106590867042542e-02 1.785046234726905823e-02
2.346926555037498474e-02 2.016104757785797119e-02
2.189351990818977356e-02 1.813940331339836121e-02
1.774093694984912872e-02 1.646858081221580505e-02
2.296752482652664185e-02 1.541906874626874924e-02
1.802133955061435699e-02 1.134563423693180084e-02
2.041455917060375214e-02 1.290943659842014313e-02
2.261584810912609100e-02 1.439625956118106842e-02
2.262039110064506531e-02 1.412535272538661957e-02
2.084773406386375427e-02 1.391655020415782928e-02
2.297300845384597778e-02 1.513389870524406433e-02
2.233863994479179382e-02 1.229819655418395996e-02
2.064344473183155060e-02 1.457993872463703156e-02
1.993162743747234344e-02 1.386970281600952148e-02
1.885124668478965759e-02 1.241126470267772675e-02
1.840773038566112518e-02 1.351716369390487671e-02
1.881257630884647369e-02 1.459342055022716522e-02
1.773345470428466797e-02 1.297713257372379303e-02
1.665611192584037781e-02 1.490522921085357666e-02
1.784020662307739258e-02 1.602111756801605225e-02
1.775825768709182739e-02 1.634235680103302002e-02
1.819411851465702057e-02 1.717378571629524231e-02
1.994590274989604950e-02 1.748521812260150909e-02
1.948028057813644409e-02 1.624711230397224426e-02
2.013485506176948547e-02 1.638623513281345367e-02
2.184379473328590393e-02 1.722285151481628418e-02
2.155197411775588989e-02 1.667704805731773376e-02
2.212707325816154480e-02 1.676858216524124146e-02
2.341207116842269897e-02 1.995845139026641846e-02
2.104283683001995087e-02 1.995073258876800537e-02
2.353838644921779633e-02 1.999756321310997009e-02
2.344778552651405334e-02 2.153678052127361298e-02
2.171509154140949249e-02 2.956889569759368896e-02
2.158686332404613495e-02 3.019276820123195648e-02
1.718559861183166504e-02 2.703815884888172150e-02
2.242575027048587799e-02 2.282986976206302643e-02
2.105711400508880615e-02 2.253977209329605103e-02
1.906726695597171783e-02 2.216937579214572906e-02
1.706121116876602173e-02 2.066335827112197876e-02
1.830672286450862885e-02 2.121857181191444397e-02
1.784244924783706665e-02 1.859208568930625916e-02
1.752785220742225647e-02 2.064645849168300629e-02
1.515037380158901215e-02 1.892947778105735779e-02
1.405035331845283508e-02 1.764027774333953857e-02
1.341684162616729736e-02 1.546760462224483490e-02
1.653119176626205444e-02 1.862744614481925964e-02
1.391824707388877869e-02 1.848285831511020660e-02
1.801804453134536743e-02 1.758357137441635132e-02
1.782795414328575134e-02 1.877068355679512024e-02
1.486549712717533112e-02 1.836451888084411621e-02
1.328353211283683777e-02 1.840233802795410156e-02
1.374547928571701050e-02 1.788990572094917297e-02
1.332167163491249084e-02 1.944395340979099274e-02
1.341775059700012207e-02 1.794221997261047363e-02
1.288630068302154541e-02 1.763446629047393799e-02
1.412770152091979980e-02 1.380089111626148224e-02
1.431505009531974792e-02 1.422040536999702454e-02
1.418394595384597778e-02 1.293964684009552002e-02
1.450620591640472412e-02 1.351121626794338226e-02
1.399612799286842346e-02 1.289317198097705841e-02
1.623074524104595184e-02 1.220214925706386566e-02
1.595124788582324982e-02 1.294175907969474792e-02
1.749045215547084808e-02 1.223161630332469940e-02
1.752438955008983612e-02 1.281393878161907196e-02
1.864169351756572723e-02 1.204577088356018066e-02
1.763355545699596405e-02 1.157648488879203796e-02
1.818239875137805939e-02 1.155879907310009003e-02
1.841139048337936401e-02 1.116653718054294586e-02
1.881777495145797729e-02 1.324184052646160126e-02
1.871758326888084412e-02 1.419502310454845428e-02
1.795681565999984741e-02 1.499011367559432983e-02
1.750078424811363220e-02 1.585377007722854614e-02
1.783321052789688110e-02 1.643853448331356049e-02
2.000447735190391541e-02 1.517323870211839676e-02
1.845207996666431427e-02 1.566719636321067810e-02
1.952623203396797180e-02 1.581221073865890503e-02
1.969616673886775970e-02 1.575020328164100647e-02
2.098351158201694489e-02 1.570996642112731934e-02
2.149717137217521667e-02 1.632756553590297699e-02
2.170733921229839325e-02 1.807004213333129883e-02
2.320247143507003784e-02 1.702644675970077515e-02
2.388068847358226776e-02 1.752051897346973419e-02
2.053453773260116577e-02 1.961319148540496826e-02
2.207031659781932831e-02 1.969935931265354156e-02
2.243269607424736023e-02 1.982193440198898315e-02
1.872576959431171417e-02 1.883351989090442657e-02
1.904512569308280945e-02 1.566154882311820984e-02
2.027119323611259460e-02 1.575875841081142426e-02
2.064402960240840912e-02 1.311411894857883453e-02
1.997203193604946136e-02 1.573348790407180786e-02
1.894888468086719513e-02 1.714318431913852692e-02
1.851946301758289337e-02 1.708305440843105316e-02
1.787962950766086578e-02 1.762254722416400909e-02
1.875368133187294006e-02 1.736236549913883209e-02
2.022695913910865784e-02 1.377138681709766388e-02
2.017599903047084808e-02 1.478551141917705536e-02
1.867458969354629517e-02 1.307026110589504242e-02
1.866193488240242004e-02 1.211105473339557648e-02
1.870603486895561218e-02 1.291257515549659729e-02
1.843795552849769592e-02 1.556141488254070282e-02
1.862143725156784058e-02 1.441070251166820526e-02
1.908087544143199921e-02 1.287590153515338898e-02
1.931936293840408325e-02 1.231271587312221527e-02
1.959001645445823669e-02 1.217327825725078583e-02
1.861345022916793823e-02 1.294918544590473175e-02
1.921809650957584381e-02 1.290581189095973969e-02
1.860438473522663116e-02 1.228241063654422760e-02
1.889977045357227325e-02 1.216784678399562836e-02
1.875695399940013885e-02 1.322484575212001801e-02
1.876144297420978546e-02 1.378545537590980530e-02
1.890326850116252899e-02 1.263147406280040741e-02
1.803878694772720337e-02 1.501013431698083878e-02
1.822955720126628876e-02 1.282927207648754120e-02
1.727364398539066315e-02 1.356267742812633514e-02
1.460446044802665710e-02 1.511960662901401520e-02
1.544297952204942703e-02 1.472125202417373657e-02
1.480088196694850922e-02 1.431720890104770660e-02
1.053909957408905029e-02 1.618770509958267212e-02
1.110227778553962708e-02 1.599347032606601715e-02
1.048968359827995300e-02 1.516040414571762085e-02
1.148623228073120117e-02 2.426858991384506226e-02
1.339324377477169037e-02 2.062012255191802979e-02
1.502838358283042908e-02 2.150525338947772980e-02
1.515410840511322021e-02 2.024362981319427490e-02
1.470905914902687073e-02 1.984010078012943268e-02
1.487440615892410278e-02 1.576593890786170959e-02
1.614911481738090515e-02 1.692293025553226471e-02
1.648073270916938782e-02 1.654334180057048798e-02
1.613352447748184204e-02 1.742909289896488190e-02
1.592642813920974731e-02 1.786893606185913086e-02
1.574312709271907806e-02 1.788289472460746765e-02
1.679601147770881653e-02 1.698276028037071228e-02
1.768192648887634277e-02 1.531397271901369095e-02
1.872839406132698059e-02 1.532871648669242859e-02
1.988590136170387268e-02 1.079616881906986237e-02
1.861247792840003967e-02 1.076876930892467499e-02
1.828986592590808868e-02 1.382443308830261230e-02
1.802456192672252655e-02 1.682731136679649353e-02
1.822935417294502258e-02 1.610972732305526733e-02
2.001236379146575928e-02 1.291969604790210724e-02
2.053631842136383057e-02 1.388146914541721344e-02
2.089901268482208252e-02 1.178603991866111755e-02
1.908338814973831177e-02 1.349467225372791290e-02
1.851311698555946350e-02 1.274845190346240997e-02
1.760534942150115967e-02 1.320600323379039764e-02
1.747999712824821472e-02 1.267009414732456207e-02
1.794010214507579803e-02 1.310411654412746429e-02
1.831492595374584198e-02 1.283519156277179718e-02
1.809024438261985779e-02 1.479999348521232605e-02
1.742468960583209991e-02 1.421173848211765289e-02
1.665964908897876740e-02 1.400171406567096710e-02
1.559664495289325714e-02 1.376605220139026642e-02
1.601791381835937500e-02 1.386918500065803528e-02
1.498126424849033356e-02 1.503552962094545364e-02
1.384091377258300781e-02 1.526976469904184341e-02
1.417042315006256104e-02 1.570708863437175751e-02
1.377016864717006683e-02 1.564522460103034973e-02
1.313749328255653381e-02 1.614836603403091431e-02
1.399298012256622314e-02 1.493737194687128067e-02
1.330076903104782104e-02 1.592095382511615753e-02
1.355147548019886017e-02 1.580581627786159515e-02
1.328737474977970123e-02 1.431800425052642822e-02
1.301792263984680176e-02 1.476701535284519196e-02
1.317482627928256989e-02 1.337023265659809113e-02
1.234791427850723267e-02 1.397134922444820404e-02
1.289026439189910889e-02 1.136655546724796295e-02
1.195318438112735748e-02 1.417304016649723053e-02
1.160481199622154236e-02 1.380366645753383636e-02
1.222138106822967529e-02 1.332820020616054535e-02
1.014810241758823395e-02 1.261729933321475983e-02
1.108423247933387756e-02 1.147285848855972290e-02
1.340566389262676239e-02 1.168334670364856720e-02
1.275398954749107361e-02 1.212690956890583038e-02
1.360830478370189667e-02 1.346187852323055267e-02
1.462505571544170380e-02 1.266792602837085724e-02
1.549447886645793915e-02 1.171779818832874298e-02
1.587075740098953247e-02 1.289287768304347992e-02
1.985716447234153748e-02 1.343763060867786407e-02
2.231710404157638550e-02 1.443579606711864471e-02
2.414510026574134827e-02 1.589946448802947998e-02
2.248054556548595428e-02 1.510011125355958939e-02
1.862201839685440063e-02 1.247649267315864563e-02
1.982727274298667908e-02 1.337803341448307037e-02
1.983813941478729248e-02 1.443272642791271210e-02
1.972770318388938904e-02 1.731010340154170990e-02
2.260458655655384064e-02 1.666197925806045532e-02
2.411824092268943787e-02 1.540624350309371948e-02
2.730159275233745575e-02 1.796439476311206818e-02
2.631641365587711334e-02 1.890679262578487396e-02
2.434441819787025452e-02 1.600077562034130096e-02
2.454140409827232361e-02 1.507439836859703064e-02
2.754966728389263153e-02 1.641634106636047363e-02
2.880474366247653961e-02 1.698616519570350647e-02
2.696435712277889252e-02 1.633136346936225891e-02
2.485355362296104431e-02 1.605803146958351135e-02
2.620431780815124512e-02 1.805215515196323395e-02
2.532615326344966888e-02 1.630564406514167786e-02
2.652925066649913788e-02 1.941040158271789551e-02
2.643119543790817261e-02 2.097566425800323486e-02
2.752455323934555054e-02 1.799667440354824066e-02
2.477638982236385345e-02 1.710118353366851807e-02
2.229523099958896637e-02 1.697032712399959564e-02
2.087121084332466125e-02 1.706649176776409149e-02
2.158012241125106812e-02 1.673327386379241943e-02
2.103404141962528229e-02 1.545945554971694946e-02
2.293262258172035217e-02 1.715226471424102783e-02
2.200268022716045380e-02 1.590981334447860718e-02
2.156805433332920074e-02 1.847940310835838318e-02
2.188863791525363922e-02 2.040009573101997375e-02
1.907930523157119751e-02 1.931726187467575073e-02
1.765801012516021729e-02 1.847484707832336426e-02
1.863507181406021118e-02 1.755885034799575806e-02
1.694386638700962067e-02 2.094866521656513214e-02
1.968288049101829529e-02 2.161673270165920258e-02
2.074854820966720581e-02 2.234170027077198029e-02
2.242794632911682129e-02 1.999524049460887909e-02
2.042334154248237610e-02 1.973419822752475739e-02
2.222522720694541931e-02 1.723489537835121155e-02
2.445122227072715759e-02 1.614168658852577209e-02
1.975094154477119446e-02 1.770809292793273926e-02
2.217853069305419922e-02 1.774926669895648956e-02
2.686203457415103912e-02 1.931642740964889526e-02
2.160895615816116333e-02 1.833858154714107513e-02
1.976380869746208191e-02 1.649440452456474304e-02
1.917987130582332611e-02 1.613230630755424500e-02
1.703324913978576660e-02 1.786383986473083496e-02
2.242915704846382141e-02 1.825656928122043610e-02
2.130875177681446075e-02 1.779389940202236176e-02
2.396936342120170593e-02 1.771226897835731506e-02
2.626889571547508240e-02 1.709922030568122864e-02
2.755499817430973053e-02 1.753322407603263855e-02
2.750943787395954132e-02 1.941011287271976471e-02
2.544383518397808075e-02 2.136134728789329529e-02
2.220218628644943237e-02 2.100414410233497620e-02
2.143323794007301331e-02 2.082301490008831024e-02
1.699532940983772278e-02 1.920701190829277039e-02
1.791636832058429718e-02 2.030754461884498596e-02
1.885921508073806763e-02 1.787367649376392365e-02
2.042401023209095001e-02 1.640776358544826508e-02
2.095500752329826355e-02 1.447918079793453217e-02
2.176243439316749573e-02 1.563574559986591339e-02
2.148709818720817566e-02 1.767440699040889740e-02
2.176580205559730530e-02 1.322701200842857361e-02
2.154913358390331268e-02 1.495899353176355362e-02
2.213533967733383179e-02 1.301884464919567108e-02
2.030444145202636719e-02 1.233492419123649597e-02
1.944441348314285278e-02 1.373880915343761444e-02
1.947139017283916473e-02 1.152940467000007629e-02
1.883782073855400085e-02 1.272331364452838898e-02
1.792142167687416077e-02 1.297998987138271332e-02
1.796357706189155579e-02 1.164186187088489532e-02
1.719595119357109070e-02 1.272081956267356873e-02
1.852316036820411682e-02 1.281802542507648468e-02
1.717070862650871277e-02 1.286864466965198517e-02
1.790843531489372253e-02 1.363326050341129303e-02
1.856585592031478882e-02 1.360681653022766113e-02
1.772858574986457825e-02 1.266532391309738159e-02
1.775638014078140259e-02 1.178940944373607635e-02
1.563881151378154755e-02 1.374436356127262115e-02
1.430968753993511200e-02 1.565363630652427673e-02
1.413522660732269287e-02 1.490561384707689285e-02
1.291579753160476685e-02 1.609160937368869781e-02
1.287986338138580322e-02 1.693889871239662170e-02
1.359396427869796753e-02 1.660495065152645111e-02
1.375758089125156403e-02 1.703775115311145782e-02
1.384557038545608521e-02 1.449424959719181061e-02
1.390028744935989380e-02 1.649394258856773376e-02
1.432734727859497070e-02 1.571647822856903076e-02
1.337815076112747192e-02 1.541190035641193390e-02
1.389360427856445312e-02 1.675992459058761597e-02
1.308559998869895935e-02 1.568916998803615570e-02
1.128461584448814392e-02 1.537899859249591827e-02
1.329816505312919617e-02 1.612948626279830933e-02
1.164440251886844635e-02 1.764137297868728638e-02
1.324242912232875824e-02 2.004281431436538696e-02
1.385038346052169800e-02 1.806270889937877655e-02
1.411146856844425201e-02 1.619592495262622833e-02
1.438321918249130249e-02 1.700787246227264404e-02
1.586469635367393494e-02 1.600580289959907532e-02
1.618392392992973328e-02 1.683063432574272156e-02
1.736509241163730621e-02 1.627254858613014221e-02
1.843464560806751251e-02 1.450482942163944244e-02
1.793093793094158173e-02 1.657007634639739990e-02
1.860332302749156952e-02 1.470088027417659760e-02
1.910799555480480194e-02 1.479330845177173615e-02
1.822945475578308105e-02 1.406643725931644440e-02
1.803626678884029388e-02 1.425425335764884949e-02
1.849703304469585419e-02 1.351342909038066864e-02
1.852418668568134308e-02 1.213976554572582245e-02
1.801860891282558441e-02 1.260371692478656769e-02
1.954435370862483978e-02 1.150457747280597687e-02
2.039079554378986359e-02 1.267582364380359650e-02
2.093380689620971680e-02 1.471951603889465332e-02
2.016695961356163025e-02 1.494261994957923889e-02
1.939676515758037567e-02 1.501292828470468521e-02
1.867213472723960876e-02 1.411082781851291656e-02
1.710771583020687103e-02 1.422460936009883881e-02
1.684835180640220642e-02 1.511442381888628006e-02
1.657385751605033875e-02 1.347867213189601898e-02
1.721501722931861877e-02 1.329594850540161133e-02
1.722328364849090576e-02 1.318432018160820007e-02
1.717709936201572418e-02 1.262962631881237030e-02
1.746119558811187744e-02 1.523560192435979843e-02
1.687400788068771362e-02 1.588869839906692505e-02
1.693476364016532898e-02 1.464680768549442291e-02
1.663340441882610321e-02 1.510745566338300705e-02
1.729892939329147339e-02 1.581426337361335754e-02
1.642614416778087616e-02 1.482587866485118866e-02
1.604474894702434540e-02 1.671331562101840973e-02
1.660539954900741577e-02 1.568385399878025055e-02
1.601296290755271912e-02 1.527817361056804657e-02
1.709565706551074982e-02 1.485427469015121460e-02
1.619280315935611725e-02 1.379420049488544464e-02
1.502911187708377838e-02 1.575954630970954895e-02
1.395595632493495941e-02 1.498389430344104767e-02
1.521153748035430908e-02 1.565388217568397522e-02
1.546610984951257706e-02 1.766892708837985992e-02
1.525852829217910767e-02 1.610443182289600372e-02
1.551054045557975769e-02 1.724712923169136047e-02
1.628635264933109283e-02 1.554254163056612015e-02
1.879292353987693787e-02 1.580672152340412140e-02
1.628444716334342957e-02 1.376632787287235260e-02
1.481537520885467529e-02 1.328940317034721375e-02
1.614564284682273865e-02 1.320531405508518219e-02
1.603165455162525177e-02 1.221838034689426422e-02
1.704866625368595123e-02 1.314809359610080719e-02
1.609477028250694275e-02 1.349489577114582062e-02
1.736200787127017975e-02 1.445229910314083099e-02
1.766866445541381836e-02 1.589872129261493683e-02
1.786803081631660461e-02 1.544347032904624939e-02
1.703232154250144958e-02 1.314468123018741608e-02
1.798053085803985596e-02 1.575490087270736694e-02
1.600915566086769104e-02 1.396710984408855438e-02
1.657127588987350464e-02 1.173235289752483368e-02
1.787227019667625427e-02 1.536937430500984192e-02
1.811384968459606171e-02 1.610754057765007019e-02
1.916438713669776917e-02 1.809057593345642090e-02
2.043790370225906372e-02 1.471178978681564331e-02
1.676434092223644257e-02 1.316301152110099792e-02
1.598555222153663635e-02 1.460330747067928314e-02
1.724301837384700775e-02 1.301555521786212921e-02
1.789514161646366119e-02 1.231072284281253815e-02
1.856751553714275360e-02 1.371052674949169159e-02
1.838547177612781525e-02 1.368282549083232880e-02
1.779284700751304626e-02 1.329034753143787384e-02
1.830026507377624512e-02 1.395173557102680206e-02
1.861829869449138641e-02 1.434840075671672821e-02
1.778076589107513428e-02 1.442040689289569855e-02
1.737405173480510712e-02 1.558913290500640869e-02
1.919447071850299835e-02 1.466305740177631378e-02
1.992029324173927307e-02 1.566123031079769135e-02
1.982815004885196686e-02 1.708213612437248230e-02
2.043827809393405914e-02 1.703185401856899261e-02
2.004917338490486145e-02 1.773178204894065857e-02
2.011134102940559387e-02 1.768943853676319122e-02
2.039476484060287476e-02 1.796281896531581879e-02
1.994765922427177429e-02 1.747021265327930450e-02
1.975394785404205322e-02 1.695682667195796967e-02
1.886795274913311005e-02 1.621945947408676147e-02
1.815401203930377960e-02 1.503316871821880341e-02
1.627066545188426971e-02 1.560627296566963196e-02
1.612210460007190704e-02 1.759997755289077759e-02
1.653052121400833130e-02 1.763129793107509613e-02
1.775635592639446259e-02 1.620931923389434814e-02
1.760814711451530457e-02 1.763817295432090759e-02
1.780486851930618286e-02 2.008017711341381073e-02
1.534799486398696899e-02 2.183264493942260742e-02
1.452364586293697357e-02 2.204461768269538879e-02
1.599266566336154938e-02 2.370805293321609497e-02
1.556873507797718048e-02 2.379568293690681458e-02
1.516365259885787964e-02 2.141896076500415802e-02
1.589512079954147339e-02 2.122876979410648346e-02
1.698770932853221893e-02 2.278468757867813110e-02
1.580350287258625031e-02 2.124574221670627594e-02
1.706983707845211029e-02 2.175521291792392731e-02
1.654207706451416016e-02 1.884635537862777710e-02
1.732935197651386261e-02 2.176431193947792053e-02
1.809979230165481567e-02 2.105627022683620453e-02
1.912774704396724701e-02 2.120709419250488281e-02
1.937753520905971527e-02 2.148249559104442596e-02
1.946070604026317596e-02 2.050490863621234894e-02
1.981439255177974701e-02 2.111072465777397156e-02
2.040352486073970795e-02 2.033081091940402985e-02
2.114002034068107605e-02 1.916084997355937958e-02
2.088936790823936462e-02 1.912122964859008789e-02
2.052529156208038330e-02 1.716789230704307556e-02
2.061277627944946289e-02 1.748777553439140320e-02
2.163789421319961548e-02 1.798805594444274902e-02
2.147039957344532013e-02 1.542648486793041229e-02
2.213236875832080841e-02 1.496745366603136063e-02
2.214807830750942230e-02 1.572925038635730743e-02
2.216509357094764709e-02 1.598145253956317902e-02
2.400527521967887878e-02 1.664801128208637238e-02
2.303932607173919678e-02 1.539034768939018250e-02
2.459271997213363647e-02 1.658183149993419647e-02
2.426600828766822815e-02 1.620800606906414032e-02
2.439473010599613190e-02 1.503837760537862778e-02
2.396546676754951477e-02 1.578881591558456421e-02
2.521665394306182861e-02 1.580778881907463074e-02
2.500278875231742859e-02 1.382953859865665436e-02
2.401196211576461792e-02 1.361842639744281769e-02
2.430064231157302856e-02 1.359765045344829559e-02
2.342508919537067413e-02 1.406181976199150085e-02
2.275672927498817444e-02 1.478636078536510468e-02
2.215989679098129272e-02 1.361457258462905884e-02
2.205478027462959290e-02 1.565103605389595032e-02
2.154001966118812561e-02 1.512944884598255157e-02
1.992881670594215393e-02 1.573253609240055084e-02
2.110118418931961060e-02 1.493445225059986115e-02
1.989780366420745850e-02 1.551080960780382156e-02
1.903181523084640503e-02 1.726562343537807465e-02
1.795671135187149048e-02 1.887072995305061340e-02
1.817387342453002930e-02 1.929025165736675262e-02
1.798529550433158875e-02 1.936445757746696472e-02
1.851397752761840820e-02 1.999729126691818237e-02
1.837382651865482330e-02 2.134102396667003632e-02
1.821165904402732849e-02 1.933077722787857056e-02
1.803370565176010132e-02 2.080253325402736664e-02
1.757945492863655090e-02 1.886676996946334839e-02
1.837614923715591431e-02 2.429514750838279724e-02
1.848730444908142090e-02 2.168282307684421539e-02
2.084928937256336212e-02 2.116809785366058350e-02
2.131498977541923523e-02 2.033302932977676392e-02
2.342063933610916138e-02 1.609987765550613403e-02
2.222150750458240509e-02 1.467877067625522614e-02
2.364499121904373169e-02 1.365400664508342743e-02
2.684048190712928772e-02 1.560865808278322220e-02
2.762738801538944244e-02 1.523252390325069427e-02
2.782141044735908508e-02 1.562691293656826019e-02
2.855991758406162262e-02 1.610046997666358948e-02
2.918877638876438141e-02 1.539996825158596039e-02
2.695747092366218567e-02 1.446273177862167358e-02
2.884782664477825165e-02 1.608299650251865387e-02
2.882903441786766052e-02 1.671915687620639801e-02
2.967202849686145782e-02 1.701658964157104492e-02
3.044969029724597931e-02 1.642370223999023438e-02
3.458459675312042236e-02 1.642055809497833252e-02
3.459677845239639282e-02 1.807174272835254669e-02
3.073846735060214996e-02 1.563585549592971802e-02
2.994557656347751617e-02 1.455563120543956757e-02
3.229311853647232056e-02 1.410430110991001129e-02
2.952800132334232330e-02 1.299417018890380859e-02
2.807528711855411530e-02 1.314988918602466583e-02
3.036793507635593414e-02 1.515524368733167648e-02
2.785795368254184723e-02 1.456447876989841461e-02
2.973567508161067963e-02 1.521689537912607193e-02
2.831283025443553925e-02 1.561564579606056213e-02
2.687101438641548157e-02 1.448871940374374390e-02
2.677191421389579773e-02 1.278320513665676117e-02
2.658564969897270203e-02 1.444011181592941284e-02
2.395154535770416260e-02 1.472374424338340759e-02
2.448431774973869324e-02 1.538503263145685196e-02
2.287188358604907990e-02 1.441292278468608856e-02
2.165864594280719757e-02 1.778341457247734070e-02
2.376014925539493561e-02 1.645798608660697937e-02
2.247577160596847534e-02 1.846870221197605133e-02
2.445100620388984680e-02 1.863866299390792847e-02
2.483769319951534271e-02 1.857564970850944519e-02
2.458211407065391541e-02 1.957392692565917969e-02
2.419769205152988434e-02 1.904751360416412354e-02
1.922980882227420807e-02 2.026208676397800446e-02
1.875186897814273834e-02 2.169584482908248901e-02
1.914856769144535065e-02 2.388373017311096191e-02
1.916442066431045532e-02 2.354319207370281219e-02
1.683559454977512360e-02 2.398540265858173370e-02
1.768200658261775970e-02 2.678421698510646820e-02
1.600277796387672424e-02 3.050334379076957703e-02
1.528223417699337006e-02 2.942702546715736389e-02
1.420789398252964020e-02 3.462476283311843872e-02
1.504730992019176483e-02 2.646425366401672363e-02
1.660250127315521240e-02 2.930136956274509430e-02
1.377302594482898712e-02 3.371943533420562744e-02
1.979121379554271698e-02 4.058231413364410400e-02
2.098438516259193420e-02 3.543408215045928955e-02
2.452357485890388489e-02 3.401914238929748535e-02
1.717577315866947174e-02 2.894678339362144470e-02
1.812369376420974731e-02 2.984202653169631958e-02
1.935038715600967407e-02 2.754544280469417572e-02
2.204063721001148224e-02 3.311903029680252075e-02
1.473611220717430115e-02 2.084924280643463135e-02
1.555134356021881104e-02 2.012935280799865723e-02
1.616986468434333801e-02 1.963188685476779938e-02
1.862718723714351654e-02 2.449605986475944519e-02
1.834383793175220490e-02 9.633077308535575867e-03
2.023156732320785522e-02 1.898989267647266388e-02
1.504227891564369202e-02 1.626347005367279053e-02
1.762497052550315857e-02 1.695318520069122314e-02
1.803367957472801208e-02 2.142206393182277679e-02
1.978574320673942566e-02 2.029825001955032349e-02
1.972851902246475220e-02 2.099349722266197205e-02
1.970178447663784027e-02 2.315646223723888397e-02
1.877624541521072388e-02 2.029205113649368286e-02
1.879086345434188843e-02 1.753758825361728668e-02
1.868446543812751770e-02 2.019379287958145142e-02
1.787091605365276337e-02 1.352008618414402008e-02
1.806152425706386566e-02 1.396578736603260040e-02
1.638704724609851837e-02 1.445186324417591095e-02
1.738028228282928467e-02 1.478843949735164642e-02
1.530128344893455505e-02 1.560210250318050385e-02
1.536180451512336731e-02 1.591308414936065674e-02
1.645927503705024719e-02 1.759719103574752808e-02
1.672641560435295105e-02 1.309230737388134003e-02
1.779576763510704041e-02 1.988902688026428223e-02
1.303151994943618774e-02 1.797195151448249817e-02
1.578114368021488190e-02 1.673472300171852112e-02
1.327291317284107208e-02 1.664567925035953522e-02
1.663120836019515991e-02 2.204868569970130920e-02
1.976400613784790039e-02 2.129570022225379944e-02
1.870742440223693848e-02 2.129785344004631042e-02
1.807478070259094238e-02 2.135624364018440247e-02
1.997210271656513214e-02 1.675543375313282013e-02
2.049295604228973389e-02 1.922997273504734039e-02
2.026435919106006622e-02 1.229866035282611847e-02
1.855504140257835388e-02 1.312344148755073547e-02
1.816814765334129333e-02 1.078494079411029816e-02
1.962439715862274170e-02 1.189442165195941925e-02
1.951427012681961060e-02 1.451196894049644470e-02
2.054301090538501740e-02 1.746762171387672424e-02
2.116184681653976440e-02 1.794688403606414795e-02
2.034933120012283325e-02 1.830467581748962402e-02
2.060505002737045288e-02 1.894845999777317047e-02
1.949380710721015930e-02 1.415000669658184052e-02
1.808509416878223419e-02 1.783255487680435181e-02
1.553571969270706177e-02 1.741004362702369690e-02
1.768516935408115387e-02 1.799389719963073730e-02
1.592979952692985535e-02 1.813326962292194366e-02
1.546406559646129608e-02 1.837253943085670471e-02
1.414056867361068726e-02 1.523566059768199921e-02
1.524646766483783722e-02 1.494391169399023056e-02
1.631162501871585846e-02 1.559968944638967514e-02
1.531376875936985016e-02 1.714981347322463989e-02
1.217118278145790100e-02 1.595470309257507324e-02
1.345122233033180237e-02 1.805151253938674927e-02
1.045390218496322632e-02 1.637560315430164337e-02
8.409924805164337158e-03 1.885957270860671997e-02
7.095534354448318481e-03 1.938706636428833008e-02
7.398497313261032104e-03 1.860817708075046539e-02
6.905110552906990051e-03 2.006132155656814575e-02
6.812576204538345337e-03 2.121607773005962372e-02
6.020691245794296265e-03 1.842162571847438812e-02
7.807701826095581055e-03 1.570145785808563232e-02
8.441600948572158813e-03 1.486322097480297089e-02
9.028898552060127258e-03 1.220439188182353973e-02
7.612589746713638306e-03 1.577221788465976715e-02
5.306910723447799683e-03 1.984189078211784363e-02
6.680654361844062805e-03 2.323155105113983154e-02
5.487639456987380981e-03 2.251654863357543945e-02
8.118044584989547729e-03 2.771004475653171539e-02
8.328352123498916626e-03 2.955595403909683228e-02
7.529782131314277649e-03 2.499904483556747437e-02
9.789159521460533142e-03 2.142608538269996643e-02
8.902866393327713013e-03 2.003206498920917511e-02
1.321378536522388458e-02 1.979873888194561005e-02
1.574756018817424774e-02 1.626357436180114746e-02
1.611754670739173889e-02 1.650300435721874237e-02
1.999111101031303406e-02 1.952465623617172241e-02
1.865843869745731354e-02 1.629295945167541504e-02
2.060357294976711273e-02 1.487774774432182312e-02
2.199568226933479309e-02 2.228193730115890503e-02
2.048218064010143280e-02 2.055756747722625732e-02
1.675375178456306458e-02 1.599701493978500366e-02
1.760739274322986603e-02 1.239773072302341461e-02
1.917669735848903656e-02 1.296325214207172394e-02
2.198282629251480103e-02 1.271465420722961426e-02
2.596038579940795898e-02 1.122830435633659363e-02
2.319670282304286957e-02 1.174326241016387939e-02
2.456324920058250427e-02 1.152103021740913391e-02
2.526729740202426910e-02 1.345988549292087555e-02
2.602179720997810364e-02 1.644078083336353302e-02
2.764458954334259033e-02 1.933199912309646606e-02
2.816986292600631714e-02 2.062484808266162872e-02
2.981002815067768097e-02 2.349392324686050415e-02
3.087950497865676880e-02 2.379879541695117950e-02
3.268300369381904602e-02 2.667106874287128448e-02
3.470266610383987427e-02 2.949138917028903961e-02
3.470540791749954224e-02 3.048786334693431854e-02
3.380972146987915039e-02 2.964210696518421173e-02
3.282165527343750000e-02 3.023612312972545624e-02
3.135097771883010864e-02 2.906147018074989319e-02
2.918390743434429169e-02 2.831477858126163483e-02
2.534985914826393127e-02 2.346677333116531372e-02
2.791156247258186340e-02 2.301096543669700623e-02
2.511236444115638733e-02 2.497638389468193054e-02
1.808631233870983124e-02 2.269699238240718842e-02
1.716001331806182861e-02 2.415748499333858490e-02
1.696741953492164612e-02 2.033143863081932068e-02
1.795894652605056763e-02 1.760956831276416779e-02
1.792082935571670532e-02 1.943409815430641174e-02
1.874161511659622192e-02 1.787701621651649475e-02
2.146850340068340302e-02 2.003317512571811676e-02
2.047966048121452332e-02 2.434782497584819794e-02
2.421943098306655884e-02 2.109881862998008728e-02
2.330080606043338776e-02 1.992199942469596863e-02
2.386992797255516052e-02 2.204586565494537354e-02
2.219121530652046204e-02 2.351580932736396790e-02
2.254226990044116974e-02 1.784051395952701569e-02
2.415781468152999878e-02 1.000738330185413361e-02
2.128621749579906464e-02 9.031994268298149109e-03
1.794383861124515533e-02 6.891848519444465637e-03
1.789380423724651337e-02 1.149031706154346466e-02
2.200856059789657593e-02 1.376778446137905121e-02
2.211582660675048828e-02 1.293228007853031158e-02
2.132504992187023163e-02 1.643028110265731812e-02
2.349427714943885803e-02 1.566389389336109161e-02
2.263924852013587952e-02 1.672528311610221863e-02
2.507471293210983276e-02 1.656197197735309601e-02
2.634205296635627747e-02 1.577998325228691101e-02
2.864059247076511383e-02 1.498544216156005859e-02
2.627037838101387024e-02 1.485741324722766876e-02
2.455486729741096497e-02 1.722523942589759827e-02
2.676263079047203064e-02 1.617561653256416321e-02
2.572710067033767700e-02 1.564094424247741699e-02
2.525912784039974213e-02 1.590016111731529236e-02
2.549942210316658020e-02 1.502142194658517838e-02
2.865174040198326111e-02 1.573178730905056000e-02
3.020682185888290405e-02 1.929178647696971893e-02
2.521910145878791809e-02 1.408266089856624603e-02
