1.638318598270416260e-02 2.355228364467620850e-02
1.401987299323081970e-02 2.200059406459331512e-02
1.415771245956420898e-02 2.200369164347648621e-02
1.488193124532699585e-02 2.100107073783874512e-02
1.513002626597881317e-02 2.184111624956130981e-02
1.521926000714302063e-02 2.256899885833263397e-02
1.462764292955398560e-02 2.437765710055828094e-02
1.471392251551151276e-02 2.524079941213130951e-02
1.413914747536182404e-02 2.467690035700798035e-02
1.316722109913825989e-02 2.602262981235980988e-02
1.483295299112796783e-02 2.240242809057235718e-02
1.209656521677970886e-02 2.310172095894813538e-02
1.346116513013839722e-02 2.465943247079849243e-02
1.198671013116836548e-02 2.476717159152030945e-02
1.351242139935493469e-02 2.565288916230201721e-02
1.378728076815605164e-02 2.505273930728435516e-02
1.375485956668853760e-02 2.244615741074085236e-02
1.334236003458499908e-02 2.348635345697402954e-02
1.293219253420829773e-02 2.455548569560050964e-02
1.202497631311416626e-02 2.527717500925064087e-02
1.228922605514526367e-02 2.600909024477005005e-02
1.213211193680763245e-02 2.536910399794578552e-02
1.219919882714748383e-02 2.476266212761402130e-02
1.314024068415164948e-02 2.482479438185691833e-02
1.341479271650314331e-02 2.524869143962860107e-02
1.266056858003139496e-02 2.588366530835628510e-02
1.349817030131816864e-02 2.602099627256393433e-02
1.313601434230804443e-02 2.472628094255924225e-02
1.350900903344154358e-02 2.414212748408317566e-02
1.386602222919464111e-02 2.383931912481784821e-02
1.460483297705650330e-02 2.413189038634300232e-02
1.348065584897994995e-02 2.314390055835247040e-02
1.433893106877803802e-02 2.403990738093852997e-02
1.218830049037933350e-02 2.608900889754295349e-02
1.384503021836280823e-02 2.589088119566440582e-02
1.330154389142990112e-02 2.398864552378654480e-02
1.435181125998497009e-02 2.204317785799503326e-02
1.245261542499065399e-02 2.339794859290122986e-02
1.229932159185409546e-02 2.499205991625785828e-02
1.365393772721290588e-02 2.567875385284423828e-02
1.322104409337043762e-02 2.292476408183574677e-02
1.489519514143466949e-02 2.499184384942054749e-02
1.369557902216911316e-02 2.485246770083904266e-02
1.242094486951828003e-02 2.594229951500892639e-02
1.216759532690048218e-02 2.594809792935848236e-02
1.273246482014656067e-02 2.557735331356525421e-02
1.256053149700164795e-02 2.646148949861526489e-02
1.342914626002311707e-02 2.765993773937225342e-02
1.200750283896923065e-02 2.504019625484943390e-02
1.507562398910522461e-02 2.467655949294567108e-02
1.568518765270709991e-02 2.443469502031803131e-02
1.454246044158935547e-02 2.601546049118041992e-02
1.416952162981033325e-02 2.619734592735767365e-02
1.466474495828151703e-02 2.639790996909141541e-02
1.388281770050525665e-02 3.036952763795852661e-02
1.507483981549739838e-02 2.689024060964584351e-02
1.525657437741756439e-02 2.799061872065067291e-02
1.429087109863758087e-02 2.860230579972267151e-02
1.646069809794425964e-02 2.962612360715866089e-02
1.159192621707916260e-02 2.587471343576908112e-02
1.579402200877666473e-02 2.918465062975883484e-02
1.331556960940361023e-02 2.626166120171546936e-02
1.232565380632877350e-02 2.751187235116958618e-02
1.299149915575981140e-02 2.611686475574970245e-02
1.349572651088237762e-02 3.172780573368072510e-02
1.594948954880237579e-02 3.423058986663818359e-02
1.403576694428920746e-02 3.058307617902755737e-02
1.372658833861351013e-02 2.696518599987030029e-02
1.219033822417259216e-02 2.754143811762332916e-02
1.033576950430870056e-02 2.749858051538467407e-02
1.287818700075149536e-02 2.960795536637306213e-02
1.210341230034828186e-02 2.648229151964187622e-02
1.285888999700546265e-02 2.979308366775512695e-02
1.451319269835948944e-02 3.035531751811504364e-02
1.375225186347961426e-02 3.088320791721343994e-02
1.319073513150215149e-02 3.318519890308380127e-02
1.352624222636222839e-02 3.064063563942909241e-02
1.493696868419647217e-02 2.978382259607315063e-02
1.435921341180801392e-02 3.084467910230159760e-02
1.177132874727249146e-02 3.271818161010742188e-02
1.146839931607246399e-02 2.974177896976470947e-02
1.290648803114891052e-02 2.807544358074665070e-02
1.282545551657676697e-02 2.606883272528648376e-02
1.264989376068115234e-02 2.936244755983352661e-02
1.231955364346504211e-02 2.234119735658168793e-02
1.030506379902362823e-02 2.272611670196056366e-02
1.313157379627227783e-02 3.199894726276397705e-02
1.394745521247386932e-02 3.129787743091583252e-02
1.624849438667297363e-02 2.879830263555049896e-02
1.494283601641654968e-02 2.480889484286308289e-02
1.356486231088638306e-02 2.268013358116149902e-02
1.299539953470230103e-02 2.502899616956710815e-02
1.288930326700210571e-02 2.460594475269317627e-02
1.289619691669940948e-02 2.597564272582530975e-02
1.352304220199584961e-02 2.558021806180477142e-02
1.191466115415096283e-02 2.680481784045696259e-02
1.370221562683582306e-02 2.526817284524440765e-02
1.237994059920310974e-02 2.388748899102210999e-02
1.470790058374404907e-02 2.626110985875129700e-02
1.331346668303012848e-02 2.635588124394416809e-02
1.339045353233814240e-02 2.565117925405502319e-02
1.378132402896881104e-02 2.660847455263137817e-02
1.535142213106155396e-02 2.448922768235206604e-02
1.380418613553047180e-02 2.330408059060573578e-02
1.312015391886234283e-02 2.418056875467300415e-02
1.446911506354808807e-02 2.340244874358177185e-02
1.510058715939521790e-02 2.161876112222671509e-02
1.489629596471786499e-02 2.254900522530078888e-02
1.451459899544715881e-02 2.363521233201026917e-02
1.376807689666748047e-02 2.302912250161170959e-02
1.442775502800941467e-02 2.492290921509265900e-02
1.375618577003479004e-02 2.432686462998390198e-02
1.310014352202415466e-02 2.317947149276733398e-02
1.463122293353080750e-02 2.306072227656841278e-02
1.533348113298416138e-02 2.517674490809440613e-02
1.526198722422122955e-02 2.437863871455192566e-02
1.670929789543151855e-02 2.312000468373298645e-02
1.510313339531421661e-02 2.217122353613376617e-02
1.467778906226158142e-02 2.220538258552551270e-02
1.667431741952896118e-02 2.343551442027091980e-02
1.565550826489925385e-02 2.355352044105529785e-02
1.497568376362323761e-02 2.306448295712471008e-02
1.381083205342292786e-02 2.189701050519943237e-02
1.377082616090774536e-02 2.169098891317844391e-02
1.525452919304370880e-02 2.262914180755615234e-02
1.626344583928585052e-02 2.269119955599308014e-02
1.524504274129867554e-02 2.571285143494606018e-02
1.490819454193115234e-02 2.622496336698532104e-02
1.241696998476982117e-02 2.511928975582122803e-02
1.468520611524581909e-02 2.462116442620754242e-02
1.621245220303535461e-02 2.358290366828441620e-02
1.486107707023620605e-02 2.505934983491897583e-02
1.707006618380546570e-02 2.235483750700950623e-02
1.553612202405929565e-02 2.449474856257438660e-02
1.496267318725585938e-02 2.635725960135459900e-02
1.394115760922431946e-02 3.027672320604324341e-02
1.305582746863365173e-02 2.896383590996265411e-02
1.392978057265281677e-02 2.943201921880245209e-02
1.432644575834274292e-02 3.021203726530075073e-02
1.381273567676544189e-02 3.116783872246742249e-02
1.519022881984710693e-02 3.390989452600479126e-02
1.393947377800941467e-02 3.169784694910049438e-02
1.431447640061378479e-02 3.109532222151756287e-02
1.392000168561935425e-02 3.096845187246799469e-02
1.296493038535118103e-02 2.845107577741146088e-02
1.218897104263305664e-02 2.686386182904243469e-02
1.361046731472015381e-02 2.820425480604171753e-02
1.411240920424461365e-02 2.728969976305961609e-02
1.372916996479034424e-02 2.727561444044113159e-02
1.501511596143245697e-02 2.917510643601417542e-02
1.556606777012348175e-02 2.579102292656898499e-02
1.468487828969955444e-02 2.318392135202884674e-02
1.294848695397377014e-02 2.284505404531955719e-02
1.186561584472656250e-02 2.183112502098083496e-02
1.273820921778678894e-02 2.274159714579582214e-02
1.187832094728946686e-02 2.272698841989040375e-02
1.214484125375747681e-02 2.388296276330947876e-02
1.295250281691551208e-02 2.371588908135890961e-02
1.270884647965431213e-02 2.248004451394081116e-02
1.229288801550865173e-02 2.347742393612861633e-02
1.390988379716873169e-02 2.456802502274513245e-02
1.605178229510784149e-02 2.291082218289375305e-02
1.636065356433391571e-02 2.569165639579296112e-02
1.647335663437843323e-02 2.590243704617023468e-02
1.532304659485816956e-02 2.568790316581726074e-02
1.533244177699089050e-02 2.275261841714382172e-02
1.599480770528316498e-02 2.635444700717926025e-02
1.396590657532215118e-02 2.439061179757118225e-02
1.564272493124008179e-02 2.786634117364883423e-02
1.633844897150993347e-02 2.609924226999282837e-02
1.783811673521995544e-02 2.650856226682662964e-02
1.664002425968647003e-02 2.736681699752807617e-02
1.639876887202262878e-02 2.633907645940780640e-02
1.606960594654083252e-02 2.855786867439746857e-02
1.637689583003520966e-02 2.508915960788726807e-02
1.496670581400394440e-02 2.822655066847801208e-02
1.706317253410816193e-02 2.670591324567794800e-02
1.614542305469512939e-02 2.584236674010753632e-02
1.468665339052677155e-02 2.535593137145042419e-02
1.399949565529823303e-02 2.501031942665576935e-02
1.461170054972171783e-02 2.535648830235004425e-02
1.519806310534477234e-02 2.786570228636264801e-02
1.385942846536636353e-02 2.646467089653015137e-02
1.397930085659027100e-02 2.724650874733924866e-02
2.003403939306735992e-02 3.332816064357757568e-02
2.039169706404209137e-02 3.234923630952835083e-02
2.023533731698989868e-02 3.374672308564186096e-02
1.802746951580047607e-02 2.789416536688804626e-02
1.880560442805290222e-02 2.988193184137344360e-02
1.859730854630470276e-02 2.795156463980674744e-02
1.762082427740097046e-02 2.601977251470088959e-02
1.704391464591026306e-02 2.722120843827724457e-02
1.548916473984718323e-02 2.299134992063045502e-02
1.567288860678672791e-02 2.419074997305870056e-02
1.494994573295116425e-02 2.778026089072227478e-02
1.511126011610031128e-02 2.373587340116500854e-02
1.678253337740898132e-02 2.583394758403301239e-02
1.973125711083412170e-02 2.768756635487079620e-02
1.902205869555473328e-02 2.702443674206733704e-02
1.596610806882381439e-02 2.411415614187717438e-02
1.595700904726982117e-02 2.531350217759609222e-02
1.868497207760810852e-02 2.791675366461277008e-02
1.548116467893123627e-02 2.500777132809162140e-02
1.674189232289791107e-02 3.669822588562965393e-02
1.532316952943801880e-02 2.743649296462535858e-02
1.842405274510383606e-02 2.976083941757678986e-02
1.901569962501525879e-02 2.735132537782192230e-02
2.038386650383472443e-02 2.547200024127960205e-02
2.123233303427696228e-02 2.447308599948883057e-02
1.783393137156963348e-02 2.264143526554107666e-02
1.664179004728794098e-02 2.485190331935882568e-02
1.644988730549812317e-02 2.539251931011676788e-02
1.511176303029060364e-02 2.758062817156314850e-02
1.527826674282550812e-02 2.736655995249748230e-02
1.596795395016670227e-02 2.681050449609756470e-02
1.679167896509170532e-02 2.632555924355983734e-02
1.451027020812034607e-02 2.547543495893478394e-02
1.677997782826423645e-02 2.181202545762062073e-02
1.942740008234977722e-02 2.882315218448638916e-02
1.493754982948303223e-02 2.256950363516807556e-02
1.521585509181022644e-02 2.365218661725521088e-02
1.401273906230926514e-02 2.608051337301731110e-02
1.392245292663574219e-02 2.600971236824989319e-02
1.415459811687469482e-02 2.480041235685348511e-02
1.316049322485923767e-02 2.446547336876392365e-02
1.443795859813690186e-02 2.367345988750457764e-02
1.216337084770202637e-02 2.329415455460548401e-02
1.146066933870315552e-02 2.121727913618087769e-02
1.355983875691890717e-02 2.007340081036090851e-02
1.295673847198486328e-02 1.979449018836021423e-02
1.105905137956142426e-02 2.373894676566123962e-02
1.256740838289260864e-02 2.239698544144630432e-02
1.016962341964244843e-02 2.198085002601146698e-02
1.531933061778545380e-02 2.565271221101284027e-02
1.351746916770935059e-02 2.176417596638202667e-02
1.468721032142639160e-02 2.220957167446613312e-02
1.572229526937007904e-02 2.417637780308723450e-02
1.658630371093750000e-02 2.366955205798149109e-02
1.407043822109699249e-02 2.377533167600631714e-02
1.414924114942550659e-02 2.176968753337860107e-02
1.426108926534652710e-02 2.483427524566650391e-02
1.253247074782848358e-02 2.265546470880508423e-02
1.260686293244361877e-02 2.254833094775676727e-02
1.301100850105285645e-02 2.374802716076374054e-02
1.439183205366134644e-02 2.444047480821609497e-02
1.425669342279434204e-02 2.499836683273315430e-02
1.436830684542655945e-02 2.372274547815322876e-02
1.320664212107658386e-02 2.319436520338058472e-02
1.467894017696380615e-02 2.380859851837158203e-02
1.284382119774818420e-02 2.509039640426635742e-02
1.397946849465370178e-02 2.254937961697578430e-02
1.529977284371852875e-02 2.264448627829551697e-02
1.408377289772033691e-02 2.361141517758369446e-02
1.410826481878757477e-02 2.151517383754253387e-02
1.480682939291000366e-02 2.411928214132785797e-02
1.374703273177146912e-02 2.283382415771484375e-02
1.552229654043912888e-02 2.467572689056396484e-02
1.498887874186038971e-02 2.376390993595123291e-02
1.399404555559158325e-02 2.377213723957538605e-02
1.307516358792781830e-02 2.455048449337482452e-02
1.337124034762382507e-02 2.375500090420246124e-02
1.412479951977729797e-02 2.176734991371631622e-02
1.374536007642745972e-02 2.264259941875934601e-02
1.386616379022598267e-02 2.394428849220275879e-02
1.564685255289077759e-02 2.045688778162002563e-02
1.435208693146705627e-02 2.402118779718875885e-02
1.308817043900489807e-02 2.536116540431976318e-02
1.738592982292175293e-02 3.072119131684303284e-02
1.721974834799766541e-02 2.805577218532562256e-02
1.301553472876548767e-02 2.005269564688205719e-02
1.547819934785366058e-02 2.517949789762496948e-02
1.440091803669929504e-02 2.277168259024620056e-02
1.505747810006141663e-02 2.783055417239665985e-02
1.600789278745651245e-02 2.851351723074913025e-02
1.574203930795192719e-02 2.888438478112220764e-02
1.357004046440124512e-02 2.904831990599632263e-02
1.369155198335647583e-02 3.187661245465278625e-02
1.320268027484416962e-02 3.097965940833091736e-02
1.412513479590415955e-02 3.176691010594367981e-02
1.378098502755165100e-02 2.787171117961406708e-02
1.398325711488723755e-02 2.751995995640754700e-02
1.409959048032760620e-02 2.741961553692817688e-02
1.537100225687026978e-02 2.307266555726528168e-02
1.507594808936119080e-02 2.335381880402565002e-02
1.574486307799816132e-02 2.177435345947742462e-02
1.488614454865455627e-02 2.476966194808483124e-02
1.244448684155941010e-02 2.293912880122661591e-02
1.173013821244239807e-02 2.382996864616870880e-02
1.207240298390388489e-02 2.575261704623699188e-02
1.454000920057296753e-02 2.930874004960060120e-02
1.259871944785118103e-02 2.770009450614452362e-02
1.372106559574604034e-02 3.150684013962745667e-02
1.590828411281108856e-02 3.298277035355567932e-02
1.594063267111778259e-02 3.099792823195457458e-02
1.364938355982303619e-02 3.074267134070396423e-02
1.604960113763809204e-02 3.145176544785499573e-02
1.654550433158874512e-02 3.114220872521400452e-02
1.266097091138362885e-02 3.393414616584777832e-02
1.307992637157440186e-02 3.381157666444778442e-02
1.116397790610790253e-02 3.073128499090671539e-02
1.146030612289905548e-02 2.975842542946338654e-02
1.391702145338058472e-02 2.644597738981246948e-02
1.633273065090179443e-02 3.212528675794601440e-02
1.438622735440731049e-02 2.551597915589809418e-02
1.675374805927276611e-02 3.021525219082832336e-02
1.541471108794212341e-02 2.888711541891098022e-02
1.621649973094463348e-02 3.085330873727798462e-02
1.512937620282173157e-02 2.345377951860427856e-02
1.514474302530288696e-02 2.522946149110794067e-02
1.429184898734092712e-02 2.420354448258876801e-02
1.423397660255432129e-02 2.444116026163101196e-02
1.654933020472526550e-02 2.185805886983871460e-02
1.614430733025074005e-02 2.509692870080471039e-02
1.539815217256546021e-02 2.584969438612461090e-02
1.319686695933341980e-02 2.804838493466377258e-02
1.520549878478050232e-02 2.451406419277191162e-02
1.636327989399433136e-02 2.433832362294197083e-02
1.619529351592063904e-02 2.597205340862274170e-02
1.504894532263278961e-02 2.434062771499156952e-02
1.676710695028305054e-02 2.554554492235183716e-02
1.668131537735462189e-02 2.211486920714378357e-02
1.415835693478584290e-02 2.449031174182891846e-02
1.462113112211227417e-02 2.361158467829227448e-02
1.408506557345390320e-02 2.283442206680774689e-02
1.428717747330665588e-02 2.270390093326568604e-02
1.347463950514793396e-02 2.240160107612609863e-02
1.253653690218925476e-02 2.096939459443092346e-02
1.392706111073493958e-02 2.328435331583023071e-02
1.409766077995300293e-02 2.132544480264186859e-02
1.352465897798538208e-02 2.008921280503273010e-02
1.354488730430603027e-02 2.080923691391944885e-02
1.361117139458656311e-02 2.116273716092109680e-02
1.217526197433471680e-02 2.220280095934867859e-02
1.396317407488822937e-02 2.233660966157913208e-02
1.262041181325912476e-02 2.265384793281555176e-02
1.371105760335922241e-02 2.468735352158546448e-02
1.391118019819259644e-02 2.485289797186851501e-02
1.357283815741539001e-02 2.561926096677780151e-02
1.273500174283981323e-02 2.464382350444793701e-02
1.384076848626136780e-02 2.434182539582252502e-02
1.581474393606185913e-02 2.451824583113193512e-02
1.393635198473930359e-02 2.900301292538642883e-02
1.606152579188346863e-02 2.699165046215057373e-02
1.494803465902805328e-02 2.526701241731643677e-02
1.422658935189247131e-02 2.237412333488464355e-02
1.556224748492240906e-02 2.676009573042392731e-02
1.319338381290435791e-02 2.456889301538467407e-02
1.271111145615577698e-02 2.521332725882530212e-02
1.182190328836441040e-02 2.633488178253173828e-02
1.159438863396644592e-02 2.523501776158809662e-02
1.134404167532920837e-02 2.600020915269851685e-02
1.139401644468307495e-02 2.474480867385864258e-02
1.032974198460578918e-02 2.628560736775398254e-02
1.166571304202079773e-02 2.422820217907428741e-02
1.300737634301185608e-02 2.551188506186008453e-02
1.313206553459167480e-02 2.651165053248405457e-02
1.374937221407890320e-02 2.808295935392379761e-02
1.446053013205528259e-02 2.738656476140022278e-02
1.396181061863899231e-02 2.742972970008850098e-02
1.531938277184963226e-02 2.944446541368961334e-02
1.651522889733314514e-02 2.884885855019092560e-02
1.423512957990169525e-02 2.916555851697921753e-02
1.401090435683727264e-02 2.604438178241252899e-02
1.455781608819961548e-02 2.581053599715232849e-02
1.599873602390289307e-02 2.865030989050865173e-02
1.437567360699176788e-02 2.620771527290344238e-02
1.324027962982654572e-02 2.593877725303173065e-02
1.355013810098171234e-02 2.485077828168869019e-02
1.290926150977611542e-02 2.398401312530040741e-02
1.304051652550697327e-02 2.137887850403785706e-02
1.343764737248420715e-02 2.214981243014335632e-02
1.350813731551170349e-02 2.671076171100139618e-02
1.154916360974311829e-02 2.399393729865550995e-02
1.058877632021903992e-02 2.342787198722362518e-02
1.008537411689758301e-02 2.368383295834064484e-02
1.208051852881908417e-02 2.444337308406829834e-02
1.353861950337886810e-02 2.491141855716705322e-02
1.376263052225112915e-02 2.305756881833076477e-02
1.205183938145637512e-02 2.493445761501789093e-02
1.253088377416133881e-02 2.351044118404388428e-02
1.468152739107608795e-02 2.386566810309886932e-02
1.279003545641899109e-02 2.404669858515262604e-02
1.313066110014915466e-02 2.159451507031917572e-02
1.285429298877716064e-02 2.043087035417556763e-02
1.374778524041175842e-02 2.145080268383026123e-02
1.342211663722991943e-02 2.112216874957084656e-02
1.451715454459190369e-02 2.308161929249763489e-02
1.369816251099109650e-02 2.287644147872924805e-02
1.328231766819953918e-02 2.171806804835796356e-02
1.330410875380039215e-02 2.222373336553573608e-02
1.218850165605545044e-02 2.432872913777828217e-02
1.122875325381755829e-02 2.333615161478519440e-02
1.136942952871322632e-02 2.251834422349929810e-02
1.344411820173263550e-02 2.171841077506542206e-02
1.393044926226139069e-02 2.235307544469833374e-02
1.528922468423843384e-02 2.362905815243721008e-02
1.360605657100677490e-02 2.366139367222785950e-02
1.464855857193470001e-02 2.343586832284927368e-02
1.388551853597164154e-02 2.379310689866542816e-02
1.421384513378143311e-02 2.499658428132534027e-02
1.488364487886428833e-02 2.531705982983112335e-02
1.475646533071994781e-02 2.480994537472724915e-02
1.411993615329265594e-02 2.757715061306953430e-02
1.340269669890403748e-02 2.448933012783527374e-02
1.705668307840824127e-02 2.368051744997501373e-02
1.516916789114475250e-02 2.569352462887763977e-02
1.304982602596282959e-02 2.488690242171287537e-02
1.257914677262306213e-02 2.391679957509040833e-02
1.263241469860076904e-02 2.252539619803428650e-02
1.204339414834976196e-02 2.683447301387786865e-02
1.367121376097202301e-02 2.698458544909954071e-02
1.302709057927131653e-02 2.545364573597908020e-02
1.188561320304870605e-02 2.707657590508460999e-02
1.457929797470569611e-02 2.785678580403327942e-02
1.628236100077629089e-02 2.565876021981239319e-02
1.356299966573715210e-02 2.817556075751781464e-02
1.367208547890186310e-02 2.638633921742439270e-02
1.465312764048576355e-02 2.631787955760955811e-02
1.085513085126876831e-02 3.075049258768558502e-02
1.556281186640262604e-02 2.812896296381950378e-02
1.737952791154384613e-02 2.688954956829547882e-02
1.659769006073474884e-02 2.690204605460166931e-02
1.587104983627796173e-02 2.660541795194149017e-02
1.665256172418594360e-02 3.074990585446357727e-02
1.585048437118530273e-02 2.797183208167552948e-02
1.793866604566574097e-02 3.061718866229057312e-02
1.336940191686153412e-02 2.813562378287315369e-02
1.538265682756900787e-02 3.065310232341289520e-02
1.521918922662734985e-02 2.869544737040996552e-02
1.597302034497261047e-02 3.090002387762069702e-02
1.672947406768798828e-02 3.299127891659736633e-02
1.739924587309360504e-02 3.356153517961502075e-02
1.934329420328140259e-02 3.272600099444389343e-02
1.704661548137664795e-02 3.231997787952423096e-02
1.679414138197898865e-02 3.323546051979064941e-02
1.890604943037033081e-02 3.134247288107872009e-02
1.799222826957702637e-02 3.426684811711311340e-02
1.692185178399085999e-02 3.099889121949672699e-02
1.859935745596885681e-02 3.055207245051860809e-02
1.808680966496467590e-02 3.174494579434394836e-02
1.919280365109443665e-02 2.988673001527786255e-02
2.034031972289085388e-02 2.967795915901660919e-02
2.083863317966461182e-02 3.379175066947937012e-02
2.049819938838481903e-02 3.305963799357414246e-02
1.959904842078685760e-02 3.408262878656387329e-02
1.987351849675178528e-02 3.443372994661331177e-02
1.703960262238979340e-02 2.816692739725112915e-02
1.673816516995429993e-02 2.591372840106487274e-02
1.655286177992820740e-02 2.410409599542617798e-02
1.569133065640926361e-02 2.039548754692077637e-02
1.541747525334358215e-02 1.963737979531288147e-02
1.705984957516193390e-02 2.102753520011901855e-02
1.523690111935138702e-02 2.087249234318733215e-02
1.616099849343299866e-02 2.115737646818161011e-02
1.709710247814655304e-02 2.174788340926170349e-02
1.745943538844585419e-02 2.097941376268863678e-02
1.725050061941146851e-02 2.005973085761070251e-02
1.602791808545589447e-02 2.079633995890617371e-02
1.616422459483146667e-02 1.953876391053199768e-02
1.398301869630813599e-02 2.077114582061767578e-02
1.574434340000152588e-02 2.206649444997310638e-02
1.644422858953475952e-02 2.468206919729709625e-02
1.641273126006126404e-02 2.540205419063568115e-02
1.772426068782806396e-02 2.514949813485145569e-02
1.748973876237869263e-02 2.722218260169029236e-02
1.896403729915618896e-02 2.496327646076679230e-02
1.750510185956954956e-02 2.674153447151184082e-02
1.549587212502956390e-02 2.286520041525363922e-02
1.412454247474670410e-02 2.124545909464359283e-02
1.409607008099555969e-02 2.261633425951004028e-02
1.387919858098030090e-02 2.159231156110763550e-02
1.256799697875976562e-02 2.234342880547046661e-02
1.297631114721298218e-02 2.420813590288162231e-02
1.249643042683601379e-02 2.521675825119018555e-02
1.334951445460319519e-02 2.407826855778694153e-02
1.222491264343261719e-02 2.564767375588417053e-02
1.191618666052818298e-02 2.301894500851631165e-02
1.251257210969924927e-02 2.286135777831077576e-02
1.134513318538665771e-02 2.452334202826023102e-02
1.008860394358634949e-02 2.358399331569671631e-02
1.070327684283256531e-02 2.520947158336639404e-02
1.187289878726005554e-02 2.327581122517585754e-02
1.428589969873428345e-02 2.477717027068138123e-02
1.364617049694061279e-02 2.326245419681072235e-02
1.219484210014343262e-02 2.346369624137878418e-02
1.167541369795799255e-02 2.314152196049690247e-02
1.384132727980613708e-02 2.589027583599090576e-02
1.273314654827117920e-02 2.667402289807796478e-02
1.303805410861968994e-02 2.452702261507511139e-02
1.085623539984226227e-02 2.566330879926681519e-02
1.095902919769287109e-02 2.672772854566574097e-02
9.233886376023292542e-03 2.830396965146064758e-02
1.095628924667835236e-02 2.497467398643493652e-02
9.312774986028671265e-03 2.609466016292572021e-02
8.398279547691345215e-03 2.637922205030918121e-02
1.253995299339294434e-02 2.743320539593696594e-02
1.095903664827346802e-02 2.541267685592174530e-02
8.302330970764160156e-03 2.321818843483924866e-02
1.211769133806228638e-02 2.696133404970169067e-02
1.355419307947158813e-02 2.309490926563739777e-02
1.175877079367637634e-02 2.348197996616363525e-02
1.227025687694549561e-02 2.366015687584877014e-02
1.151162385940551758e-02 2.300913631916046143e-02
1.336846128106117249e-02 2.359591051936149597e-02
1.261327788233757019e-02 2.957367897033691406e-02
8.968686684966087341e-03 2.589517459273338318e-02
1.201457716524600983e-02 2.581879310309886932e-02
1.073844358325004578e-02 2.751953341066837311e-02
1.126233860850334167e-02 2.757839299738407135e-02
1.236438006162643433e-02 2.544644847512245178e-02
1.241609081625938416e-02 2.830852568149566650e-02
1.100919395685195923e-02 2.491817623376846313e-02
1.220821961760520935e-02 2.997240051627159119e-02
1.456494629383087158e-02 3.108420968055725098e-02
1.032368279993534088e-02 2.522026747465133667e-02
1.387092843651771545e-02 3.033386729657649994e-02
1.366776973009109497e-02 3.178726881742477417e-02
1.243274100124835968e-02 3.170517086982727051e-02
1.371821947395801544e-02 2.896075509488582611e-02
9.769571945071220398e-03 2.857512980699539185e-02
1.126166433095932007e-02 2.932579256594181061e-02
9.415656328201293945e-03 3.066638298332691193e-02
1.092061027884483337e-02 2.387935668230056763e-02
1.119444891810417175e-02 2.979108504951000214e-02
4.970397800207138062e-03 2.355484664440155029e-02
1.047039031982421875e-02 2.074304223060607910e-02
1.439317502081394196e-02 2.426666766405105591e-02
1.321617513895034790e-02 2.175246365368366241e-02
1.082622632384300232e-02 2.242106385529041290e-02
1.433177292346954346e-02 2.431551180779933929e-02
1.464519649744033813e-02 2.671079337596893311e-02
1.246720179915428162e-02 2.904906123876571655e-02
1.314248144626617432e-02 2.766848914325237274e-02
1.879823021590709686e-02 2.950617671012878418e-02
1.647790521383285522e-02 3.608002513647079468e-02
1.805074140429496765e-02 3.226015716791152954e-02
1.891946606338024139e-02 3.341883048415184021e-02
1.338332705199718475e-02 2.982643060386180878e-02
1.043405011296272278e-02 2.497829869389533997e-02
1.381459832191467285e-02 2.868751809000968933e-02
1.526996493339538574e-02 2.516706474125385284e-02
1.070494204759597778e-02 2.174985967576503754e-02
9.715149179100990295e-03 2.151439711451530457e-02
1.115266978740692139e-02 2.684839814901351929e-02
1.154641993343830109e-02 2.705882862210273743e-02
9.773204103112220764e-03 2.846109308302402496e-02
1.091716811060905457e-02 3.192071616649627686e-02
1.219274662435054779e-02 2.558259293437004089e-02
1.286702603101730347e-02 2.431649528443813324e-02
1.126826182007789612e-02 2.815724536776542664e-02
1.551165804266929626e-02 2.135378867387771606e-02
1.382325217127799988e-02 2.227296307682991028e-02
1.603021100163459778e-02 2.331009693443775177e-02
1.400505006313323975e-02 2.762546949088573456e-02
1.440343819558620453e-02 2.784602344036102295e-02
1.479322835803031921e-02 2.754893898963928223e-02
1.612895913422107697e-02 2.515909075736999512e-02
1.675151102244853973e-02 2.236596867442131042e-02
1.660279929637908936e-02 2.240818738937377930e-02
1.625537686049938202e-02 2.949103340506553650e-02
1.628319546580314636e-02 2.036318741738796234e-02
1.389726996421813965e-02 2.056885324418544769e-02
1.619382202625274658e-02 2.704968303442001343e-02
1.484095305204391479e-02 2.598620019853115082e-02
1.613454520702362061e-02 2.677495591342449188e-02
1.608518511056900024e-02 2.628061920404434204e-02
1.588183641433715820e-02 2.634947374463081360e-02
1.471846178174018860e-02 2.275094762444496155e-02
1.741619408130645752e-02 2.375768497586250305e-02
1.864978484809398651e-02 2.916628122329711914e-02
1.757880672812461853e-02 2.527414634823799133e-02
1.832285523414611816e-02 2.584634535014629364e-02
1.443959400057792664e-02 2.084911242127418518e-02
1.553570758551359177e-02 1.883341930806636810e-02
1.676034741103649139e-02 2.220000512897968292e-02
1.532665640115737915e-02 2.228207886219024658e-02
1.518600806593894958e-02 2.376329153776168823e-02
1.592231541872024536e-02 2.240269072353839874e-02
1.702379807829856873e-02 2.277078106999397278e-02
1.384572312235832214e-02 2.112527191638946533e-02
1.524340361356735229e-02 2.416337281465530396e-02
1.665880344808101654e-02 2.416353300213813782e-02
1.589768566191196442e-02 2.675842307507991791e-02
1.728967949748039246e-02 2.452537603676319122e-02
1.684906519949436188e-02 2.626666799187660217e-02
1.678310707211494446e-02 2.621030807495117188e-02
1.885534822940826416e-02 2.472393028438091278e-02
1.904641650617122650e-02 2.691660635173320770e-02
1.798385195434093475e-02 2.815663069486618042e-02
1.823637820780277252e-02 3.184776008129119873e-02
1.648486219346523285e-02 2.841362543404102325e-02
1.733677461743354797e-02 2.458092197775840759e-02
1.712505519390106201e-02 2.491497062146663666e-02
1.698258891701698303e-02 2.403519488871097565e-02
1.655380055308341980e-02 2.505463548004627228e-02
1.583909615874290466e-02 2.299309521913528442e-02
1.349217258393764496e-02 2.383483946323394775e-02
1.498976908624172211e-02 2.568632736802101135e-02
1.414611004292964935e-02 2.748224511742591858e-02
1.577937975525856018e-02 2.749752812087535858e-02
1.587258093059062958e-02 2.704041823744773865e-02
1.509499549865722656e-02 2.536452189087867737e-02
1.472990959882736206e-02 2.487236633896827698e-02
1.469928398728370667e-02 2.270160987973213196e-02
1.367889717221260071e-02 2.111439406871795654e-02
1.425572112202644348e-02 2.361561544239521027e-02
1.488773152232170105e-02 2.228127606213092804e-02
1.357233524322509766e-02 2.262139692902565002e-02
1.347045227885246277e-02 2.212334051728248596e-02
1.410185545682907104e-02 2.338042482733726501e-02
1.525514386594295502e-02 2.297261171042919159e-02
1.462829113006591797e-02 2.573523670434951782e-02
1.304846443235874176e-02 2.578710205852985382e-02
1.344142854213714600e-02 2.404188364744186401e-02
1.283715292811393738e-02 2.255511842668056488e-02
1.357918977737426758e-02 2.420316822826862335e-02
1.384411565959453583e-02 2.572717703878879547e-02
1.372478902339935303e-02 2.501188591122627258e-02
1.553411409258842468e-02 2.532259002327919006e-02
1.461758092045783997e-02 2.620330452919006348e-02
1.400649547576904297e-02 2.541688457131385803e-02
1.424169354140758514e-02 2.478259801864624023e-02
1.422666385769844055e-02 2.479407005012035370e-02
1.501704566180706024e-02 2.521419711410999298e-02
1.396175101399421692e-02 2.574094384908676147e-02
1.360007748007774353e-02 2.570291981101036072e-02
1.458548381924629211e-02 2.785642445087432861e-02
1.606632024049758911e-02 2.681371197104454041e-02
1.668141037225723267e-02 2.661305293440818787e-02
1.612075231969356537e-02 2.548962458968162537e-02
1.424751058220863342e-02 2.587405592203140259e-02
1.663265749812126160e-02 2.530077844858169556e-02
1.616759225726127625e-02 2.412938326597213745e-02
1.785810291767120361e-02 2.536343783140182495e-02
1.682357117533683777e-02 2.653949148952960968e-02
1.646813005208969116e-02 2.637235634028911591e-02
1.682027801871299744e-02 2.528875693678855896e-02
1.692552864551544189e-02 2.531931176781654358e-02
1.839775778353214264e-02 2.551246993243694305e-02
1.693517714738845825e-02 2.688750065863132477e-02
1.648245565593242645e-02 2.996713854372501373e-02
1.693910546600818634e-02 3.087392449378967285e-02
1.604922302067279816e-02 3.312232717871665955e-02
1.766756735742092133e-02 3.312313184142112732e-02
1.880292966961860657e-02 3.514737263321876526e-02
1.624262891709804535e-02 3.665548935532569885e-02
1.635509915649890900e-02 3.725033998489379883e-02
1.566329225897789001e-02 3.670552745461463928e-02
1.509342528879642487e-02 3.762422502040863037e-02
1.965893059968948364e-02 3.608859702944755554e-02
2.328449673950672150e-02 3.602906689047813416e-02
2.282960340380668640e-02 3.636538609862327576e-02
1.745084859430789948e-02 3.176386281847953796e-02
1.716838404536247253e-02 2.715332061052322388e-02
1.450077630579471588e-02 2.581224218010902405e-02
1.759876683354377747e-02 2.579865977168083191e-02
1.915252953767776489e-02 2.772013470530509949e-02
1.818207278847694397e-02 3.439164906740188599e-02
1.583994179964065552e-02 2.702002041041851044e-02
1.532778516411781311e-02 2.302812971174716949e-02
1.595548726618289948e-02 2.833984047174453735e-02
1.431361027061939240e-02 2.331789582967758179e-02
1.083471626043319702e-02 2.575129270553588867e-02
1.011047139763832092e-02 3.136598691344261169e-02
2.939291298389434814e-03 1.997294649481773376e-02
1.163460873067378998e-02 2.688920870423316956e-02
1.251203194260597229e-02 2.748972550034523010e-02
1.424755714833736420e-02 2.900288067758083344e-02
1.947981864213943481e-02 3.177725896239280701e-02
1.614602096378803253e-02 2.923477813601493835e-02
1.510448381304740906e-02 2.794057875871658325e-02
1.396035775542259216e-02 2.398000098764896393e-02
1.342578791081905365e-02 2.371465787291526794e-02
1.264962181448936462e-02 2.884396538138389587e-02
1.557006686925888062e-02 3.011895157396793365e-02
1.576337590813636780e-02 2.958947047591209412e-02
1.430211775004863739e-02 2.271634340286254883e-02
1.509599760174751282e-02 2.014868706464767456e-02
1.360583864152431488e-02 2.079593576490879059e-02
1.075039431452751160e-02 1.889155432581901550e-02
9.836442768573760986e-03 1.667203940451145172e-02
9.790562093257904053e-03 1.743935048580169678e-02
1.266948506236076355e-02 1.983712241053581238e-02
1.021704822778701782e-02 1.781778037548065186e-02
1.130932569503784180e-02 2.164490520954132080e-02
1.100738346576690674e-02 2.073387429118156433e-02
1.293627172708511353e-02 2.695885859429836273e-02
1.368768140673637390e-02 2.840775065124034882e-02
1.150810904800891876e-02 2.615745738148689270e-02
1.219306886196136475e-02 2.712651342153549194e-02
1.144896447658538818e-02 2.571999654173851013e-02
1.169594191014766693e-02 2.695275098085403442e-02
1.069180294871330261e-02 2.844634652137756348e-02
6.520524621009826660e-03 2.731950767338275909e-02
9.421844035387039185e-03 2.741208486258983612e-02
1.029849052429199219e-02 2.735124342143535614e-02
1.315820589661598206e-02 2.457043528556823730e-02
1.090217381715774536e-02 2.324154600501060486e-02
1.119546964764595032e-02 2.315782010555267334e-02
1.284886524081230164e-02 1.897437497973442078e-02
1.181071810424327850e-02 2.154137566685676575e-02
1.238859444856643677e-02 2.190331928431987762e-02
1.264565065503120422e-02 2.094268798828125000e-02
1.246587932109832764e-02 1.888071000576019287e-02
1.400418207049369812e-02 1.942473277449607849e-02
1.511060819029808044e-02 1.873276010155677795e-02
1.336284726858139038e-02 1.663662493228912354e-02
1.371329277753829956e-02 2.057936973869800568e-02
1.366208866238594055e-02 2.222307771444320679e-02
1.355807855725288391e-02 2.113882452249526978e-02
1.300873234868049622e-02 2.193516865372657776e-02
1.319754496216773987e-02 2.263282053172588348e-02
1.457345485687255859e-02 2.283942885696887970e-02
1.280420646071434021e-02 2.233829535543918610e-02
1.299537345767021179e-02 2.118348516523838043e-02
1.294238492846488953e-02 2.065227366983890533e-02
1.392619684338569641e-02 2.045844867825508118e-02
1.490411162376403809e-02 2.103923261165618896e-02
1.537941768765449524e-02 1.974065043032169342e-02
1.346367038786411285e-02 2.102490141987800598e-02
1.400281488895416260e-02 2.182722091674804688e-02
1.466253772377967834e-02 2.089802920818328857e-02
1.423598825931549072e-02 2.095183543860912323e-02
1.425660215318202972e-02 2.191106975078582764e-02
1.365234889090061188e-02 2.412966080009937286e-02
1.477570831775665283e-02 2.338466420769691467e-02
1.373511552810668945e-02 2.419919334352016449e-02
1.349047385156154633e-02 2.504465542733669281e-02
1.383164897561073303e-02 2.214248292148113251e-02
1.333209872245788574e-02 2.254803664982318878e-02
1.326809078454971313e-02 2.261488512158393860e-02
1.393050700426101685e-02 2.523634210228919983e-02
1.422829367220401764e-02 2.495591156184673309e-02
1.461052335798740387e-02 2.370227873325347900e-02
1.657198369503021240e-02 2.296663820743560791e-02
1.556316856294870377e-02 2.461319416761398315e-02
1.455342397093772888e-02 2.458115853369235992e-02
1.382029056549072266e-02 2.591094188392162323e-02
1.499824784696102142e-02 2.373544313013553619e-02
1.336831972002983093e-02 2.591591700911521912e-02
1.350512355566024780e-02 2.266944572329521179e-02
1.458669267594814301e-02 2.317233942449092865e-02
1.468810811638832092e-02 2.399175986647605896e-02
1.378962397575378418e-02 2.047413215041160583e-02
1.518890634179115295e-02 2.023103088140487671e-02
1.583923399448394775e-02 2.359603717923164368e-02
1.473489962518215179e-02 2.283558994531631470e-02
1.503045484423637390e-02 2.154782414436340332e-02
1.478173583745956421e-02 2.120244130492210388e-02
1.391693204641342163e-02 2.297725714743137360e-02
1.461599394679069519e-02 2.524147555232048035e-02
1.495424844324588776e-02 2.389924041926860809e-02
1.589226722717285156e-02 2.259317226707935333e-02
1.541188545525074005e-02 2.319220080971717834e-02
1.536625251173973083e-02 2.196926996111869812e-02
1.511799916625022888e-02 2.331633679568767548e-02
1.671419665217399597e-02 2.121395617723464966e-02
1.603267714381217957e-02 2.135474793612957001e-02
1.506249047815799713e-02 2.278130315244197845e-02
1.429548114538192749e-02 2.470871992409229279e-02
1.496245712041854858e-02 2.520899102091789246e-02
1.611570641398429871e-02 2.349792793393135071e-02
1.451310329139232635e-02 2.328569069504737854e-02
1.618209294974803925e-02 2.124833874404430389e-02
1.623779907822608948e-02 2.182073332369327545e-02
1.619195938110351562e-02 2.151649631559848785e-02
1.560628041625022888e-02 2.236614748835563660e-02
1.651096530258655548e-02 2.244246378540992737e-02
1.542293559759855270e-02 2.165826968848705292e-02
1.643474586308002472e-02 2.147082798182964325e-02
1.581533625721931458e-02 2.193905413150787354e-02
1.596665009856224060e-02 2.196043357253074646e-02
1.614582911133766174e-02 2.477840147912502289e-02
1.686213351786136627e-02 2.470666915178298950e-02
1.625908724963665009e-02 2.502175420522689819e-02
1.522852107882499695e-02 2.374147623777389526e-02
1.610619202256202698e-02 2.553174272179603577e-02
1.715601980686187744e-02 2.658415026962757111e-02
1.635762862861156464e-02 2.292000502347946167e-02
1.693819649517536163e-02 2.548806369304656982e-02
1.695102080702781677e-02 2.439914830029010773e-02
1.711428537964820862e-02 2.353431098163127899e-02
1.744754798710346222e-02 2.493355050683021545e-02
1.769359037280082703e-02 2.393802814185619354e-02
1.817838847637176514e-02 2.628510445356369019e-02
1.847388967871665955e-02 2.542578801512718201e-02
1.891174167394638062e-02 2.561168000102043152e-02
1.605421863496303558e-02 2.397554926574230194e-02
1.693014428019523621e-02 2.401803806424140930e-02
1.548226736485958099e-02 2.356610260903835297e-02
1.602430269122123718e-02 2.416026219725608826e-02
1.653206162154674530e-02 2.247492969036102295e-02
1.515405997633934021e-02 2.249137125909328461e-02
1.744024455547332764e-02 2.320232614874839783e-02
1.560711301863193512e-02 2.292772382497787476e-02
1.542594097554683685e-02 2.219024859368801117e-02
1.484410837292671204e-02 2.144558355212211609e-02
1.337896659970283508e-02 2.158628590404987335e-02
1.297708414494991302e-02 2.065948955714702606e-02
1.326465606689453125e-02 2.243825607001781464e-02
1.490689627826213837e-02 1.836559176445007324e-02
1.513652876019477844e-02 1.867232844233512878e-02
1.393911801278591156e-02 2.045047096908092499e-02
1.419846341013908386e-02 1.803082972764968872e-02
1.546755246818065643e-02 1.919035054743289948e-02
1.673113182187080383e-02 2.060895040631294250e-02
1.755055040121078491e-02 2.437083795666694641e-02
1.446539536118507385e-02 1.606512814760208130e-02
1.325093582272529602e-02 1.809246838092803955e-02
1.462052389979362488e-02 1.753939315676689148e-02
1.416262425482273102e-02 2.476849965751171112e-02
1.347887702286243439e-02 2.309260144829750061e-02
1.443823054432868958e-02 2.403387054800987244e-02
1.295317523181438446e-02 2.197051607072353363e-02
1.591875590384006500e-02 2.789152041077613831e-02
1.665423624217510223e-02 2.935520187020301819e-02
1.673912070691585541e-02 2.836796082556247711e-02
1.833767816424369812e-02 2.315984107553958893e-02
1.867185160517692566e-02 2.418128401041030884e-02
1.685228571295738220e-02 2.184511348605155945e-02
1.722122356295585632e-02 2.297897636890411377e-02
1.947214640676975250e-02 2.966443076729774475e-02
1.746362075209617615e-02 2.520006150007247925e-02
1.568842120468616486e-02 1.775232329964637756e-02
1.639704033732414246e-02 2.329048514366149902e-02
1.801778562366962433e-02 2.440336160361766815e-02
1.792073622345924377e-02 2.397586777806282043e-02
1.549244113266468048e-02 2.185645326972007751e-02
1.675955392420291901e-02 2.065254375338554382e-02
1.902291923761367798e-02 2.193297445774078369e-02
1.760208606719970703e-02 2.407357469201087952e-02
1.796570420265197754e-02 2.644736319780349731e-02
1.672394014894962311e-02 2.398546040058135986e-02
1.788068749010562897e-02 2.468351647257804871e-02
2.006790414452552795e-02 2.702176198363304138e-02
2.064603380858898163e-02 2.608319371938705444e-02
2.214658260345458984e-02 2.957782708108425140e-02
2.296417765319347382e-02 2.982755191624164581e-02
1.774027571082115173e-02 2.860420383512973785e-02
2.234535850584506989e-02 2.672673389315605164e-02
2.029670402407646179e-02 2.536928839981555939e-02
2.086232788860797882e-02 2.370952628552913666e-02
1.872369274497032166e-02 2.450778335332870483e-02
1.879102364182472229e-02 2.372338622808456421e-02
1.999535970389842987e-02 2.457476966083049774e-02
1.879240199923515320e-02 2.382151223719120026e-02
1.773344725370407104e-02 2.523199096322059631e-02
1.836096867918968201e-02 2.461219206452369690e-02
1.715655252337455750e-02 2.272572740912437439e-02
1.618470624089241028e-02 2.239813096821308136e-02
1.831154525279998779e-02 2.614575251936912537e-02
1.989427953958511353e-02 2.646377496421337128e-02
1.681782305240631104e-02 2.291444875299930573e-02
1.700301468372344971e-02 2.487412467598915100e-02
1.726666465401649475e-02 2.380622178316116333e-02
1.310529373586177826e-02 2.226974815130233765e-02
1.438115909695625305e-02 2.199709415435791016e-02
1.593336090445518494e-02 2.175747603178024292e-02
1.612619496881961823e-02 2.162299118936061859e-02
1.633452437818050385e-02 2.357219159603118896e-02
1.691481098532676697e-02 2.204826474189758301e-02
1.758503541350364685e-02 2.096551842987537384e-02
1.743307337164878845e-02 2.333440259099006653e-02
1.703003048896789551e-02 2.274951338768005371e-02
1.688846945762634277e-02 2.231602184474468231e-02
1.867257431149482727e-02 2.277734130620956421e-02
1.848974637687206268e-02 2.437444590032100677e-02
1.581455022096633911e-02 2.357311360538005829e-02
1.885976642370223999e-02 2.535715140402317047e-02
1.698744297027587891e-02 2.419482916593551636e-02
1.849132031202316284e-02 2.410430274903774261e-02
1.829246804118156433e-02 2.226101607084274292e-02
1.834261044859886169e-02 2.490965835750102997e-02
1.780075579881668091e-02 2.312464825809001923e-02
1.764181628823280334e-02 2.328505180776119232e-02
1.832869835197925568e-02 2.323965914547443390e-02
1.818425394594669342e-02 2.297107689082622528e-02
1.885375939309597015e-02 2.313784882426261902e-02
1.917801983654499054e-02 2.302993834018707275e-02
1.759404689073562622e-02 2.410110458731651306e-02
1.636601053178310394e-02 2.345418557524681091e-02
1.702523790299892426e-02 2.327222004532814026e-02
1.721873879432678223e-02 2.094899117946624756e-02
1.618686132133007050e-02 2.166267484426498413e-02
1.748520508408546448e-02 2.136786095798015594e-02
1.768057793378829956e-02 2.235744148492813110e-02
1.859719492495059967e-02 2.191927656531333923e-02
1.800011470913887024e-02 2.108053304255008698e-02
1.669000834226608276e-02 2.417544275522232056e-02
1.556633692234754562e-02 2.120379172265529633e-02
1.776841655373573303e-02 2.163339592516422272e-02
1.735276356339454651e-02 2.190073579549789429e-02
1.732053048908710480e-02 2.113039791584014893e-02
1.756782643496990204e-02 2.147393673658370972e-02
1.832850277423858643e-02 2.286133915185928345e-02
1.816581189632415771e-02 1.958912983536720276e-02
1.833292841911315918e-02 1.996798440814018250e-02
1.520381122827529907e-02 2.119679376482963562e-02
1.719627343118190765e-02 2.352060191333293915e-02
1.705628260970115662e-02 2.142750471830368042e-02
1.725394651293754578e-02 2.073416858911514282e-02
1.763440109789371490e-02 2.178705111145973206e-02
1.760717853903770447e-02 2.188282273709774017e-02
1.862954162061214447e-02 2.171792834997177124e-02
1.727554015815258026e-02 2.241994440555572510e-02
1.715309917926788330e-02 2.264193817973136902e-02
1.641874574124813080e-02 2.324155718088150024e-02
1.592567190527915955e-02 2.227527834475040436e-02
1.664297655224800110e-02 2.301406301558017731e-02
1.733608357608318329e-02 2.276991307735443115e-02
1.681102998554706573e-02 2.136783488094806671e-02
1.656097359955310822e-02 2.218830958008766174e-02
1.591398939490318298e-02 2.360960841178894043e-02
1.618888042867183685e-02 2.336546033620834351e-02
1.498856768012046814e-02 2.142225578427314758e-02
1.490052789449691772e-02 2.464950270950794220e-02
1.699622161686420441e-02 2.486530691385269165e-02
1.608689315617084503e-02 2.566245198249816895e-02
1.566096022725105286e-02 2.490448951721191406e-02
1.539422851055860519e-02 2.264893427491188049e-02
1.523414999246597290e-02 2.056526951491832733e-02
1.510401070117950439e-02 2.134544774889945984e-02
1.576521247625350952e-02 2.124280110001564026e-02
1.581462100148200989e-02 2.198520861566066742e-02
1.535458490252494812e-02 2.173613011837005615e-02
1.603513956069946289e-02 2.336597442626953125e-02
1.664043590426445007e-02 2.377068996429443359e-02
1.541566476225852966e-02 2.288309857249259949e-02
1.583510078489780426e-02 2.379351854324340820e-02
1.585296541452407837e-02 2.354996092617511749e-02
1.498391479253768921e-02 2.245955355465412140e-02
1.522924937307834625e-02 2.127473056316375732e-02
1.447727717459201813e-02 2.243527956306934357e-02
1.366659998893737793e-02 2.284689992666244507e-02
1.426009088754653931e-02 2.259787917137145996e-02
1.340382546186447144e-02 2.431216277182102203e-02
1.427699625492095947e-02 2.194976806640625000e-02
1.474770903587341309e-02 2.201066911220550537e-02
1.513777673244476318e-02 2.385276556015014648e-02
1.573674380779266357e-02 2.418559789657592773e-02
1.576106809079647064e-02 2.499024569988250732e-02
1.438646204769611359e-02 2.519354410469532013e-02
1.542618311941623688e-02 2.460069395601749420e-02
1.595383323729038239e-02 2.475389465689659119e-02
1.648376882076263428e-02 2.493146061897277832e-02
1.606571860611438751e-02 2.664766088128089905e-02
1.717598363757133484e-02 2.754754200577735901e-02
1.667657867074012756e-02 2.676783315837383270e-02
1.774458587169647217e-02 2.676338702440261841e-02
1.685906201601028442e-02 2.617132291197776794e-02
1.706285402178764343e-02 2.448308654129505157e-02
1.672813668847084045e-02 2.455453202128410339e-02
1.612733118236064911e-02 2.357019297778606415e-02
1.589411310851573944e-02 2.406240254640579224e-02
1.481923833489418030e-02 2.344856597483158112e-02
1.424716599285602570e-02 2.456086687743663788e-02
1.316490955650806427e-02 2.410964854061603546e-02
1.556513644754886627e-02 2.350075170397758484e-02
1.447488367557525635e-02 2.426864393055438995e-02
1.347248256206512451e-02 2.317877672612667084e-02
1.366376876831054688e-02 2.573587000370025635e-02
1.452201791107654572e-02 2.623652666807174683e-02
1.629044488072395325e-02 2.510409802198410034e-02
1.788067445158958435e-02 2.427370473742485046e-02
1.910883374512195587e-02 2.447396144270896912e-02
1.827760227024555206e-02 2.579686604440212250e-02
1.693218387663364410e-02 2.548387274146080017e-02
1.698448322713375092e-02 2.719561941921710968e-02
1.741547323763370514e-02 2.824245207011699677e-02
1.685432903468608856e-02 3.043487109243869781e-02
1.884820312261581421e-02 2.646856941282749176e-02
1.856892742216587067e-02 2.923978306353092194e-02
1.801897212862968445e-02 2.906281501054763794e-02
1.998918130993843079e-02 3.032600134611129761e-02
1.727157086133956909e-02 2.698535658419132233e-02
1.613142713904380798e-02 2.527019567787647247e-02
1.438277773559093475e-02 2.407937496900558472e-02
1.509306393563747406e-02 2.482709288597106934e-02
1.382726989686489105e-02 2.514783293008804321e-02
1.412132754921913147e-02 2.421657368540763855e-02
1.379354484379291534e-02 2.718557603657245636e-02
1.545326039195060730e-02 2.752960287034511566e-02
1.557722594588994980e-02 2.452028542757034302e-02
1.455080695450305939e-02 2.404307760298252106e-02
1.455840840935707092e-02 2.384690754115581512e-02
1.392104849219322205e-02 2.512939646840095520e-02
1.437932997941970825e-02 2.692308276891708374e-02
1.370362751185894012e-02 2.663144841790199280e-02
1.539992541074752808e-02 2.795635536313056946e-02
1.516060903668403625e-02 2.474439516663551331e-02
1.456741988658905029e-02 2.488671615719795227e-02
1.430319994688034058e-02 2.623195014894008636e-02
1.406523212790489197e-02 2.535184845328330994e-02
1.437742821872234344e-02 2.571559883654117584e-02
1.350099965929985046e-02 2.196177653968334198e-02
1.368489116430282593e-02 2.149835415184497833e-02
1.375390589237213135e-02 2.267158776521682739e-02
1.259741000831127167e-02 2.177117392420768738e-02
1.430374011397361755e-02 2.408605813980102539e-02
1.384390518069267273e-02 2.365271747112274170e-02
1.669375970959663391e-02 2.359998226165771484e-02
1.661987975239753723e-02 2.641597948968410492e-02
1.443085260689258575e-02 2.554993331432342529e-02
1.276660338044166565e-02 1.680860668420791626e-02
1.502517610788345337e-02 2.254795283079147339e-02
1.396589353680610657e-02 2.383786998689174652e-02
1.377111114561557770e-02 2.550306543707847595e-02
1.473868265748023987e-02 2.972777374088764191e-02
1.419601961970329285e-02 2.816968411207199097e-02
1.536628417670726776e-02 3.032942116260528564e-02
1.322733797132968903e-02 2.609070762991905212e-02
1.600627042353153229e-02 3.259053453803062439e-02
1.653325557708740234e-02 3.340911120176315308e-02
1.530575938522815704e-02 3.286991640925407410e-02
1.541137136518955231e-02 3.307198733091354370e-02
1.356972195208072662e-02 3.075091727077960968e-02
1.385332271456718445e-02 2.744208648800849915e-02
1.314764842391014099e-02 2.562348544597625732e-02
1.485320553183555603e-02 2.621488273143768311e-02
1.386093162000179291e-02 2.267038635909557343e-02
1.484706439077854156e-02 2.637386694550514221e-02
1.535924896597862244e-02 2.700092270970344543e-02
1.498920656740665436e-02 2.616300061345100403e-02
1.524266228079795837e-02 2.578469365835189819e-02
1.611052639782428741e-02 2.615209296345710754e-02
1.533423736691474915e-02 2.917472273111343384e-02
1.637274213135242462e-02 2.950315363705158234e-02
1.594719849526882172e-02 2.694126032292842865e-02
1.479416713118553162e-02 2.395694516599178314e-02
1.460502110421657562e-02 2.431752532720565796e-02
1.552061922848224640e-02 2.362702228128910065e-02
1.467253267765045166e-02 2.313520386815071106e-02
1.455468311905860901e-02 2.318616583943367004e-02
1.495245471596717834e-02 2.504496648907661438e-02
1.601855643093585968e-02 2.464954555034637451e-02
1.553531736135482788e-02 2.344615384936332703e-02
1.638851687312126160e-02 2.222800627350807190e-02
1.537306979298591614e-02 2.258978784084320068e-02
1.593476161360740662e-02 2.355741709470748901e-02
1.502147875726222992e-02 2.648725733160972595e-02
1.460876502096652985e-02 2.492641098797321320e-02
1.436716690659523010e-02 2.439820766448974609e-02
1.420531980693340302e-02 2.646253257989883423e-02
1.614049263298511505e-02 2.687767334282398224e-02
1.469348557293415070e-02 2.673744969069957733e-02
1.640811376273632050e-02 2.727200277149677277e-02
1.472624018788337708e-02 2.326826006174087524e-02
1.805016398429870605e-02 3.024570643901824951e-02
1.696237921714782715e-02 2.554204501211643219e-02
1.615132577717304230e-02 2.242058701813220978e-02
1.753529347479343414e-02 2.345978468656539917e-02
1.627643406391143799e-02 2.565349265933036804e-02
1.763581670820713043e-02 2.889454364776611328e-02
1.668294705450534821e-02 2.504616975784301758e-02
1.648030802607536316e-02 2.448167279362678528e-02
1.845875196158885956e-02 2.856881543993949890e-02
1.785729452967643738e-02 2.568500116467475891e-02
1.813263446092605591e-02 2.741042338311672211e-02
1.719040796160697937e-02 2.878404222428798676e-02
1.738718710839748383e-02 2.942708507180213928e-02
1.843647472560405731e-02 2.947934344410896301e-02
1.732034981250762939e-02 2.845791913568973541e-02
2.035915479063987732e-02 3.021133132278919220e-02
2.000004053115844727e-02 3.041741624474525452e-02
1.685282215476036072e-02 3.077478334307670593e-02
1.713931374251842499e-02 3.059284389019012451e-02
1.644416153430938721e-02 3.299970924854278564e-02
1.498201489448547363e-02 3.073714300990104675e-02
1.490851677954196930e-02 3.001807071268558502e-02
1.717593520879745483e-02 3.196399658918380737e-02
2.166050300002098083e-02 3.280866518616676331e-02
1.986682973802089691e-02 3.029542788863182068e-02
1.833789795637130737e-02 2.989008277654647827e-02
1.893743872642517090e-02 3.078588657081127167e-02
1.760625466704368591e-02 2.886307984590530396e-02
1.769146509468555450e-02 2.862544171512126923e-02
1.660713925957679749e-02 3.214630857110023499e-02
1.539057400077581406e-02 3.064940497279167175e-02
1.563563942909240723e-02 3.127254918217658997e-02
1.657343283295631409e-02 2.731125243008136749e-02
1.624342054128646851e-02 3.022921644151210785e-02
1.560400333255529404e-02 3.175195306539535522e-02
1.629842258989810944e-02 2.740352414548397064e-02
1.606735587120056152e-02 2.546196430921554565e-02
1.341539435088634491e-02 2.331058681011199951e-02
1.508258283138275146e-02 2.519459277391433716e-02
1.581062376499176025e-02 2.501222491264343262e-02
1.608708500862121582e-02 2.670781873166561127e-02
1.651667803525924683e-02 2.363172732293605804e-02
1.813485845923423767e-02 2.720084786415100098e-02
1.757815107703208923e-02 2.880360372364521027e-02
1.868099719285964966e-02 2.738951332867145538e-02
1.858250051736831665e-02 2.677625976502895355e-02
1.752920821309089661e-02 3.083041310310363770e-02
1.958167925477027893e-02 2.905321680009365082e-02
1.626723259687423706e-02 2.919377386569976807e-02
1.748588308691978455e-02 2.960093319416046143e-02
1.523769460618495941e-02 2.439604327082633972e-02
1.594090834259986877e-02 2.524211816489696503e-02
1.497076079249382019e-02 2.500948496162891388e-02
1.551530696451663971e-02 2.993322350084781647e-02
1.567390747368335724e-02 2.468951977789402008e-02
1.695859245955944061e-02 2.422388456761837006e-02
1.494948938488960266e-02 2.510907500982284546e-02
1.658767089247703552e-02 2.463173866271972656e-02
1.615830138325691223e-02 2.356658130884170532e-02
1.891428604722023010e-02 2.294134348630905151e-02
1.704298891127109528e-02 2.313946560025215149e-02
1.766237989068031311e-02 2.566740475594997406e-02
1.922995410859584808e-02 2.763200365006923676e-02
1.543407421559095383e-02 2.856111712753772736e-02
1.612208224833011627e-02 2.306189201772212982e-02
1.587394066154956818e-02 2.458781562745571136e-02
1.352118887007236481e-02 2.326167374849319458e-02
1.591692492365837097e-02 2.332059852778911591e-02
1.613585092127323151e-02 2.452243492007255554e-02
1.692770048975944519e-02 1.936781406402587891e-02
1.644525863230228424e-02 1.929551735520362854e-02
1.669016480445861816e-02 2.208329178392887115e-02
1.454212702810764313e-02 2.464452758431434631e-02
1.522174105048179626e-02 2.507621422410011292e-02
1.459965668618679047e-02 2.512278221547603607e-02
1.573873683810234070e-02 2.416903153061866760e-02
1.736262999475002289e-02 2.565767802298069000e-02
1.618025079369544983e-02 2.382742986083030701e-02
1.579966768622398376e-02 2.439686842262744904e-02
1.717337965965270996e-02 2.455979213118553162e-02
1.705201528966426849e-02 2.318646200001239777e-02
1.534419693052768707e-02 2.325920388102531433e-02
1.479367539286613464e-02 2.176276966929435730e-02
1.439063623547554016e-02 2.234947308897972107e-02
1.346044614911079407e-02 2.549940161406993866e-02
1.479403860867023468e-02 2.603747881948947906e-02
1.691071875393390656e-02 2.645781822502613068e-02
1.573167182505130768e-02 2.537422999739646912e-02
1.310597360134124756e-02 2.500545978546142578e-02
1.221338286995887756e-02 2.350104600191116333e-02
1.318885385990142822e-02 2.540515922009944916e-02
1.319894008338451385e-02 2.568066678941249847e-02
1.539257448166608810e-02 2.750032767653465271e-02
1.492834836244583130e-02 2.691486850380897522e-02
1.709602028131484985e-02 2.683569304645061493e-02
1.740440167486667633e-02 2.931694500148296356e-02
1.891993917524814606e-02 2.702400460839271545e-02
1.803454384207725525e-02 2.995147556066513062e-02
2.020375803112983704e-02 3.076652623713016510e-02
1.971582509577274323e-02 3.016712889075279236e-02
1.694205030798912048e-02 3.181644901633262634e-02
1.632293500006198883e-02 3.040072508156299591e-02
1.529547199606895447e-02 2.571478113532066345e-02
1.600150018930435181e-02 2.578010968863964081e-02
1.607610099017620087e-02 2.472357824444770813e-02
1.537387073040008545e-02 2.451909147202968597e-02
1.477473787963390350e-02 2.240702137351036072e-02
1.516786776483058929e-02 2.404467016458511353e-02
1.400170847773551941e-02 2.229066751897335052e-02
1.554081775248050690e-02 2.304926514625549316e-02
1.411010883748531342e-02 2.239592932164669037e-02
1.332947053015232086e-02 1.976398378610610962e-02
1.418183371424674988e-02 2.233094163239002228e-02
1.501903682947158813e-02 2.310007624328136444e-02
1.437325216829776764e-02 2.368730679154396057e-02
1.461447402834892273e-02 2.268679440021514893e-02
1.525379344820976257e-02 2.329131960868835449e-02
1.527617126703262329e-02 2.266225777566432953e-02
1.395251229405403137e-02 2.312787808477878571e-02
1.371295750141143799e-02 2.314460277557373047e-02
1.432613283395767212e-02 2.353959344327449799e-02
1.452331244945526123e-02 2.361271344125270844e-02
1.499816402792930603e-02 2.334645390510559082e-02
1.485340297222137451e-02 2.450762689113616943e-02
1.498509757220745087e-02 2.397519722580909729e-02
1.519943587481975555e-02 2.445302158594131470e-02
1.323970034718513489e-02 2.304779179394245148e-02
1.523896306753158569e-02 2.558237314224243164e-02
1.639897003769874573e-02 2.448252588510513306e-02
1.631448045372962952e-02 2.427197992801666260e-02
1.653256081044673920e-02 2.248931676149368286e-02
1.573538966476917267e-02 2.149632573127746582e-02
1.416490785777568817e-02 2.119893580675125122e-02
1.381742954254150391e-02 2.045498602092266083e-02
1.323698088526725769e-02 2.112281508743762970e-02
1.386888325214385986e-02 2.185125835239887238e-02
1.345971599221229553e-02 2.200721390545368195e-02
1.582586020231246948e-02 2.265511080622673035e-02
1.498683169484138489e-02 2.238005772233009338e-02
1.522859185934066772e-02 2.253624610602855682e-02
1.621198095381259918e-02 2.486457303166389465e-02
1.581684313714504242e-02 2.368110045790672302e-02
1.452311500906944275e-02 2.521193027496337891e-02
1.399400085210800171e-02 2.470224723219871521e-02
1.538489758968353271e-02 2.466302365064620972e-02
1.388825289905071259e-02 2.319768816232681274e-02
1.582898572087287903e-02 2.447608485817909241e-02
1.489353924989700317e-02 2.504699304699897766e-02
1.575715281069278717e-02 2.595295384526252747e-02
1.632947288453578949e-02 2.101288549602031708e-02
1.565719395875930786e-02 2.420108206570148468e-02
1.606747508049011230e-02 2.393322065472602844e-02
1.605062186717987061e-02 2.439630590379238129e-02
