1.870594173669815063e-02 4.479093104600906372e-02
1.793240010738372803e-02 4.704772680997848511e-02
1.696806401014328003e-02 4.528829082846641541e-02
1.692549511790275574e-02 4.544839262962341309e-02
1.541860401630401611e-02 4.593658447265625000e-02
1.766464486718177795e-02 4.786054044961929321e-02
1.540097501128911972e-02 4.365248978137969971e-02
1.038771867752075195e-02 4.313898831605911255e-02
1.026432402431964874e-02 3.897289559245109558e-02
1.219919882714748383e-02 4.145027324557304382e-02
1.540140807628631592e-02 4.133969917893409729e-02
1.758336089551448822e-02 3.842077404260635376e-02
1.349275559186935425e-02 3.742425516247749329e-02
1.435480639338493347e-02 4.074450954794883728e-02
1.372289657592773438e-02 3.599399328231811523e-02
1.627718284726142883e-02 3.757127746939659119e-02
1.604247651994228363e-02 4.252930358052253723e-02
1.592142507433891296e-02 4.177992045879364014e-02
1.596360839903354645e-02 4.413477331399917603e-02
1.422042958438396454e-02 4.398957267403602600e-02
1.658925786614418030e-02 4.400186985731124878e-02
1.782424747943878174e-02 5.085650086402893066e-02
1.424725167453289032e-02 4.206609725952148438e-02
1.260001771152019501e-02 3.916541859507560730e-02
1.277437061071395874e-02 3.858186304569244385e-02
1.086798496544361115e-02 3.127777948975563049e-02
1.214324869215488434e-02 2.680570073425769806e-02
1.463761553168296814e-02 3.270646929740905762e-02
1.574202999472618103e-02 3.787339106202125549e-02
1.215811446309089661e-02 3.602273017168045044e-02
1.319498755037784576e-02 3.561007604002952576e-02
1.457541063427925110e-02 3.885454311966896057e-02
1.859618164598941803e-02 4.508132487535476685e-02
1.227532513439655304e-02 3.551691770553588867e-02
1.574456691741943359e-02 3.614090383052825928e-02
1.667159795761108398e-02 3.733607754111289978e-02
1.628774963319301605e-02 3.280465677380561829e-02
1.697793602943420410e-02 3.544729575514793396e-02
1.337559521198272705e-02 3.098118491470813751e-02
1.494388096034526825e-02 3.353019058704376221e-02
1.641860231757164001e-02 3.245119377970695496e-02
1.550796721130609512e-02 3.146604448556900024e-02
1.366995833814144135e-02 2.878739498555660248e-02
1.674121990799903870e-02 3.370651975274085999e-02
1.946420222520828247e-02 3.711093962192535400e-02
1.381059177219867706e-02 3.565912693738937378e-02
1.284685358405113220e-02 3.677510097622871399e-02
1.310893520712852478e-02 3.193277120590209961e-02
1.688724383711814880e-02 3.759431093931198120e-02
1.561559457331895828e-02 3.520851954817771912e-02
1.587186753749847412e-02 3.928540647029876709e-02
1.666041836142539978e-02 3.771390765905380249e-02
1.957030594348907471e-02 3.428704664111137390e-02
1.563832722604274750e-02 3.563341870903968811e-02
1.580321788787841797e-02 3.676650300621986389e-02
1.766743883490562439e-02 3.205519914627075195e-02
1.594376005232334137e-02 3.447976708412170410e-02
1.564223133027553558e-02 3.382860124111175537e-02
1.430062577128410339e-02 3.163112327456474304e-02
1.500884257256984711e-02 3.605869412422180176e-02
1.644776761531829834e-02 3.859264776110649109e-02
1.744884625077247620e-02 4.095702990889549255e-02
1.650326326489448547e-02 3.604807332158088684e-02
1.638462394475936890e-02 3.832959383726119995e-02
1.448791846632957458e-02 3.578581288456916809e-02
1.448514685034751892e-02 3.569022938609123230e-02
1.406027376651763916e-02 3.637633472681045532e-02
1.517012715339660645e-02 3.884741291403770447e-02
1.600363478064537048e-02 3.542259708046913147e-02
1.839360035955905914e-02 3.927600011229515076e-02
1.676737517118453979e-02 3.673721104860305786e-02
1.794767379760742188e-02 3.923791274428367615e-02
1.552024483680725098e-02 3.734035044908523560e-02
1.595084182918071747e-02 3.602815046906471252e-02
1.428112387657165527e-02 3.647807985544204712e-02
1.401971280574798584e-02 3.815512731671333313e-02
1.454007253050804138e-02 3.060245141386985779e-02
1.557247899472713470e-02 3.698335960507392883e-02
1.436315849423408508e-02 3.275923058390617371e-02
1.601590961217880249e-02 4.164389148354530334e-02
1.537024416029453278e-02 3.954090178012847900e-02
1.563363708555698395e-02 3.825686126947402954e-02
1.287584006786346436e-02 3.556287288665771484e-02
9.313918650150299072e-03 2.897971682250499725e-02
1.103056780993938446e-02 2.947701886296272278e-02
1.346554979681968689e-02 3.312392905354499817e-02
1.084670796990394592e-02 3.298170492053031921e-02
1.254626736044883728e-02 3.853118419647216797e-02
1.408394426107406616e-02 3.593768551945686340e-02
1.374669745564460754e-02 2.845233492553234100e-02
1.174379512667655945e-02 2.618676796555519104e-02
1.658435724675655365e-02 3.149457648396492004e-02
1.687840186059474945e-02 3.243920207023620605e-02
1.829151622951030731e-02 3.203532844781875610e-02
1.658144965767860413e-02 3.086285851895809174e-02
1.315966807305812836e-02 2.543151378631591797e-02
8.935984224081039429e-03 2.259202674031257629e-02
1.052673719823360443e-02 2.791270799934864044e-02
1.165830343961715698e-02 2.489641495048999786e-02
1.453290693461894989e-02 2.511646226048469543e-02
1.124588772654533386e-02 2.385962009429931641e-02
1.165037229657173157e-02 2.877026051282882690e-02
1.507594436407089233e-02 3.329596668481826782e-02
1.351718232035636902e-02 2.497425116598606110e-02
1.601156778633594513e-02 3.030084073543548584e-02
1.530870236456394196e-02 2.841453626751899719e-02
1.441534608602523804e-02 2.694154344499111176e-02
1.554841734468936920e-02 3.255345299839973450e-02
1.386157423257827759e-02 2.785765193402767181e-02
1.502840034663677216e-02 3.358017280697822571e-02
1.491729170083999634e-02 3.368637710809707642e-02
1.690259575843811035e-02 3.122227825224399567e-02
1.370642893016338348e-02 3.136175870895385742e-02
1.072303950786590576e-02 2.942801266908645630e-02
1.349647715687751770e-02 3.069875761866569519e-02
1.504447869956493378e-02 2.979030460119247437e-02
1.360528729856014252e-02 3.201574087142944336e-02
1.283762231469154358e-02 2.992664836347103119e-02
1.236725226044654846e-02 3.015079163014888763e-02
1.341153308749198914e-02 2.896294742822647095e-02
1.272148266434669495e-02 3.117131069302558899e-02
1.302700489759445190e-02 3.211668506264686584e-02
1.209568046033382416e-02 3.098198398947715759e-02
1.486962102353572845e-02 3.574797138571739197e-02
1.524153724312782288e-02 3.355788439512252808e-02
1.452400907874107361e-02 3.155902773141860962e-02
1.370790973305702209e-02 2.956435084342956543e-02
1.391223445534706116e-02 2.581790834665298462e-02
1.227582618594169617e-02 2.888662926852703094e-02
1.524687185883522034e-02 2.870348840951919556e-02
1.410688273608684540e-02 2.910209819674491882e-02
1.404488831758499146e-02 3.138583153486251831e-02
1.301044411957263947e-02 2.758303098380565643e-02
1.239809766411781311e-02 3.008169494569301605e-02
1.353174075484275818e-02 2.984444238245487213e-02
1.404433511197566986e-02 2.820064686238765717e-02
1.488751545548439026e-02 2.959109283983707428e-02
1.524719595909118652e-02 3.054839558899402618e-02
1.422843895852565765e-02 2.944691665470600128e-02
1.423949375748634338e-02 3.063509054481983185e-02
1.343873888254165649e-02 3.178337216377258301e-02
1.268878206610679626e-02 2.820167131721973419e-02
1.304994150996208191e-02 2.795676328241825104e-02
1.406643539667129517e-02 2.794973552227020264e-02
1.214332878589630127e-02 2.775253355503082275e-02
1.279467716813087463e-02 2.670296467840671539e-02
1.254817098379135132e-02 2.949162758886814117e-02
1.515631936490535736e-02 2.998567186295986176e-02
1.491114124655723572e-02 3.039821237325668335e-02
1.370499283075332642e-02 2.911960892379283905e-02
1.302680373191833496e-02 2.706200256943702698e-02
1.295715197920799255e-02 2.781859599053859711e-02
1.235799863934516907e-02 2.753899246454238892e-02
1.330297626554965973e-02 2.635723538696765900e-02
1.306265220046043396e-02 2.780869230628013611e-02
1.101456582546234131e-02 2.841500192880630493e-02
1.153897680342197418e-02 2.570866234600543976e-02
1.182604581117630005e-02 2.570015937089920044e-02
1.308570988476276398e-02 2.515359595417976379e-02
1.138934493064880371e-02 2.580122463405132294e-02
1.121303811669349670e-02 2.597622014582157135e-02
1.208064705133438110e-02 2.666761912405490875e-02
1.265046000480651855e-02 2.724936977028846741e-02
1.337219402194023132e-02 2.585150487720966339e-02
1.368512958288192749e-02 2.487305179238319397e-02
1.088871061801910400e-02 2.618896961212158203e-02
1.172027736902236938e-02 2.815147303044795990e-02
1.235414668917655945e-02 2.735028788447380066e-02
1.095532625913619995e-02 2.765128016471862793e-02
1.366985216736793518e-02 2.966996096074581146e-02
1.282924786210060120e-02 2.909798920154571533e-02
1.411810144782066345e-02 3.163864463567733765e-02
1.498430967330932617e-02 3.035872615873813629e-02
1.386991515755653381e-02 3.077567741274833679e-02
1.479515805840492249e-02 2.906734682619571686e-02
1.399967074394226074e-02 3.151196986436843872e-02
1.491171494126319885e-02 3.178103268146514893e-02
1.583335921168327332e-02 2.996409125626087189e-02
1.329516246914863586e-02 2.693771198391914368e-02
1.246482878923416138e-02 2.636668458580970764e-02
1.432096213102340698e-02 2.788665518164634705e-02
1.385854184627532959e-02 2.726872451603412628e-02
1.485035568475723267e-02 2.948739752173423767e-02
1.604498550295829773e-02 2.788690850138664246e-02
1.552256662398576736e-02 2.836836688220500946e-02
1.696079038083553314e-02 3.050052933394908905e-02
1.813680864870548248e-02 2.967482805252075195e-02
1.632955111563205719e-02 2.886749431490898132e-02
1.750648021697998047e-02 3.153089806437492371e-02
1.781021989881992340e-02 3.224188089370727539e-02
1.599704846739768982e-02 3.020672500133514404e-02
1.593106053769588470e-02 2.911243773996829987e-02
1.474648341536521912e-02 2.828101813793182373e-02
1.540037430822849274e-02 3.076288476586341858e-02
1.461249031126499176e-02 3.234303370118141174e-02
1.466500386595726013e-02 3.012399189174175262e-02
1.352322846651077271e-02 3.006407618522644043e-02
1.477951928973197937e-02 2.789421007037162781e-02
1.563772186636924744e-02 3.166430070996284485e-02
1.639236137270927429e-02 2.718263305723667145e-02
1.618178747594356537e-02 2.763942256569862366e-02
1.619960740208625793e-02 2.863848581910133362e-02
1.585056446492671967e-02 2.941267192363739014e-02
1.462703198194503784e-02 2.641204372048377991e-02
1.627448014914989471e-02 2.818279340863227844e-02
1.641782186925411224e-02 2.722404710948467255e-02
1.509563252329826355e-02 2.907120250165462494e-02
1.722633466124534607e-02 3.041011467576026917e-02
1.695924624800682068e-02 2.906699106097221375e-02
1.596753671765327454e-02 2.712254039943218231e-02
1.854541897773742676e-02 2.968941256403923035e-02
1.660280674695968628e-02 2.740443684160709381e-02
1.622716337442398071e-02 2.686756476759910583e-02
1.500925794243812561e-02 3.070461004972457886e-02
1.528061926364898682e-02 2.820970676839351654e-02
1.619467884302139282e-02 2.964914031326770782e-02
1.563887484371662140e-02 3.013003058731555939e-02
1.512900367379188538e-02 2.854572236537933350e-02
1.599771901965141296e-02 2.957097068428993225e-02
1.461240462958812714e-02 2.833194285631179810e-02
1.625600084662437439e-02 3.208246827125549316e-02
1.574192009866237640e-02 3.364615514874458313e-02
1.608412340283393860e-02 3.173417225480079651e-02
1.237506791949272156e-02 2.921003475785255432e-02
1.368313655257225037e-02 2.555815875530242920e-02
1.562064420431852341e-02 2.984753996133804321e-02
1.554694585502147675e-02 2.772410213947296143e-02
1.588419638574123383e-02 2.660373412072658539e-02
1.443033665418624878e-02 2.660581842064857483e-02
1.596568524837493896e-02 2.739874273538589478e-02
1.498366147279739380e-02 2.697325311601161957e-02
1.491520367562770844e-02 2.775730565190315247e-02
1.588877290487289429e-02 2.855357341468334198e-02
1.692769676446914673e-02 2.964863926172256470e-02
1.720637455582618713e-02 2.930961921811103821e-02
1.613038964569568634e-02 2.893181517720222473e-02
1.723555475473403931e-02 2.876869216561317444e-02
1.695207878947257996e-02 2.560441754758358002e-02
1.739628240466117859e-02 2.853516675531864166e-02
1.711848564445972443e-02 2.901106327772140503e-02
1.650434359908103943e-02 3.104083985090255737e-02
1.673343963921070099e-02 2.961316145956516266e-02
1.695084944367408752e-02 2.891338244080543518e-02
1.699270494282245636e-02 2.968992292881011963e-02
1.747589930891990662e-02 2.933328412473201752e-02
1.761952042579650879e-02 2.874537184834480286e-02
1.801384799182415009e-02 3.365769609808921814e-02
1.553416345268487930e-02 3.163894638419151306e-02
1.567775942385196686e-02 3.288404643535614014e-02
1.510505378246307373e-02 3.529844433069229126e-02
1.345220953226089478e-02 3.437346220016479492e-02
1.224972307682037354e-02 3.078404255211353302e-02
1.361101865768432617e-02 3.099366091191768646e-02
1.322221755981445312e-02 3.180226311087608337e-02
1.359174773097038269e-02 3.336143121123313904e-02
1.379776187241077423e-02 2.964541316032409668e-02
1.414400339126586914e-02 2.921613678336143494e-02
1.527108252048492432e-02 3.102810494601726532e-02
1.701876893639564514e-02 3.412989154458045959e-02
1.856633834540843964e-02 3.975985199213027954e-02
1.708649471402168274e-02 3.753273934125900269e-02
1.790795661509037018e-02 3.682472184300422668e-02
1.813500188291072845e-02 3.447677940130233765e-02
1.732964813709259033e-02 3.495893627405166626e-02
1.662636548280715942e-02 3.498911857604980469e-02
1.438182778656482697e-02 3.445455431938171387e-02
1.663784310221672058e-02 3.818025812506675720e-02
1.564704254269599915e-02 3.407248482108116150e-02
1.697014644742012024e-02 3.274527192115783691e-02
1.750951446592807770e-02 3.497741371393203735e-02
1.865828223526477814e-02 3.719665482640266418e-02
1.611816138029098511e-02 3.088454715907573700e-02
1.715203933417797089e-02 3.340150415897369385e-02
1.640849746763706207e-02 3.186925873160362244e-02
1.465212181210517883e-02 3.286198154091835022e-02
1.254291273653507233e-02 2.999562397599220276e-02
1.569567993283271790e-02 3.402370586991310120e-02
1.587224937975406647e-02 3.238936513662338257e-02
1.493712142109870911e-02 3.157140687108039856e-02
1.435291767120361328e-02 3.112968616187572479e-02
1.461179181933403015e-02 3.140378370881080627e-02
1.298196241259574890e-02 3.280681371688842773e-02
1.352289132773876190e-02 3.308182954788208008e-02
1.168150641024112701e-02 3.187350928783416748e-02
1.629315130412578583e-02 3.671544417738914490e-02
1.389781013131141663e-02 3.612292930483818054e-02
1.367749087512493134e-02 3.945962712168693542e-02
1.499573700129985809e-02 3.871943056583404541e-02
1.796092651784420013e-02 4.599073529243469238e-02
1.751423068344593048e-02 4.267336428165435791e-02
1.851309090852737427e-02 4.067738354206085205e-02
1.576464250683784485e-02 3.816403448581695557e-02
1.545456890016794205e-02 3.693042695522308350e-02
1.490420848131179810e-02 3.232689574360847473e-02
1.500356197357177734e-02 3.566293418407440186e-02
1.585430465638637543e-02 3.595593571662902832e-02
1.633271947503089905e-02 3.870160132646560669e-02
1.589480042457580566e-02 3.932037204504013062e-02
1.981796510517597198e-02 4.653982073068618774e-02
1.622454822063446045e-02 4.323519393801689148e-02
1.769152656197547913e-02 4.294165223836898804e-02
1.688310131430625916e-02 4.181440919637680054e-02
1.711622066795825958e-02 4.313266277313232422e-02
1.353655196726322174e-02 3.657699376344680786e-02
1.245374232530593872e-02 3.582236543297767639e-02
1.197924837470054626e-02 3.073016740381717682e-02
1.266928203403949738e-02 3.486196324229240417e-02
1.219258829951286316e-02 3.489148989319801331e-02
1.311700977385044098e-02 3.770475089550018311e-02
1.382831484079360962e-02 3.551099076867103577e-02
1.308257877826690674e-02 3.520002216100692749e-02
1.308888196945190430e-02 3.552118688821792603e-02
1.276459544897079468e-02 3.339939564466476440e-02
1.230933517217636108e-02 3.675007075071334839e-02
1.383843645453453064e-02 3.723901510238647461e-02
1.428385637700557709e-02 3.629495948553085327e-02
1.370767131447792053e-02 3.939332813024520874e-02
1.607339642941951752e-02 4.079414904117584229e-02
1.444012299180030823e-02 3.472669050097465515e-02
1.452433317899703979e-02 3.627615794539451599e-02
1.441455073654651642e-02 3.519620001316070557e-02
1.627877727150917053e-02 4.040657728910446167e-02
1.429371535778045654e-02 3.575775399804115295e-02
1.358400285243988037e-02 3.364466130733489990e-02
1.348871737718582153e-02 3.364154323935508728e-02
1.158435642719268799e-02 3.508090972900390625e-02
1.277669891715049744e-02 3.161116689443588257e-02
1.199705712497234344e-02 3.342102468013763428e-02
1.101169362664222717e-02 3.191982954740524292e-02
1.199520938098430634e-02 3.130881115794181824e-02
1.218446716666221619e-02 3.453644737601280212e-02
1.235500350594520569e-02 3.420077264308929443e-02
9.986523538827896118e-03 3.615744784474372864e-02
1.293131336569786072e-02 3.632327169179916382e-02
1.299123838543891907e-02 3.429818898439407349e-02
1.342985779047012329e-02 3.790121525526046753e-02
1.448044180870056152e-02 3.856571018695831299e-02
1.247009262442588806e-02 4.027840122580528259e-02
1.343832537531852722e-02 3.698857128620147705e-02
1.490160264074802399e-02 4.081992059946060181e-02
1.444199867546558380e-02 4.043309390544891357e-02
1.667708531022071838e-02 4.104175418615341187e-02
1.653944700956344604e-02 4.262173920869827271e-02
1.594183035194873810e-02 4.252379760146141052e-02
1.527119614183902740e-02 4.254210367798805237e-02
1.703335344791412354e-02 4.343969002366065979e-02
1.858632266521453857e-02 4.703537747263908386e-02
1.870114356279373169e-02 4.384994506835937500e-02
1.900172047317028046e-02 4.654029011726379395e-02
1.915305480360984802e-02 4.826891422271728516e-02
1.776304468512535095e-02 4.814705252647399902e-02
1.864523813128471375e-02 4.793109744787216187e-02
1.727442257106304169e-02 4.776626825332641602e-02
1.679106988012790680e-02 4.767669737339019775e-02
1.565726287662982941e-02 4.817362129688262939e-02
1.572777330875396729e-02 4.880184680223464966e-02
1.606341823935508728e-02 4.793402552604675293e-02
1.741340570151805878e-02 4.823972284793853760e-02
1.786536164581775665e-02 4.851583391427993774e-02
1.634192839264869690e-02 4.714513942599296570e-02
1.470198109745979309e-02 4.340914636850357056e-02
1.817198842763900757e-02 4.943532496690750122e-02
1.830443553626537323e-02 4.907968640327453613e-02
1.707930117845535278e-02 4.889713972806930542e-02
1.927471533417701721e-02 4.939176887273788452e-02
2.034470438957214355e-02 4.945977032184600830e-02
2.044853381812572479e-02 4.799477756023406982e-02
1.825861260294914246e-02 4.799337685108184814e-02
1.851914450526237488e-02 4.796510934829711914e-02
1.725576817989349365e-02 5.005209147930145264e-02
1.560425199568271637e-02 4.564982652664184570e-02
1.638964004814624786e-02 4.846728593111038208e-02
1.533444970846176147e-02 4.482976347208023071e-02
1.656935177743434906e-02 5.002510547637939453e-02
1.581490412354469299e-02 4.895573854446411133e-02
1.644996739923954010e-02 4.637360200285911560e-02
1.729038730263710022e-02 4.886604845523834229e-02
1.888499222695827484e-02 4.934251308441162109e-02
1.786063611507415771e-02 4.832965135574340820e-02
1.688197813928127289e-02 4.796455800533294678e-02
1.742292381823062897e-02 4.824533313512802124e-02
1.565117016434669495e-02 4.622531682252883911e-02
1.727982982993125916e-02 4.770441353321075439e-02
1.782094128429889679e-02 4.724445194005966187e-02
1.677481271326541901e-02 4.962962865829467773e-02
1.342128030955791473e-02 4.314373806118965149e-02
1.481503248214721680e-02 4.828575626015663147e-02
1.660867407917976379e-02 5.004942417144775391e-02
1.613338664174079895e-02 4.715450853109359741e-02
1.670543849468231201e-02 4.916582256555557251e-02
1.685868948698043823e-02 4.851871728897094727e-02
1.534571312367916107e-02 4.858822375535964966e-02
1.510435156524181366e-02 4.596649855375289917e-02
1.592741161584854126e-02 4.503026977181434631e-02
1.552241761237382889e-02 4.470844566822052002e-02
1.660410873591899872e-02 4.501368477940559387e-02
1.527489349246025085e-02 4.198667779564857483e-02
1.694223657250404358e-02 4.070824384689331055e-02
1.531092077493667603e-02 3.956513106822967529e-02
1.389799825847148895e-02 3.903662040829658508e-02
1.482660137116909027e-02 4.199118539690971375e-02
1.248418167233467102e-02 4.207208752632141113e-02
1.353188231587409973e-02 4.450584203004837036e-02
1.500826515257358551e-02 3.955802321434020996e-02
1.387681439518928528e-02 3.571732714772224426e-02
8.300844579935073853e-03 2.474580705165863037e-02
1.359304599463939667e-02 4.152403399348258972e-02
1.425972580909729004e-02 3.945773467421531677e-02
1.705112308263778687e-02 4.278235509991645813e-02
1.512069068849086761e-02 4.396695271134376526e-02
1.606227271258831024e-02 4.401496797800064087e-02
1.524972170591354370e-02 3.802118450403213501e-02
1.458908617496490479e-02 3.198975697159767151e-02
1.347148418426513672e-02 2.796685881912708282e-02
1.519976556301116943e-02 3.274507075548171997e-02
1.586940139532089233e-02 3.497515618801116943e-02
1.518093794584274292e-02 2.664476074278354645e-02
1.708569563925266266e-02 2.920991741120815277e-02
1.572025194764137268e-02 2.938347496092319489e-02
1.403782144188880920e-02 2.943716943264007568e-02
1.758638396859169006e-02 3.525928407907485962e-02
1.473386026918888092e-02 3.177079558372497559e-02
1.752407848834991455e-02 3.665272518992424011e-02
2.179596573114395142e-02 4.320386797189712524e-02
2.151289209723472595e-02 4.506506770849227905e-02
2.154105342924594879e-02 4.153763130307197571e-02
2.289602532982826233e-02 4.088611155748367310e-02
2.189722098410129547e-02 4.044662043452262878e-02
2.079978398978710175e-02 3.887528926134109497e-02
2.059365436434745789e-02 3.790733590722084045e-02
1.764161139726638794e-02 3.421205654740333557e-02
1.554124522954225540e-02 3.027140721678733826e-02
1.795079372823238373e-02 3.029580041766166687e-02
1.818988285958766937e-02 2.886167354881763458e-02
1.735049486160278320e-02 3.125691041350364685e-02
1.891368255019187927e-02 3.274641931056976318e-02
1.778795011341571808e-02 2.818491309881210327e-02
1.698795333504676819e-02 2.787322923541069031e-02
1.833956502377986908e-02 2.924177236855030060e-02
1.805175095796585083e-02 2.871396020054817200e-02
1.768983155488967896e-02 2.651896700263023376e-02
1.738327927887439728e-02 2.943292446434497833e-02
1.776526682078838348e-02 2.923135831952095032e-02
1.551807299256324768e-02 2.791569381952285767e-02
1.466367207467556000e-02 2.766077220439910889e-02
1.771088130772113800e-02 2.979255095124244690e-02
1.512823253870010376e-02 2.709059789776802063e-02
1.751423627138137817e-02 2.749712765216827393e-02
1.659013889729976654e-02 2.854303643107414246e-02
1.700919307768344879e-02 2.735347859561443329e-02
1.703861728310585022e-02 2.677309140563011169e-02
1.799708791077136993e-02 2.746597491204738617e-02
1.628833636641502380e-02 2.644136920571327209e-02
1.589585281908512115e-02 2.398130670189857483e-02
1.764669641852378845e-02 2.495205402374267578e-02
1.763252541422843933e-02 2.273420616984367371e-02
1.727168448269367218e-02 2.212568931281566620e-02
1.663820259273052216e-02 2.455366775393486023e-02
1.716752909123897552e-02 2.611904591321945190e-02
1.491763629019260406e-02 2.695399336516857147e-02
1.277525350451469421e-02 2.580325305461883545e-02
1.699091494083404541e-02 2.672147750854492188e-02
1.203635334968566895e-02 2.095020189881324768e-02
1.357341185212135315e-02 2.583653107285499573e-02
1.658116094768047333e-02 2.087747864425182343e-02
1.556736417114734650e-02 2.305765263736248016e-02
1.580492034554481506e-02 2.113253623247146606e-02
1.980767771601676941e-02 2.965848892927169800e-02
1.464162766933441162e-02 2.471660450100898743e-02
1.623989455401897430e-02 2.575725503265857697e-02
1.300168596208095551e-02 2.306026220321655273e-02
1.061077415943145752e-02 2.579298242926597595e-02
1.602552458643913269e-02 2.769145742058753967e-02
1.272723264992237091e-02 2.721642702817916870e-02
1.083938404917716980e-02 2.865677326917648315e-02
1.524155773222446442e-02 3.060781769454479218e-02
1.597033441066741943e-02 3.592426702380180359e-02
1.416330598294734955e-02 4.053118079900741577e-02
1.163610257208347321e-02 3.130682930350303650e-02
1.323346793651580811e-02 3.931673243641853333e-02
1.684867963194847107e-02 3.205049037933349609e-02
1.899832859635353088e-02 4.571457207202911377e-02
1.791743747889995575e-02 4.089150205254554749e-02
1.515527069568634033e-02 3.689423575997352600e-02
1.639892347157001495e-02 3.392646834254264832e-02
1.172098517417907715e-02 1.632792688906192780e-02
1.376616582274436951e-02 2.798897214233875275e-02
1.118452847003936768e-02 2.020387724041938782e-02
1.361001282930374146e-02 4.038813710212707520e-02
2.010010555386543274e-02 4.023605585098266602e-02
1.994106359779834747e-02 4.139769822359085083e-02
1.998027786612510681e-02 4.101151227951049805e-02
1.736793480813503265e-02 3.905635327100753784e-02
1.755759492516517639e-02 3.701978921890258789e-02
2.031753212213516235e-02 4.408591985702514648e-02
1.806021854281425476e-02 4.383980482816696167e-02
1.906584948301315308e-02 4.297914355993270874e-02
1.213153637945652008e-02 3.970298543572425842e-02
1.372445747256278992e-02 3.627701848745346069e-02
1.385208778083324432e-02 3.930090367794036865e-02
1.853387430310249329e-02 4.160072281956672668e-02
1.676081120967864990e-02 3.595580160617828369e-02
1.591668277978897095e-02 3.368460759520530701e-02
1.723926514387130737e-02 3.596426546573638916e-02
1.781068928539752960e-02 3.920106962323188782e-02
1.526315882802009583e-02 3.530672192573547363e-02
1.478961296379566193e-02 3.375099599361419678e-02
1.505947858095169067e-02 3.649213910102844238e-02
1.845599152147769928e-02 3.571107238531112671e-02
1.232459954917430878e-02 3.329541906714439392e-02
1.352038793265819550e-02 3.280055895447731018e-02
1.639705151319503784e-02 3.304385766386985779e-02
1.521359384059906006e-02 3.392986208200454712e-02
1.694522239267826080e-02 3.636567294597625732e-02
1.630814746022224426e-02 3.739224374294281006e-02
1.651004888117313385e-02 3.852526098489761353e-02
1.769023202359676361e-02 4.066247865557670593e-02
1.666275039315223694e-02 4.360726848244667053e-02
1.655093021690845490e-02 3.927755728363990784e-02
1.220472157001495361e-02 3.561868146061897278e-02
1.802091673016548157e-02 3.770855814218521118e-02
1.665724441409111023e-02 3.459182381629943848e-02
1.806049048900604248e-02 3.862337023019790649e-02
1.648440212011337280e-02 3.934850543737411499e-02
1.887307688593864441e-02 4.079291224479675293e-02
1.331272721290588379e-02 3.193624317646026611e-02
2.047854848206043243e-02 3.971859812736511230e-02
1.691346429288387299e-02 4.201078414916992188e-02
2.022545598447322845e-02 4.016218706965446472e-02
1.393392309546470642e-02 3.413104265928268433e-02
1.605799980461597443e-02 3.616266697645187378e-02
1.643896102905273438e-02 3.433902561664581299e-02
1.469987817108631134e-02 2.763671986758708954e-02
1.641379855573177338e-02 3.717002645134925842e-02
1.333434507250785828e-02 3.529528155922889709e-02
1.650679856538772583e-02 4.129789024591445923e-02
1.639408431947231293e-02 3.475752845406532288e-02
1.610200665891170502e-02 3.756829723715782166e-02
1.426355168223381042e-02 3.484805673360824585e-02
1.542918570339679718e-02 3.705749288201332092e-02
1.660041138529777527e-02 3.597970306873321533e-02
1.847064495086669922e-02 3.650032728910446167e-02
2.063052728772163391e-02 3.706721588969230652e-02
1.993036456406116486e-02 3.735573217272758484e-02
1.756402291357517242e-02 3.583155572414398193e-02
2.044756151735782623e-02 4.097697138786315918e-02
2.228875271975994110e-02 3.909998387098312378e-02
2.374892309308052063e-02 4.003307223320007324e-02
2.198715135455131531e-02 3.888493031263351440e-02
2.176389843225479126e-02 4.298545420169830322e-02
2.150484547019004822e-02 4.012519493699073792e-02
2.179641276597976685e-02 4.184713214635848999e-02
1.981745660305023193e-02 4.397821426391601562e-02
1.801269128918647766e-02 4.268271848559379578e-02
1.838337816298007965e-02 4.741537570953369141e-02
1.189463399350643158e-02 3.816013783216476440e-02
1.251726970076560974e-02 4.123003780841827393e-02
1.432218030095100403e-02 3.282587975263595581e-02
1.507330127060413361e-02 3.684240952134132385e-02
1.948130130767822266e-02 3.823933005332946777e-02
2.054639533162117004e-02 4.055706411600112915e-02
1.372339390218257904e-02 3.452294692397117615e-02
1.816715300083160400e-02 3.426901251077651978e-02
1.757784374058246613e-02 3.685813024640083313e-02
1.781663857400417328e-02 3.513790667057037354e-02
1.858416758477687836e-02 4.178601503372192383e-02
2.078563533723354340e-02 4.692944884300231934e-02
1.892137899994850159e-02 4.671873897314071655e-02
1.707778126001358032e-02 4.593877866864204407e-02
1.930875889956951141e-02 4.786260426044464111e-02
1.471627876162528992e-02 4.075784981250762939e-02
2.107044681906700134e-02 4.900380596518516541e-02
1.840557903051376343e-02 4.268217459321022034e-02
1.733129285275936127e-02 4.039972275495529175e-02
1.707799732685089111e-02 4.696116223931312561e-02
2.078955247998237610e-02 4.677914083003997803e-02
1.858858391642570496e-02 4.449711367487907410e-02
1.724789850413799286e-02 4.177493974566459656e-02
1.488642208278179169e-02 3.651773184537887573e-02
1.761799305677413940e-02 4.110943153500556946e-02
1.812929287552833557e-02 3.956560790538787842e-02
2.067640051245689392e-02 4.224056378006935120e-02
1.975899003446102142e-02 4.038072004914283752e-02
1.612988486886024475e-02 4.014698788523674011e-02
1.993552781641483307e-02 4.574097320437431335e-02
2.385958656668663025e-02 4.642906785011291504e-02
2.117818966507911682e-02 4.477295652031898499e-02
2.445955574512481689e-02 4.880119115114212036e-02
2.311099879443645477e-02 4.716058820486068726e-02
2.051335945725440979e-02 4.333776980638504028e-02
1.777452602982521057e-02 4.432521387934684753e-02
2.124942094087600708e-02 4.630497097969055176e-02
2.066835761070251465e-02 4.255526512861251831e-02
1.782072149217128754e-02 4.149863868951797485e-02
1.597530767321586609e-02 4.650987684726715088e-02
1.757647283375263214e-02 4.881289228796958923e-02
1.706449128687381744e-02 4.311240464448928833e-02
1.785199157893657684e-02 3.884676471352577209e-02
1.603976637125015259e-02 3.749661147594451904e-02
1.680547744035720825e-02 3.800082579255104065e-02
1.605423539876937866e-02 3.865172341465950012e-02
1.281665638089179993e-02 3.571179509162902832e-02
1.481449604034423828e-02 3.667923063039779663e-02
1.433118805289268494e-02 3.717779368162155151e-02
1.496103033423423767e-02 3.040107339620590210e-02
1.784812286496162415e-02 3.452882915735244751e-02
1.641405932605266571e-02 3.573761880397796631e-02
1.429983414709568024e-02 2.906591445207595825e-02
1.481974683701992035e-02 2.889405190944671631e-02
1.745181344449520111e-02 3.262093663215637207e-02
1.500878110527992249e-02 2.958149649202823639e-02
1.845304481685161591e-02 3.389512374997138977e-02
1.608050428330898285e-02 3.399856388568878174e-02
1.709892600774765015e-02 3.419527783989906311e-02
1.580989733338356018e-02 3.243548050522804260e-02
1.737350411713123322e-02 3.383863717317581177e-02
1.449435204267501831e-02 3.244247660040855408e-02
1.439766958355903625e-02 3.347570821642875671e-02
1.465328037738800049e-02 3.268744423985481262e-02
1.634200476109981537e-02 3.313397243618965149e-02
1.782353222370147705e-02 3.598469495773315430e-02
2.031950280070304871e-02 3.616753593087196350e-02
1.923190429806709290e-02 3.861114382743835449e-02
2.061105147004127502e-02 4.091619327664375305e-02
1.885453611612319946e-02 3.924360126256942749e-02
1.821585372090339661e-02 3.726362437009811401e-02
1.996093429625034332e-02 3.767103329300880432e-02
1.790191233158111572e-02 3.693496808409690857e-02
2.018404379487037659e-02 3.779440373182296753e-02
1.805665530264377594e-02 3.425114601850509644e-02
1.804136112332344055e-02 3.709506615996360779e-02
1.948891952633857727e-02 3.341531753540039062e-02
2.125541679561138153e-02 3.072812035679817200e-02
1.809841394424438477e-02 3.290897980332374573e-02
1.789337582886219025e-02 3.462240472435951233e-02
2.117942087352275848e-02 3.936532512307167053e-02
2.121120505034923553e-02 3.878254815936088562e-02
1.630231738090515137e-02 3.562683239579200745e-02
1.575670018792152405e-02 3.109994716942310333e-02
1.283650286495685577e-02 2.810616418719291687e-02
1.643414050340652466e-02 3.177171945571899414e-02
1.231660693883895874e-02 2.946174889802932739e-02
1.318555511534214020e-02 3.079713322222232819e-02
1.286941766738891602e-02 3.210130333900451660e-02
1.258882880210876465e-02 2.943652868270874023e-02
1.847555302083492279e-02 3.020302392542362213e-02
1.977517455816268921e-02 3.017072565853595734e-02
1.921610347926616669e-02 3.104793466627597809e-02
1.513313129544258118e-02 2.979256771504878998e-02
1.608622819185256958e-02 3.134816884994506836e-02
1.917564496397972107e-02 3.630581125617027283e-02
1.961863972246646881e-02 2.935246750712394714e-02
1.529185473918914795e-02 2.962437085807323456e-02
1.610162109136581421e-02 2.716748975217342377e-02
1.857942715287208557e-02 3.561767190694808960e-02
2.091490477323532104e-02 3.705995157361030579e-02
2.019692957401275635e-02 3.037478215992450714e-02
1.998477242887020111e-02 3.321285918354988098e-02
2.149530500173568726e-02 3.120284713804721832e-02
2.262704819440841675e-02 3.622833266854286194e-02
2.678978629410266876e-02 3.583302721381187439e-02
2.234467864036560059e-02 3.688159584999084473e-02
1.663070730865001678e-02 3.173058480024337769e-02
2.651521563529968262e-02 4.225838929414749146e-02
2.124706283211708069e-02 3.417823836207389832e-02
2.374118566513061523e-02 3.758865222334861755e-02
2.171970717608928680e-02 3.427749872207641602e-02
2.211987227201461792e-02 3.384120389819145203e-02
2.332718111574649811e-02 3.339275345206260681e-02
2.053065411746501923e-02 3.264035284519195557e-02
2.100964076817035675e-02 3.460218757390975952e-02
1.620317809283733368e-02 3.683730959892272949e-02
1.509881950914859772e-02 3.476648032665252686e-02
1.286960765719413757e-02 3.390104323625564575e-02
1.690781116485595703e-02 3.309126570820808411e-02
1.728122681379318237e-02 3.522561863064765930e-02
1.591013744473457336e-02 3.313849866390228271e-02
2.055893838405609131e-02 3.605375066399574280e-02
1.650929450988769531e-02 3.118209168314933777e-02
1.873970590531826019e-02 3.107539564371109009e-02
1.984719187021255493e-02 3.084028139710426331e-02
1.942206174135208130e-02 2.882189862430095673e-02
1.512051373720169067e-02 2.845473587512969971e-02
1.316108927130699158e-02 3.058649599552154541e-02
1.685209758579730988e-02 3.151363506913185120e-02
1.500501111149787903e-02 2.235297858715057373e-02
1.744574680924415588e-02 2.384184487164020538e-02
1.806005463004112244e-02 2.953884005546569824e-02
1.656588353216648102e-02 2.696695923805236816e-02
1.601606234908103943e-02 3.036781959235668182e-02
1.785061880946159363e-02 2.395744808018207550e-02
1.844640821218490601e-02 3.041770309209823608e-02
1.659058593213558197e-02 2.807191945612430573e-02
1.523020863533020020e-02 2.288467250764369965e-02
2.565427683293819427e-02 4.303185269236564636e-02
1.747320964932441711e-02 3.232141211628913879e-02
2.034070342779159546e-02 3.458884358406066895e-02
1.827876642346382141e-02 3.222747892141342163e-02
2.066723816096782684e-02 3.864165395498275757e-02
1.763611100614070892e-02 3.268104046583175659e-02
1.962939091026782990e-02 3.728262707591056824e-02
1.628311350941658020e-02 3.057628124952316284e-02
1.471222005784511566e-02 2.838162332773208618e-02
1.340634748339653015e-02 3.014787845313549042e-02
1.427576690912246704e-02 2.851220034062862396e-02
1.500136032700538635e-02 2.530532702803611755e-02
1.138800382614135742e-02 2.812273427844047546e-02
1.240854710340499878e-02 2.821094170212745667e-02
1.754606142640113831e-02 3.448823839426040649e-02
1.156810671091079712e-02 2.799178101122379303e-02
1.088710874319076538e-02 1.783659681677818298e-02
1.223116740584373474e-02 2.606643363833427429e-02
1.369557902216911316e-02 2.098988741636276245e-02
1.452290266752243042e-02 2.448049001395702362e-02
1.528296247124671936e-02 2.473374642431735992e-02
1.520854234695434570e-02 3.037513606250286102e-02
1.370685361325740814e-02 2.681373991072177887e-02
1.618880964815616608e-02 3.079826571047306061e-02
1.340126432478427887e-02 2.616313099861145020e-02
1.446520909667015076e-02 2.672741189599037170e-02
1.330655440688133240e-02 2.837475389242172241e-02
1.707605458796024323e-02 2.996329031884670258e-02
1.582703739404678345e-02 2.420537918806076050e-02
2.251884341239929199e-02 3.746046125888824463e-02
1.850176416337490082e-02 3.592056781053543091e-02
1.806936785578727722e-02 3.192473575472831726e-02
1.771445758640766144e-02 3.292998671531677246e-02
1.606141403317451477e-02 3.097714856266975403e-02
1.247023791074752808e-02 2.817496471107006073e-02
1.570182293653488159e-02 3.008813783526420593e-02
1.485477387905120850e-02 2.915292605757713318e-02
1.347235590219497681e-02 2.663804963231086731e-02
1.571858301758766174e-02 2.977832965552806854e-02
1.397152245044708252e-02 3.014881536364555359e-02
1.896491460502147675e-02 3.160172700881958008e-02
1.811759732663631439e-02 3.440583497285842896e-02
1.662953197956085205e-02 2.882102318108081818e-02
1.715631596744060516e-02 2.914628386497497559e-02
1.530205830931663513e-02 2.766148373484611511e-02
1.669709011912345886e-02 3.265558928251266479e-02
1.578082516789436340e-02 3.106176853179931641e-02
1.604051887989044189e-02 3.301241248846054077e-02
1.472101919353008270e-02 2.698713541030883789e-02
1.390583068132400513e-02 2.647629380226135254e-02
1.299884915351867676e-02 2.747480385005474091e-02
1.576076820492744446e-02 2.652689069509506226e-02
1.621659286320209503e-02 2.887845411896705627e-02
1.598771661520004272e-02 2.539549022912979126e-02
1.416717842221260071e-02 2.582452073693275452e-02
1.367337442934513092e-02 2.553734555840492249e-02
1.501493901014328003e-02 2.617119438946247101e-02
1.425957866013050079e-02 2.701520547270774841e-02
1.682847924530506134e-02 2.903490141034126282e-02
1.609511114656925201e-02 2.711110003292560577e-02
1.476137340068817139e-02 2.859031409025192261e-02
1.269897818565368652e-02 2.997387945652008057e-02
1.412922516465187073e-02 2.870991453528404236e-02
1.363728195428848267e-02 3.272556886076927185e-02
1.673611998558044434e-02 3.255463764071464539e-02
1.838233694434165955e-02 3.528492152690887451e-02
1.759470254182815552e-02 3.223599866032600403e-02
1.514218747615814209e-02 2.702722139656543732e-02
1.361578702926635742e-02 3.028848953545093536e-02
1.368396170437335968e-02 2.902567014098167419e-02
1.270180940628051758e-02 2.812331169843673706e-02
1.386046037077903748e-02 2.650474943220615387e-02
1.448607072234153748e-02 2.868733741343021393e-02
1.487048715353012085e-02 3.085233457386493683e-02
1.815071143209934235e-02 3.015330061316490173e-02
1.650300621986389160e-02 3.250672295689582825e-02
1.742215454578399658e-02 3.270562738180160522e-02
1.656900532543659210e-02 3.189773485064506531e-02
1.709254272282123566e-02 3.384478017687797546e-02
1.686101034283638000e-02 3.436154872179031372e-02
1.725092157721519470e-02 3.348461538553237915e-02
1.365049928426742554e-02 3.049650043249130249e-02
1.552467793226242065e-02 2.853879146277904510e-02
1.701575703918933868e-02 3.303493559360504150e-02
1.658792421221733093e-02 3.215903043746948242e-02
1.644584536552429199e-02 3.205715492367744446e-02
1.530195772647857666e-02 2.901909314095973969e-02
1.431806199252605438e-02 2.679380215704441071e-02
1.571362093091011047e-02 2.942877635359764099e-02
1.355604827404022217e-02 2.875564061105251312e-02
1.540395803749561310e-02 3.217226266860961914e-02
1.692873798310756683e-02 3.817372024059295654e-02
1.572188921272754669e-02 3.487059846520423889e-02
1.237671449780464172e-02 3.221166878938674927e-02
1.383336447179317474e-02 3.198824822902679443e-02
1.490792445838451385e-02 2.982837706804275513e-02
1.289773732423782349e-02 3.190818428993225098e-02
1.366714015603065491e-02 3.358327969908714294e-02
1.402899995446205139e-02 3.407377377152442932e-02
1.482184976339340210e-02 3.523977473378181458e-02
1.548197120428085327e-02 3.728777542710304260e-02
1.777704991400241852e-02 3.792091459035873413e-02
1.693904772400856018e-02 3.839093074202537537e-02
1.803515106439590454e-02 3.743514791131019592e-02
1.878606714308261871e-02 3.869519010186195374e-02
1.696997880935668945e-02 3.469492867588996887e-02
1.758682355284690857e-02 2.862071804702281952e-02
1.590745709836483002e-02 3.481064364314079285e-02
1.627804338932037354e-02 3.423280268907546997e-02
1.639755256474018097e-02 3.395386040210723877e-02
1.591301150619983673e-02 3.508774191141128540e-02
1.810604706406593323e-02 3.814360126852989197e-02
1.648239791393280029e-02 3.467708081007003784e-02
1.591185852885246277e-02 3.619715943932533264e-02
1.689950749278068542e-02 3.504595533013343811e-02
1.856371946632862091e-02 3.872244805097579956e-02
1.681188121438026428e-02 3.351994976401329041e-02
1.351909339427947998e-02 3.102528862655162811e-02
1.338255591690540314e-02 3.049807436764240265e-02
1.189717464148998260e-02 3.145358711481094360e-02
1.774396374821662903e-02 3.715911507606506348e-02
1.504671201109886169e-02 3.694871440529823303e-02
1.660532690584659576e-02 3.997180610895156860e-02
1.691502518951892853e-02 3.835534676909446716e-02
1.615234091877937317e-02 3.740226477384567261e-02
1.847458817064762115e-02 3.729587048292160034e-02
1.933223009109497070e-02 3.727173060178756714e-02
1.835175789892673492e-02 4.059344157576560974e-02
2.250669151544570923e-02 3.795556351542472839e-02
1.941275596618652344e-02 4.054845869541168213e-02
1.662378944456577301e-02 3.845747932791709900e-02
1.688692346215248108e-02 3.650624677538871765e-02
2.014423906803131104e-02 3.640348464250564575e-02
2.327780425548553467e-02 2.647480182349681854e-02
1.830073073506355286e-02 3.232022747397422791e-02
1.396505907177925110e-02 1.982070319354534149e-02
6.068678572773933411e-03 1.647841185331344604e-02
1.631414517760276794e-02 3.267101570963859558e-02
1.882055774331092834e-02 3.662438318133354187e-02
1.891219988465309143e-02 3.467169031500816345e-02
1.668762229382991791e-02 3.033592551946640015e-02
1.709507405757904053e-02 3.039513528347015381e-02
1.671709120273590088e-02 3.168326616287231445e-02
1.630866713821887970e-02 3.008089400827884674e-02
1.930226385593414307e-02 2.916080504655838013e-02
1.774151995778083801e-02 3.156731277704238892e-02
1.552443765103816986e-02 3.073000535368919373e-02
1.520887762308120728e-02 3.377171978354454041e-02
1.653741300106048584e-02 3.394359350204467773e-02
1.574777066707611084e-02 2.952718734741210938e-02
1.762615330517292023e-02 2.918819151818752289e-02
1.774852350354194641e-02 3.105320036411285400e-02
1.748898811638355255e-02 3.079079277813434601e-02
1.858107931911945343e-02 3.009193763136863708e-02
1.659933663904666901e-02 3.038413263857364655e-02
1.720591634511947632e-02 2.707415074110031128e-02
1.947066746652126312e-02 3.070399165153503418e-02
1.854581944644451141e-02 3.124978020787239075e-02
1.828907802700996399e-02 3.083333745598793030e-02
2.016709744930267334e-02 3.080962784588336945e-02
2.020143344998359680e-02 3.036670386791229248e-02
1.568228192627429962e-02 2.404990419745445251e-02
1.546571217477321625e-02 2.841285802423954010e-02
1.464778371155261993e-02 2.703378163278102875e-02
1.457498967647552490e-02 2.447889931499958038e-02
1.245490089058876038e-02 2.160048112273216248e-02
1.169991306960582733e-02 2.221154235303401947e-02
1.366056315600872040e-02 1.941957697272300720e-02
1.515508070588111877e-02 2.187404222786426544e-02
1.182019338011741638e-02 2.147623151540756226e-02
1.276849396526813507e-02 2.084543555974960327e-02
1.471162959933280945e-02 2.167508006095886230e-02
1.746715605258941650e-02 2.226708643138408661e-02
1.583397388458251953e-02 2.375709451735019684e-02
1.491324976086616516e-02 1.482383534312248230e-02
1.643143780529499054e-02 1.712964475154876709e-02
1.674167439341545105e-02 2.555140294134616852e-02
1.222974061965942383e-02 1.877811551094055176e-02
1.837920397520065308e-02 2.405018545687198639e-02
1.654200069606304169e-02 2.215534448623657227e-02
1.593594998121261597e-02 2.332872897386550903e-02
1.680910214781761169e-02 2.367213927209377289e-02
1.813777163624763489e-02 2.857883647084236145e-02
1.353490538895130157e-02 1.913714036345481873e-02
1.316316612064838409e-02 2.099955454468727112e-02
1.338573917746543884e-02 2.135461010038852692e-02
1.527325809001922607e-02 2.370661497116088867e-02
1.563340052962303162e-02 2.551230974495410919e-02
1.411060057580471039e-02 2.389277145266532898e-02
1.508023589849472046e-02 2.197311446070671082e-02
1.477536000311374664e-02 2.508115954697132111e-02
1.632990129292011261e-02 2.666356600821018219e-02
1.764767430722713470e-02 2.912522852420806885e-02
1.771188899874687195e-02 2.641603909432888031e-02
1.722333952784538269e-02 3.040752559900283813e-02
1.797184906899929047e-02 2.829099446535110474e-02
1.678049191832542419e-02 3.150221705436706543e-02
1.897417381405830383e-02 3.339168801903724670e-02
2.166113443672657013e-02 3.155020251870155334e-02
1.941196247935295105e-02 2.988958917558193207e-02
1.826845854520797729e-02 2.797320857644081116e-02
1.737496070563793182e-02 2.586428448557853699e-02
1.598007977008819580e-02 2.669503539800643921e-02
1.113841310143470764e-02 2.127263695001602173e-02
1.587765105068683624e-02 2.478514611721038818e-02
1.501369848847389221e-02 2.817323245108127594e-02
1.406914740800857544e-02 2.852326259016990662e-02
1.472356170415878296e-02 2.899992093443870544e-02
1.856982149183750153e-02 3.307849541306495667e-02
1.573446765542030334e-02 3.234743699431419373e-02
1.607020013034343719e-02 3.465938195586204529e-02
1.505917124450206757e-02 2.829814329743385315e-02
1.747032627463340759e-02 3.058473393321037292e-02
2.214192599058151245e-02 3.516439720988273621e-02
1.742756739258766174e-02 3.360051661729812622e-02
2.164582535624504089e-02 3.934440761804580688e-02
2.004036493599414825e-02 3.219635039567947388e-02
1.682857237756252289e-02 3.532010316848754883e-02
1.746554113924503326e-02 3.042210452258586884e-02
1.787892729043960571e-02 3.267333284020423889e-02
1.589730754494667053e-02 3.016676753759384155e-02
1.927643455564975739e-02 3.299719095230102539e-02
1.574594713747501373e-02 2.662301622331142426e-02
1.477819681167602539e-02 2.189448848366737366e-02
1.095680892467498779e-02 2.496058307588100433e-02
1.795377209782600403e-02 3.263959661126136780e-02
2.117237634956836700e-02 3.051087073981761932e-02
1.949876546859741211e-02 3.211370483040809631e-02
2.327310666441917419e-02 3.246689215302467346e-02
1.366623677313327789e-02 2.479958906769752502e-02
1.282453536987304688e-02 2.946847677230834961e-02
1.452167518436908722e-02 2.771268598735332489e-02
1.481396146118640900e-02 2.965134009718894958e-02
1.429072208702564240e-02 2.764954976737499237e-02
1.816556602716445923e-02 3.135728836059570312e-02
1.634609140455722809e-02 3.007758408784866333e-02
1.816039532423019409e-02 3.069846518337726593e-02
1.345136575400829315e-02 2.537769638001918793e-02
1.962767541408538818e-02 2.776711992919445038e-02
1.648934930562973022e-02 2.754378318786621094e-02
1.802289113402366638e-02 3.601505607366561890e-02
1.445518620312213898e-02 2.591347694396972656e-02
1.584886573255062103e-02 2.833548374474048615e-02
1.662451960146427155e-02 2.370877936482429504e-02
2.258089929819107056e-02 3.553284704685211182e-02
2.040302939713001251e-02 3.413283824920654297e-02
2.220997586846351624e-02 3.487904369831085205e-02
1.712618395686149597e-02 3.662336990237236023e-02
2.296100556850433350e-02 3.695371747016906738e-02
1.288815215229988098e-02 2.833884581923484802e-02
1.715891994535923004e-02 3.051085956394672394e-02
2.100551314651966095e-02 3.539616614580154419e-02
2.213728427886962891e-02 3.122852370142936707e-02
2.355877310037612915e-02 2.843917906284332275e-02
2.292667329311370850e-02 3.075058944523334503e-02
1.845362782478332520e-02 3.250831365585327148e-02
1.678339019417762756e-02 2.637383714318275452e-02
1.511184312403202057e-02 2.466830424964427948e-02
1.684320718050003052e-02 2.913221530616283417e-02
1.496071368455886841e-02 2.708485350012779236e-02
1.559984497725963593e-02 2.604573033750057220e-02
1.492469757795333862e-02 2.872807532548904419e-02
1.605794765055179596e-02 2.830256335437297821e-02
1.811266317963600159e-02 3.478699550032615662e-02
1.449449919164180756e-02 2.968868799507617950e-02
1.588337682187557220e-02 3.207453712821006775e-02
1.672659441828727722e-02 3.140794858336448669e-02
1.631275005638599396e-02 3.161422163248062134e-02
1.594780571758747101e-02 3.050148487091064453e-02
1.435048133134841919e-02 2.991736680269241333e-02
1.680297777056694031e-02 2.985581941902637482e-02
1.558331213891506195e-02 2.762124128639698029e-02
1.832727342844009399e-02 3.522801026701927185e-02
1.338975131511688232e-02 2.890150621533393860e-02
1.453245058655738831e-02 3.038372658193111420e-02
1.496695727109909058e-02 3.302033990621566772e-02
1.738819666206836700e-02 3.531276434659957886e-02
1.696678996086120605e-02 3.722886368632316589e-02
2.097241953015327454e-02 3.786357119679450989e-02
1.703921146690845490e-02 3.720953688025474548e-02
1.624925062060356140e-02 3.910075128078460693e-02
1.649242639541625977e-02 3.282177820801734924e-02
2.084173262119293213e-02 3.374193236231803894e-02
1.879391819238662720e-02 2.860534936189651489e-02
1.982828974723815918e-02 2.970361150801181793e-02
1.984210684895515442e-02 3.203381597995758057e-02
2.310574986040592194e-02 3.680767118930816650e-02
1.966499164700508118e-02 3.296910971403121948e-02
1.930798403918743134e-02 3.112401627004146576e-02
2.153697609901428223e-02 3.414079546928405762e-02
2.301555499434471130e-02 3.334737569093704224e-02
2.254461497068405151e-02 3.013512305915355682e-02
2.441499382257461548e-02 3.319926932454109192e-02
2.296233549714088440e-02 3.163858503103256226e-02
2.275832742452621460e-02 2.907204814255237579e-02
2.293089404702186584e-02 2.990571968257427216e-02
2.110111154615879059e-02 3.092067874968051910e-02
2.126205712556838989e-02 3.180849552154541016e-02
2.088261023163795471e-02 3.345388174057006836e-02
1.937096938490867615e-02 3.364476561546325684e-02
2.149398624897003174e-02 3.659776598215103149e-02
1.900224946439266205e-02 3.717446327209472656e-02
1.733362488448619843e-02 3.158609196543693542e-02
2.263779379427433014e-02 4.088855162262916565e-02
2.287429571151733398e-02 3.669994324445724487e-02
1.937022060155868530e-02 3.608486801385879517e-02
2.137340791523456573e-02 3.815359994769096375e-02
2.210115268826484680e-02 3.476301208138465881e-02
2.103030495345592499e-02 3.646140545606613159e-02
2.285104244947433472e-02 3.905571624636650085e-02
2.279026433825492859e-02 3.959742560982704163e-02
2.487100660800933838e-02 4.320835322141647339e-02
2.622777596116065979e-02 4.213439673185348511e-02
2.834667079150676727e-02 4.310193285346031189e-02
2.700977772474288940e-02 4.475894197821617126e-02
2.499110437929630280e-02 4.244865104556083679e-02
2.351591549813747406e-02 3.883579373359680176e-02
2.424415200948715210e-02 4.037989675998687744e-02
2.633410505950450897e-02 4.271689057350158691e-02
2.468798309564590454e-02 3.337641432881355286e-02
2.575134672224521637e-02 4.023442417383193970e-02
2.627012133598327637e-02 3.841500356793403625e-02
2.287146262824535370e-02 3.535230830311775208e-02
2.179616317152976990e-02 3.335729613900184631e-02
2.410002984106540680e-02 3.551448136568069458e-02
2.211860008537769318e-02 3.233856335282325745e-02
2.051253803074359894e-02 3.261625766754150391e-02
2.116963267326354980e-02 3.422033786773681641e-02
2.357521466910839081e-02 3.830505535006523132e-02
1.936823129653930664e-02 3.323799744248390198e-02
2.122337184846401215e-02 3.622219339013099670e-02
2.163277566432952881e-02 3.638669475913047791e-02
2.440554648637771606e-02 3.734684735536575317e-02
2.271139249205589294e-02 3.989071771502494812e-02
2.546745352447032928e-02 3.994851559400558472e-02
2.700186520814895630e-02 4.519014805555343628e-02
2.066575177013874054e-02 3.602232038974761963e-02
1.815219968557357788e-02 3.313295915722846985e-02
1.417543925344944000e-02 3.123967163264751434e-02
1.553214713931083679e-02 2.853911370038986206e-02
1.618976891040802002e-02 3.375917673110961914e-02
1.766914501786231995e-02 3.146830946207046509e-02
1.973791420459747314e-02 3.227782994508743286e-02
1.665704697370529175e-02 3.085656091570854187e-02
1.957064494490623474e-02 2.775121852755546570e-02
2.040635794401168823e-02 2.873378060758113861e-02
2.041100151836872101e-02 3.133674710988998413e-02
2.139712870121002197e-02 3.835298866033554077e-02
2.010202594101428986e-02 3.106942959129810333e-02
2.046149037778377533e-02 3.198310360312461853e-02
2.184437587857246399e-02 3.187251463532447815e-02
2.179775387048721313e-02 3.354137763381004333e-02
2.180670201778411865e-02 3.427665308117866516e-02
2.469981275498867035e-02 3.648854047060012817e-02
2.055121026933193207e-02 3.631066530942916870e-02
2.003741823136806488e-02 3.487354889512062073e-02
2.019112929701805115e-02 3.570206090807914734e-02
2.101325802505016327e-02 3.695731237530708313e-02
2.142882905900478363e-02 3.681169450283050537e-02
2.004986815154552460e-02 3.077464550733566284e-02
2.090207487344741821e-02 3.560497611761093140e-02
2.160507626831531525e-02 3.268709033727645874e-02
1.729602366685867310e-02 3.198035061359405518e-02
1.862464658915996552e-02 3.178259730339050293e-02
2.021859213709831238e-02 3.729496523737907410e-02
1.728884875774383545e-02 2.802363596856594086e-02
1.810366287827491760e-02 3.181847929954528809e-02
1.569872722029685974e-02 2.551032602787017822e-02
1.804941520094871521e-02 2.725552767515182495e-02
1.371670328080654144e-02 3.063995763659477234e-02
1.565023511648178101e-02 3.025630861520767212e-02
1.550270151346921921e-02 2.739994600415229797e-02
2.094954252243041992e-02 3.366136550903320312e-02
1.744192093610763550e-02 2.868228964507579803e-02
1.638617180287837982e-02 2.780611068010330200e-02
1.801402866840362549e-02 2.988428622484207153e-02
1.806893199682235718e-02 3.140955418348312378e-02
1.655167527496814728e-02 3.076818399131298065e-02
1.686602830886840820e-02 3.037796728312969208e-02
1.848585344851016998e-02 3.181637823581695557e-02
1.594471372663974762e-02 2.209564298391342163e-02
1.821020431816577911e-02 2.800416573882102966e-02
2.098215557634830475e-02 3.275702521204948425e-02
1.866140030324459076e-02 3.169675171375274658e-02
1.987372152507305145e-02 3.232732415199279785e-02
1.838213205337524414e-02 2.837668173015117645e-02
2.079603448510169983e-02 3.026853129267692566e-02
1.966146752238273621e-02 3.238092735409736633e-02
1.881329156458377838e-02 3.082811273634433746e-02
2.005691453814506531e-02 3.034483455121517181e-02
2.145234495401382446e-02 3.676538169384002686e-02
2.063376083970069885e-02 3.350959345698356628e-02
2.285212650895118713e-02 3.777864202857017517e-02
1.853654533624649048e-02 3.190078958868980408e-02
1.988451555371284485e-02 3.592364117503166199e-02
1.775628887116909027e-02 3.295730799436569214e-02
1.672711037099361420e-02 3.379195928573608398e-02
1.822156086564064026e-02 3.555759415030479431e-02
1.185549795627593994e-02 2.646731026470661163e-02
1.453403756022453308e-02 3.140916675329208374e-02
1.612140610814094543e-02 3.656678646802902222e-02
1.317733898758888245e-02 3.155079483985900879e-02
1.309540681540966034e-02 2.851371839642524719e-02
1.216477155685424805e-02 2.866878360509872437e-02
1.240422576665878296e-02 3.076704405248165131e-02
1.008060202002525330e-02 3.148049488663673401e-02
1.006535068154335022e-02 2.974278852343559265e-02
1.010430231690406799e-02 3.289358690381050110e-02
1.322782039642333984e-02 3.225947543978691101e-02
1.103717088699340820e-02 3.076066263020038605e-02
1.683237776160240173e-02 2.938736230134963989e-02
9.850926697254180908e-03 2.840832062065601349e-02
1.072609052062034607e-02 1.860488578677177429e-02
1.649172417819499969e-02 2.590587921440601349e-02
1.642601005733013153e-02 1.868914626538753510e-02
1.544881798326969147e-02 1.590205729007720947e-02
1.635209470987319946e-02 2.587117627263069153e-02
1.131861098110675812e-02 2.514047175645828247e-02
1.637450046837329865e-02 2.819682285189628601e-02
1.477669179439544678e-02 2.351301908493041992e-02
1.511911489069461823e-02 2.810513786971569061e-02
1.903958246111869812e-02 2.873304486274719238e-02
1.455598324537277222e-02 2.608365193009376526e-02
1.636139862239360809e-02 3.278470039367675781e-02
1.819862239062786102e-02 3.365525603294372559e-02
1.732698827981948853e-02 3.225472196936607361e-02
1.931559666991233826e-02 3.170628845691680908e-02
2.130749449133872986e-02 3.346472233533859253e-02
2.287844009697437286e-02 3.518716245889663696e-02
2.198832482099533081e-02 2.851683832705020905e-02
2.238385379314422607e-02 3.564845770597457886e-02
1.929799467325210571e-02 3.044544905424118042e-02
2.307981066405773163e-02 3.244042024016380310e-02
2.151424065232276917e-02 3.495879098773002625e-02
1.841784827411174774e-02 3.419029340147972107e-02
1.864503696560859680e-02 3.061633184552192688e-02
1.777704060077667236e-02 3.308156505227088928e-02
1.827269420027732849e-02 2.784322947263717651e-02
1.724609732627868652e-02 3.028958663344383240e-02
1.932417042553424835e-02 3.191197291016578674e-02
2.056807838380336761e-02 3.375057876110076904e-02
1.698132790625095367e-02 2.840797789394855499e-02
1.863686554133892059e-02 2.665582299232482910e-02
2.093308791518211365e-02 3.121398203074932098e-02
1.979817263782024384e-02 2.860310487449169159e-02
1.654645614326000214e-02 2.966046147048473358e-02
1.468616724014282227e-02 2.220739051699638367e-02
1.045937463641166687e-02 2.936474792659282684e-02
1.360634714365005493e-02 2.534462325274944305e-02
1.458396948873996735e-02 2.325743809342384338e-02
1.239752024412155151e-02 2.337774261832237244e-02
1.415612921118736267e-02 3.191098198294639587e-02
1.352871768176555634e-02 2.383882366120815277e-02
1.772489398717880249e-02 2.938545867800712585e-02
1.701122522354125977e-02 3.521388024091720581e-02
1.718559302389621735e-02 3.539689630270004272e-02
1.994465850293636322e-02 4.193650186061859131e-02
2.356697805225849152e-02 4.483225569128990173e-02
1.774618774652481079e-02 4.153533652424812317e-02
2.257907390594482422e-02 4.350909590721130371e-02
1.661007851362228394e-02 3.147905692458152771e-02
2.216505259275436401e-02 3.929873928427696228e-02
1.738796010613441467e-02 3.440178558230400085e-02
1.742425188422203064e-02 3.115854412317276001e-02
1.769289560616016388e-02 3.148128464818000793e-02
1.925237476825714111e-02 3.543332219123840332e-02
1.881828717887401581e-02 3.280650451779365540e-02
1.456551253795623779e-02 3.180546313524246216e-02
1.942031830549240112e-02 3.932439908385276794e-02
1.563100703060626984e-02 3.276408463716506958e-02
1.634687557816505432e-02 3.278554230928421021e-02
1.718763634562492371e-02 2.942331135272979736e-02
1.818405464291572571e-02 2.869175374507904053e-02
1.781093701720237732e-02 2.594886347651481628e-02
1.686313748359680176e-02 2.848879247903823853e-02
1.587122306227684021e-02 2.474039047956466675e-02
1.471381261944770813e-02 2.583584003150463104e-02
1.929236762225627899e-02 3.431311249732971191e-02
1.689388230443000793e-02 3.251294791698455811e-02
1.324972137808799744e-02 2.635330706834793091e-02
1.467401534318923950e-02 3.053266555070877075e-02
1.380981691181659698e-02 2.755152247846126556e-02
2.047912031412124634e-02 2.901629172265529633e-02
1.927514374256134033e-02 3.058456443250179291e-02
2.009321935474872589e-02 2.791178971529006958e-02
2.406645566225051880e-02 3.235812485218048096e-02
2.114559896290302277e-02 3.195751830935478210e-02
1.907058618962764740e-02 3.095310367643833160e-02
1.945537887513637543e-02 3.551630675792694092e-02
2.037287317216396332e-02 3.741563856601715088e-02
2.225855179131031036e-02 4.092681780457496643e-02
2.052008919417858124e-02 3.988998383283615112e-02
2.229362726211547852e-02 4.447538405656814575e-02
1.921108365058898926e-02 4.197322577238082886e-02
2.312247082591056824e-02 4.141786694526672363e-02
1.847935654222965240e-02 2.760222181677818298e-02
1.763710379600524902e-02 2.627279981970787048e-02
1.633900590240955353e-02 3.053903765976428986e-02
1.515698060393333435e-02 3.492939472198486328e-02
1.294842548668384552e-02 3.541157394647598267e-02
1.653277501463890076e-02 3.670448437333106995e-02
1.571487262845039368e-02 3.446993604302406311e-02
1.643374748528003693e-02 3.272515535354614258e-02
2.054314315319061279e-02 3.628956153988838196e-02
1.688813604414463043e-02 3.713780269026756287e-02
2.125435508787631989e-02 3.562165051698684692e-02
