2.091190218925476074e-02 3.310204297304153442e-02
2.399915643036365509e-02 3.970647603273391724e-02
2.233688719570636749e-02 3.162112087011337280e-02
2.567837759852409363e-02 2.721247822046279907e-02
2.251946181058883667e-02 2.736929059028625488e-02
2.134451456367969513e-02 2.651427313685417175e-02
2.949011698365211487e-02 4.197934642434120178e-02
3.158354014158248901e-02 4.460097849369049072e-02
2.948611229658126831e-02 4.352804273366928101e-02
2.932071872055530548e-02 4.424113035202026367e-02
3.003390133380889893e-02 4.226413369178771973e-02
2.583368681371212006e-02 3.922905772924423218e-02
2.614290080964565277e-02 4.045574367046356201e-02
3.010993823409080505e-02 4.647306725382804871e-02
3.206093609333038330e-02 5.025563389062881470e-02
2.515418455004692078e-02 4.731228202581405640e-02
3.031182847917079926e-02 4.984638094902038574e-02
2.701795846223831177e-02 3.916844353079795837e-02
2.689074352383613586e-02 4.229360818862915039e-02
2.913649566471576691e-02 4.381152614951133728e-02
2.863940782845020294e-02 5.695282667875289917e-02
3.097480535507202148e-02 5.543613061308860779e-02
2.828469872474670410e-02 4.815382137894630432e-02
2.522169984877109528e-02 3.928305581212043762e-02
2.863069064915180206e-02 5.397301912307739258e-02
3.074339963495731354e-02 5.950213223695755005e-02
3.500948473811149597e-02 5.087812989950180054e-02
3.035800904035568237e-02 3.889346867799758911e-02
3.661439940333366394e-02 6.087829917669296265e-02
2.979695796966552734e-02 5.343181639909744263e-02
3.096431121230125427e-02 5.078911781311035156e-02
1.320270448923110962e-02 2.282843738794326782e-02
1.001155935227870941e-02 2.142081037163734436e-02
2.459713444113731384e-02 1.525328494608402252e-02
2.245648577809333801e-02 4.153484106063842773e-02
2.924565412104129791e-02 6.128570809960365295e-02
3.019391559064388275e-02 6.143473461270332336e-02
2.971764281392097473e-02 5.608780682086944580e-02
2.945163100957870483e-02 5.652039498090744019e-02
2.903572842478752136e-02 5.683502182364463806e-02
2.953387983143329620e-02 5.430434644222259521e-02
3.028804995119571686e-02 5.573938414454460144e-02
2.842274866998195648e-02 5.541320145130157471e-02
2.737095393240451813e-02 4.916773363947868347e-02
2.922317758202552795e-02 4.743419587612152100e-02
2.660500258207321167e-02 4.416745528578758240e-02
3.015272505581378937e-02 4.803367704153060913e-02
3.180877864360809326e-02 5.017340183258056641e-02
3.348302096128463745e-02 5.010762810707092285e-02
3.373050689697265625e-02 5.159201100468635559e-02
3.249494358897209167e-02 4.438392817974090576e-02
3.267978131771087646e-02 4.622611775994300842e-02
2.834650129079818726e-02 3.677842020988464355e-02
3.115275315940380096e-02 3.815818578004837036e-02
3.050213679671287537e-02 4.093489423394203186e-02
3.208407759666442871e-02 4.108989983797073364e-02
3.171006590127944946e-02 3.876299038529396057e-02
3.233128786087036133e-02 3.985640034079551697e-02
3.231745958328247070e-02 4.011394083499908447e-02
3.226418420672416687e-02 4.012129083275794983e-02
3.219093754887580872e-02 3.998024761676788330e-02
3.210850059986114502e-02 3.921788930892944336e-02
3.316633775830268860e-02 4.032950103282928467e-02
3.222304955124855042e-02 4.025325924158096313e-02
3.314429894089698792e-02 4.153780639171600342e-02
3.370606899261474609e-02 4.000259935855865479e-02
3.384325280785560608e-02 4.010494425892829895e-02
3.302018344402313232e-02 3.888554126024246216e-02
3.305188938975334167e-02 4.155317321419715881e-02
3.270827233791351318e-02 3.901750966906547546e-02
3.260770812630653381e-02 3.867543861269950867e-02
3.287746012210845947e-02 4.045874252915382385e-02
3.278193622827529907e-02 3.756088763475418091e-02
3.250724449753761292e-02 3.814237192273139954e-02
3.349103406071662903e-02 3.841941058635711670e-02
3.285885229706764221e-02 3.921674937009811401e-02
3.239530324935913086e-02 3.894861787557601929e-02
3.267172351479530334e-02 3.874811530113220215e-02
3.240133076906204224e-02 3.892646357417106628e-02
3.270863741636276245e-02 3.825796023011207581e-02
3.340996429324150085e-02 3.767507523298263550e-02
3.315390646457672119e-02 3.836588189005851746e-02
3.335917741060256958e-02 3.827095776796340942e-02
3.294323384761810303e-02 3.875491768121719360e-02
3.280931338667869568e-02 3.818173706531524658e-02
3.246392682194709778e-02 3.757333010435104370e-02
3.135721758008003235e-02 3.679304569959640503e-02
3.272795304656028748e-02 3.886527195572853088e-02
3.298326581716537476e-02 3.863861784338951111e-02
3.247773647308349609e-02 3.746159374713897705e-02
3.284667804837226868e-02 3.838439285755157471e-02
3.168516233563423157e-02 3.684036061167716980e-02
3.277676552534103394e-02 3.811958804726600647e-02
3.304881229996681213e-02 3.825487196445465088e-02
3.392900153994560242e-02 3.874193131923675537e-02
3.286371380090713501e-02 3.752139583230018616e-02
3.422075510025024414e-02 4.079860076308250427e-02
3.379118815064430237e-02 3.921451047062873840e-02
3.345603868365287781e-02 3.852514177560806274e-02
3.283033147454261780e-02 3.796615824103355408e-02
3.293684870004653931e-02 3.690654784440994263e-02
3.347213193774223328e-02 3.800907358527183533e-02
3.259747475385665894e-02 3.814968466758728027e-02
3.272856399416923523e-02 4.022611677646636963e-02
3.391532599925994873e-02 3.743599355220794678e-02
3.328799456357955933e-02 4.035353660583496094e-02
3.102322109043598175e-02 3.734933212399482727e-02
3.367068618535995483e-02 3.956897184252738953e-02
3.244546800851821899e-02 3.989380225539207458e-02
3.230588510632514954e-02 4.061787202954292297e-02
3.185921907424926758e-02 3.891885280609130859e-02
3.297984227538108826e-02 4.098498076200485229e-02
3.331392630934715271e-02 3.967352211475372314e-02
3.258180245757102966e-02 3.883295506238937378e-02
3.262337297201156616e-02 4.222261160612106323e-02
3.366079181432723999e-02 3.879728168249130249e-02
3.427732735872268677e-02 3.895970061421394348e-02
3.341011703014373779e-02 3.943137452006340027e-02
3.290002793073654175e-02 4.070193320512771606e-02
3.292642161250114441e-02 4.041162133216857910e-02
3.246254846453666687e-02 3.913724794983863831e-02
3.106944635510444641e-02 3.708777949213981628e-02
3.151325136423110962e-02 3.739684447646141052e-02
3.235269710421562195e-02 3.830137103796005249e-02
3.413195535540580750e-02 4.053489491343498230e-02
3.410465642809867859e-02 4.281787574291229248e-02
3.338260203599929810e-02 3.876452520489692688e-02
3.229454904794692993e-02 4.300455749034881592e-02
3.405855596065521240e-02 3.841212764382362366e-02
3.314441442489624023e-02 3.825957700610160828e-02
3.371742740273475647e-02 3.874326497316360474e-02
3.360476344823837280e-02 3.852636367082595825e-02
3.354445844888687134e-02 3.743873909115791321e-02
3.363204747438430786e-02 3.792285919189453125e-02
3.366290777921676636e-02 3.692386299371719360e-02
3.250535205006599426e-02 3.666540980339050293e-02
3.238347172737121582e-02 3.746125102043151855e-02
3.253242000937461853e-02 3.734008222818374634e-02
3.244451805949211121e-02 3.767286241054534912e-02
3.255390003323554993e-02 3.774581849575042725e-02
3.297512233257293701e-02 3.825099393725395203e-02
3.313241153955459595e-02 3.718674927949905396e-02
3.186577558517456055e-02 3.733169659972190857e-02
3.254395723342895508e-02 3.807995468378067017e-02
3.282819315791130066e-02 3.862163424491882324e-02
3.321018069982528687e-02 3.832513839006423950e-02
3.385246545076370239e-02 3.953997045755386353e-02
3.258898109197616577e-02 3.957186639308929443e-02
3.351102769374847412e-02 3.935929387807846069e-02
3.247167170047760010e-02 4.017841815948486328e-02
3.412246704101562500e-02 3.871034830808639526e-02
3.399769961833953857e-02 3.833359479904174805e-02
3.328525647521018982e-02 3.786191716790199280e-02
3.289335221052169800e-02 3.759929537773132324e-02
3.330687433481216431e-02 3.780211880803108215e-02
3.313710913062095642e-02 3.674524277448654175e-02
3.295341879129409790e-02 3.757466375827789307e-02
3.324351832270622253e-02 3.776443377137184143e-02
3.219920769333839417e-02 3.811296448111534119e-02
3.245585039258003235e-02 3.713431954383850098e-02
3.215035423636436462e-02 3.752632811665534973e-02
3.162850812077522278e-02 3.674829006195068359e-02
3.282009065151214600e-02 3.723080456256866455e-02
3.272616118192672729e-02 3.717976063489913940e-02
3.359613195061683655e-02 3.816021978855133057e-02
3.216108307242393494e-02 3.712139278650283813e-02
3.301096707582473755e-02 3.796777129173278809e-02
3.283349424600601196e-02 3.758526965975761414e-02
3.332664445042610168e-02 3.840773552656173706e-02
3.287683427333831787e-02 3.707894682884216309e-02
3.320848569273948669e-02 3.614022955298423767e-02
3.248130157589912415e-02 3.697827458381652832e-02
3.304278850555419922e-02 3.717186301946640015e-02
3.041003458201885223e-02 3.664807230234146118e-02
3.107659518718719482e-02 3.787756711244583130e-02
3.078599274158477783e-02 3.816141560673713684e-02
3.099839203059673309e-02 3.729842230677604675e-02
3.164929151535034180e-02 3.727444261312484741e-02
3.076119720935821533e-02 3.804961591958999634e-02
3.035615012049674988e-02 3.914239257574081421e-02
3.021577559411525726e-02 3.805844485759735107e-02
3.139073029160499573e-02 3.705804795026779175e-02
3.218168765306472778e-02 3.859832882881164551e-02
3.188661858439445496e-02 3.667713701725006104e-02
3.318206593394279480e-02 3.718581795692443848e-02
3.312974795699119568e-02 3.716842830181121826e-02
3.321863338351249695e-02 3.862620890140533447e-02
3.260624036192893982e-02 3.749638795852661133e-02
3.060623258352279663e-02 3.601813316345214844e-02
3.157747164368629456e-02 3.765159472823143005e-02
3.288698941469192505e-02 3.936788812279701233e-02
3.361854702234268188e-02 3.946900740265846252e-02
3.214672952890396118e-02 3.796266764402389526e-02
3.216100856661796570e-02 3.850335627794265747e-02
3.144693374633789062e-02 3.810393810272216797e-02
3.309784084558486938e-02 3.831826895475387573e-02
3.159840404987335205e-02 3.843892365694046021e-02
3.161175921559333801e-02 3.887061029672622681e-02
3.230181336402893066e-02 3.819669038057327271e-02
3.145652636885643005e-02 3.759631514549255371e-02
3.185128793120384216e-02 3.860869258642196655e-02
3.205978870391845703e-02 3.875417262315750122e-02
3.221848234534263611e-02 3.842967003583908081e-02
3.227646276354789734e-02 3.997997194528579712e-02
3.126452490687370300e-02 3.880656883120536804e-02
3.350302577018737793e-02 3.934602811932563782e-02
3.277656435966491699e-02 3.905319422483444214e-02
3.350078687071800232e-02 4.026825726032257080e-02
3.331449627876281738e-02 3.926527127623558044e-02
3.198623284697532654e-02 4.049179702997207642e-02
3.089549764990806580e-02 3.870815038681030273e-02
3.176332637667655945e-02 3.933519124984741211e-02
3.093979693949222565e-02 4.002206027507781982e-02
3.123833611607551575e-02 3.880617022514343262e-02
3.169728443026542664e-02 4.051923006772994995e-02
2.998600527644157410e-02 3.719495981931686401e-02
3.202973678708076477e-02 3.823249042034149170e-02
3.282194212079048157e-02 3.770302608609199524e-02
3.142208978533744812e-02 3.852950036525726318e-02
3.273198753595352173e-02 3.877276927232742310e-02
3.299127146601676941e-02 3.872267156839370728e-02
3.387456014752388000e-02 3.882882744073867798e-02
3.329280763864517212e-02 3.984815254807472229e-02
3.366702049970626831e-02 3.986529260873794556e-02
3.380344808101654053e-02 3.965771943330764771e-02
3.389104083180427551e-02 4.126067459583282471e-02
3.291194140911102295e-02 4.163828864693641663e-02
3.291461989283561707e-02 3.933288902044296265e-02
3.249055892229080200e-02 3.873388469219207764e-02
3.383917734026908875e-02 4.015227407217025757e-02
3.284921869635581970e-02 4.008736461400985718e-02
3.401081264019012451e-02 3.874244913458824158e-02
3.477051854133605957e-02 3.913417458534240723e-02
3.482814133167266846e-02 4.090820625424385071e-02
3.489109501242637634e-02 4.077521711587905884e-02
3.420111909508705139e-02 3.997750580310821533e-02
3.443194180727005005e-02 4.038857668638229370e-02
3.428445011377334595e-02 3.937895596027374268e-02
3.520231693983078003e-02 3.928333893418312073e-02
3.396672382950782776e-02 3.940074145793914795e-02
3.488374873995780945e-02 3.967144340276718140e-02
3.475858271121978760e-02 3.906505182385444641e-02
3.376604616641998291e-02 3.927246108651161194e-02
3.523704782128334045e-02 4.053236544132232666e-02
3.347471356391906738e-02 4.043136537075042725e-02
3.508253023028373718e-02 3.908959776163101196e-02
3.351598232984542847e-02 3.838109225034713745e-02
3.533901274204254150e-02 3.950509428977966309e-02
3.263776749372482300e-02 3.925720602273941040e-02
3.495490550994873047e-02 3.943178802728652954e-02
3.540020063519477844e-02 3.976578265428543091e-02
3.498149290680885315e-02 3.985647112131118774e-02
3.540627658367156982e-02 4.033109918236732483e-02
3.550603985786437988e-02 4.158462211489677429e-02
3.496201708912849426e-02 4.104407504200935364e-02
3.445988893508911133e-02 4.187225550413131714e-02
3.523595631122589111e-02 4.068325459957122803e-02
3.230610489845275879e-02 4.022649303078651428e-02
3.249941021203994751e-02 4.101352393627166748e-02
3.118615970015525818e-02 4.045809805393218994e-02
3.164471685886383057e-02 4.013957828283309937e-02
3.059835545718669891e-02 4.120947793126106262e-02
3.169947490096092224e-02 4.042300209403038025e-02
2.869331650435924530e-02 4.045382142066955566e-02
3.315134719014167786e-02 4.080331325531005859e-02
2.843055687844753265e-02 3.962169587612152100e-02
3.081130422651767731e-02 4.036438837647438049e-02
2.704520523548126221e-02 3.901705518364906311e-02
3.218061849474906921e-02 3.887501358985900879e-02
3.113129921257495880e-02 3.837355226278305054e-02
3.328686580061912537e-02 3.981398046016693115e-02
3.568576276302337646e-02 4.277399927377700806e-02
3.261004388332366943e-02 3.668029233813285828e-02
3.295110538601875305e-02 3.435070812702178955e-02
3.202360495924949646e-02 3.521484881639480591e-02
2.557024359703063965e-02 4.789248108863830566e-02
2.379148080945014954e-02 4.736062139272689819e-02
2.922827377915382385e-02 4.302486777305603027e-02
3.080505505204200745e-02 4.437525570392608643e-02
3.383867815136909485e-02 3.773992508649826050e-02
3.306198865175247192e-02 3.871713578701019287e-02
3.127680718898773193e-02 3.721008449792861938e-02
3.348648548126220703e-02 3.990054130554199219e-02
3.248357027769088745e-02 3.816736862063407898e-02
3.334724158048629761e-02 3.712929040193557739e-02
3.240456804633140564e-02 3.619319200515747070e-02
3.296416252851486206e-02 3.829037398099899292e-02
3.311261162161827087e-02 4.045083001255989075e-02
3.410441428422927856e-02 3.937724977731704712e-02
3.487968817353248596e-02 4.028000682592391968e-02
3.272250294685363770e-02 4.208733513951301575e-02
3.319054841995239258e-02 4.069150984287261963e-02
3.260554000735282898e-02 3.821098059415817261e-02
3.180588036775588989e-02 3.813999891281127930e-02
3.109237179160118103e-02 3.859483450651168823e-02
3.075941465795040131e-02 3.866251930594444275e-02
3.093319386243820190e-02 3.907239064574241638e-02
3.237329795956611633e-02 3.951610624790191650e-02
3.131124377250671387e-02 3.949707373976707458e-02
3.402663394808769226e-02 4.439702630043029785e-02
3.070023842155933380e-02 4.183248803019523621e-02
3.293191641569137573e-02 4.293711110949516296e-02
3.053900226950645447e-02 3.765853494405746460e-02
3.107716143131256104e-02 3.783599287271499634e-02
2.984441258013248444e-02 4.015219211578369141e-02
3.042927384376525879e-02 3.809176385402679443e-02
3.070623427629470825e-02 3.896707296371459961e-02
3.072274662554264069e-02 3.709421306848526001e-02
3.152095526456832886e-02 3.738172724843025208e-02
3.062950633466243744e-02 3.861809521913528442e-02
3.079066239297389984e-02 4.005915671586990356e-02
3.133920207619667053e-02 3.946956992149353027e-02
3.123861178755760193e-02 3.847373276948928833e-02
3.197539970278739929e-02 4.000953212380409241e-02
3.013323806226253510e-02 3.903932869434356689e-02
3.131436929106712341e-02 3.968479856848716736e-02
3.275835514068603516e-02 4.028670489788055420e-02
3.139550983905792236e-02 3.858341276645660400e-02
3.373436629772186279e-02 4.112359508872032166e-02
3.314850479364395142e-02 4.194854199886322021e-02
3.373850136995315552e-02 3.923819959163665771e-02
3.445807099342346191e-02 3.947192803025245667e-02
3.376965224742889404e-02 3.922507539391517639e-02
3.382762894034385681e-02 4.054934158921241760e-02
3.269614651799201965e-02 4.007593169808387756e-02
3.374709188938140869e-02 4.051351174712181091e-02
3.098236583173274994e-02 3.907787054777145386e-02
3.296233341097831726e-02 3.894678503274917603e-02
3.157304227352142334e-02 3.951942920684814453e-02
3.381536528468132019e-02 3.942997753620147705e-02
3.276152536273002625e-02 3.824079781770706177e-02
3.256922215223312378e-02 3.835153579711914062e-02
3.193765506148338318e-02 3.830891102552413940e-02
3.247723728418350220e-02 3.826975077390670776e-02
3.179879114031791687e-02 3.743073344230651855e-02
3.214605152606964111e-02 3.796545043587684631e-02
3.284408897161483765e-02 3.723318874835968018e-02
3.063497878611087799e-02 3.525198251008987427e-02
3.166759014129638672e-02 3.624126687645912170e-02
3.109577484428882599e-02 3.478183224797248840e-02
3.137054294347763062e-02 3.731906414031982422e-02
2.910182997584342957e-02 3.611044958233833313e-02
2.964488789439201355e-02 3.669618815183639526e-02
2.909993566572666168e-02 3.881397470831871033e-02
3.175325319170951843e-02 3.683159500360488892e-02
3.135736286640167236e-02 3.768599033355712891e-02
3.420817106962203979e-02 3.819686546921730042e-02
3.315552324056625366e-02 4.359049722552299500e-02
3.283348307013511658e-02 4.238068312406539917e-02
3.404570370912551880e-02 4.503808170557022095e-02
3.485643118619918823e-02 4.259768873453140259e-02
3.555427491664886475e-02 4.620233178138732910e-02
3.513478487730026245e-02 4.420812055468559265e-02
3.375360369682312012e-02 4.344537109136581421e-02
3.416003286838531494e-02 4.310212656855583191e-02
3.390315920114517212e-02 4.287070408463478088e-02
3.376279771327972412e-02 4.106822982430458069e-02
3.172644227743148804e-02 4.108589887619018555e-02
3.060256689786911011e-02 3.895843029022216797e-02
3.165062516927719116e-02 3.979285433888435364e-02
3.118561767041683197e-02 4.035398736596107483e-02
3.043957799673080444e-02 3.826810419559478760e-02
3.056652098894119263e-02 3.940055519342422485e-02
3.058451041579246521e-02 3.976985812187194824e-02
3.147210925817489624e-02 4.012167453765869141e-02
3.265902772545814514e-02 4.011965170502662659e-02
3.085977770388126373e-02 3.878042101860046387e-02
3.135081753134727478e-02 3.792136535048484802e-02
3.116344287991523743e-02 3.940685838460922241e-02
3.129350766539573669e-02 3.949069976806640625e-02
3.203091770410537720e-02 3.751063346862792969e-02
3.253936022520065308e-02 3.965440392494201660e-02
3.247098997235298157e-02 3.920734301209449768e-02
3.097552061080932617e-02 4.024625569581985474e-02
3.233398124575614929e-02 3.994655236601829529e-02
3.238854557275772095e-02 4.021992161870002747e-02
3.188392892479896545e-02 3.955852240324020386e-02
3.291875123977661133e-02 4.072991013526916504e-02
3.288305923342704773e-02 4.149775207042694092e-02
3.376447781920433044e-02 4.101535305380821228e-02
3.190439939498901367e-02 3.986307233572006226e-02
3.075251728296279907e-02 4.112285748124122620e-02
3.056995943188667297e-02 4.018095135688781738e-02
3.187644481658935547e-02 4.012629017233848572e-02
3.232418000698089600e-02 4.037483036518096924e-02
3.287973627448081970e-02 4.009563103318214417e-02
3.295155614614486694e-02 4.077174514532089233e-02
3.324389085173606873e-02 4.162536561489105225e-02
3.281034156680107117e-02 4.173090681433677673e-02
3.312334418296813965e-02 4.124466702342033386e-02
3.262387216091156006e-02 3.972889110445976257e-02
3.308587521314620972e-02 4.057672619819641113e-02
3.188600391149520874e-02 3.919237852096557617e-02
3.342793881893157959e-02 3.987696021795272827e-02
3.276332095265388489e-02 3.899084776639938354e-02
3.259160742163658142e-02 3.878536820411682129e-02
3.304664418101310730e-02 3.969162702560424805e-02
3.296404331922531128e-02 4.078717529773712158e-02
3.256000205874443054e-02 3.984268382191658020e-02
3.243826329708099365e-02 3.954758867621421814e-02
3.062092512845993042e-02 3.878020495176315308e-02
3.235664218664169312e-02 3.939312696456909180e-02
3.319051116704940796e-02 3.943815082311630249e-02
3.322383761405944824e-02 4.038646072149276733e-02
3.119686618447303772e-02 4.017803817987442017e-02
3.263713046908378601e-02 3.961461782455444336e-02
3.223023563623428345e-02 4.051593318581581116e-02
3.087429329752922058e-02 3.921534121036529541e-02
3.064073063433170319e-02 3.931840509176254272e-02
3.046294488012790680e-02 3.890383243560791016e-02
3.134636208415031433e-02 3.941698744893074036e-02
3.086639009416103363e-02 4.005376249551773071e-02
3.087466582655906677e-02 3.842851892113685608e-02
3.054323606193065643e-02 3.798707574605941772e-02
2.887595444917678833e-02 3.779418021440505981e-02
2.947250939905643463e-02 3.771432116627693176e-02
3.149407356977462769e-02 3.825368732213973999e-02
3.109183162450790405e-02 3.786255046725273132e-02
2.954671159386634827e-02 3.996878117322921753e-02
3.076815418899059296e-02 4.006146639585494995e-02
3.055242635309696198e-02 3.888692706823348999e-02
3.119733743369579315e-02 3.755916282534599304e-02
3.260971605777740479e-02 3.934220597147941589e-02
3.311638534069061279e-02 3.906387090682983398e-02
3.216892108321189880e-02 4.030493274331092834e-02
3.196864575147628784e-02 4.100817441940307617e-02
3.169265761971473694e-02 4.106504097580909729e-02
3.154721111059188843e-02 4.000328481197357178e-02
3.137830272316932678e-02 4.046474024653434753e-02
3.215648233890533447e-02 3.987055271863937378e-02
3.267337009310722351e-02 4.067419469356536865e-02
3.457540273666381836e-02 4.001330584287643433e-02
3.327542915940284729e-02 3.979572653770446777e-02
3.362587839365005493e-02 4.213642328977584839e-02
3.367148339748382568e-02 4.243360459804534912e-02
3.342248871922492981e-02 4.183486849069595337e-02
3.341206908226013184e-02 4.221224784851074219e-02
3.299392387270927429e-02 4.068557918071746826e-02
3.239921107888221741e-02 4.176694899797439575e-02
3.029313497245311737e-02 3.786858543753623962e-02
3.072861954569816589e-02 4.074201732873916626e-02
3.177741914987564087e-02 4.409876093268394470e-02
2.761025354266166687e-02 3.985048085451126099e-02
3.316427022218704224e-02 4.085581004619598389e-02
3.093397617340087891e-02 3.984676301479339600e-02
3.011741302907466888e-02 3.878700733184814453e-02
3.015401586890220642e-02 3.957594558596611023e-02
3.114338032901287079e-02 3.945301845669746399e-02
3.216836974024772644e-02 3.989942371845245361e-02
3.031185828149318695e-02 3.940626978874206543e-02
3.147833049297332764e-02 3.908727318048477173e-02
3.161416947841644287e-02 3.972721844911575317e-02
3.318710625171661377e-02 4.067227244377136230e-02
3.278097510337829590e-02 4.192031547427177429e-02
3.233009949326515198e-02 3.816432878375053406e-02
3.349434584379196167e-02 3.819733113050460815e-02
3.360177576541900635e-02 3.844381123781204224e-02
3.459385782480239868e-02 3.967807441949844360e-02
3.365198150277137756e-02 4.036929458379745483e-02
3.510449081659317017e-02 4.016911610960960388e-02
3.424958139657974243e-02 4.017440229654312134e-02
3.459911420941352844e-02 3.974840790033340454e-02
3.477974608540534973e-02 4.121091216802597046e-02
3.256770223379135132e-02 3.855008259415626526e-02
3.405330330133438110e-02 3.828587383031845093e-02
3.298043459653854370e-02 3.920282423496246338e-02
3.430333733558654785e-02 4.113004729151725769e-02
3.401970863342285156e-02 4.031552374362945557e-02
3.319712728261947632e-02 3.916272148489952087e-02
3.386344760656356812e-02 4.124995321035385132e-02
3.402766957879066467e-02 3.963043540716171265e-02
3.338457643985748291e-02 3.808823972940444946e-02
3.287863731384277344e-02 3.873767331242561340e-02
3.282486647367477417e-02 4.020228236913681030e-02
3.205880522727966309e-02 3.982980549335479736e-02
3.309906646609306335e-02 4.148154333233833313e-02
3.365747630596160889e-02 4.296571761369705200e-02
3.240158036351203918e-02 4.211662709712982178e-02
3.299978375434875488e-02 4.387535899877548218e-02
3.335108980536460876e-02 4.383592680096626282e-02
3.169086575508117676e-02 4.226741939783096313e-02
3.363009914755821228e-02 4.276424646377563477e-02
3.461996465921401978e-02 4.169476032257080078e-02
3.392494469881057739e-02 4.072735458612442017e-02
3.441470861434936523e-02 4.025811702013015747e-02
3.391259908676147461e-02 4.069517925381660461e-02
3.475724533200263977e-02 4.151676222681999207e-02
3.418495878577232361e-02 3.980997204780578613e-02
3.421645984053611755e-02 3.963855654001235962e-02
3.426606580615043640e-02 4.011675715446472168e-02
3.427378460764884949e-02 3.977208212018013000e-02
3.304347023367881775e-02 3.983928263187408447e-02
3.373320400714874268e-02 3.977246582508087158e-02
3.379615023732185364e-02 3.943287581205368042e-02
3.314324468374252319e-02 3.878692910075187683e-02
3.360099717974662781e-02 3.886201977729797363e-02
3.282555937767028809e-02 3.939132392406463623e-02
3.413094207644462585e-02 4.046495631337165833e-02
3.470167890191078186e-02 3.989259898662567139e-02
3.302276879549026489e-02 3.894256055355072021e-02
3.264279291033744812e-02 3.887591883540153503e-02
3.386467695236206055e-02 3.790698200464248657e-02
3.355472534894943237e-02 3.853926435112953186e-02
3.321332484483718872e-02 3.891010954976081848e-02
3.324011713266372681e-02 3.858970105648040771e-02
3.310761973261833191e-02 3.859832882881164551e-02
3.580513224005699158e-02 4.031484574079513550e-02
3.303293138742446899e-02 3.766957670450210571e-02
3.118034079670906067e-02 3.750307485461235046e-02
3.092111647129058838e-02 3.721207380294799805e-02
3.250157088041305542e-02 3.843277320265769958e-02
3.283282369375228882e-02 3.857916593551635742e-02
3.354438021779060364e-02 3.717796504497528076e-02
3.347154334187507629e-02 4.179054498672485352e-02
3.402299433946609497e-02 4.504708945751190186e-02
3.250383213162422180e-02 4.085726290941238403e-02
3.284431993961334229e-02 4.213036596775054932e-02
3.290387988090515137e-02 4.043358564376831055e-02
3.146557882428169250e-02 4.045160114765167236e-02
3.322510421276092529e-02 4.147987067699432373e-02
3.028338029980659485e-02 3.563693165779113770e-02
2.935861982405185699e-02 3.594390302896499634e-02
2.725412324070930481e-02 3.231080248951911926e-02
2.770041115581989288e-02 3.134211152791976929e-02
2.934158220887184143e-02 3.329538553953170776e-02
3.004398755729198456e-02 3.474433720111846924e-02
3.387272730469703674e-02 4.259142279624938965e-02
3.063479997217655182e-02 4.127283021807670593e-02
3.193430230021476746e-02 4.356722161173820496e-02
3.105028532445430756e-02 4.341588169336318970e-02
3.195410594344139099e-02 4.174763709306716919e-02
3.073129989206790924e-02 4.237721487879753113e-02
2.865791134536266327e-02 4.281149059534072876e-02
2.866120077669620514e-02 3.825677931308746338e-02
3.216980770230293274e-02 4.360337555408477783e-02
3.233920037746429443e-02 4.360391944646835327e-02
3.279794380068778992e-02 4.353260993957519531e-02
3.135117143392562866e-02 4.657117277383804321e-02
3.336621448397636414e-02 4.114251583814620972e-02
3.439479321241378784e-02 4.278750717639923096e-02
3.390891477465629578e-02 4.224649071693420410e-02
3.539418056607246399e-02 4.422052204608917236e-02
3.277443721890449524e-02 4.301466420292854309e-02
3.259016200900077820e-02 4.329645261168479919e-02
3.644122555851936340e-02 4.744233563542366028e-02
3.663830831646919250e-02 4.546097666025161743e-02
3.608050942420959473e-02 4.646319150924682617e-02
3.551485762000083923e-02 4.997443407773971558e-02
3.452195599675178528e-02 4.846229031682014465e-02
3.390664234757423401e-02 4.215751960873603821e-02
3.411314636468887329e-02 4.120122641324996948e-02
3.432929515838623047e-02 4.150575771927833557e-02
3.434994816780090332e-02 4.073910042643547058e-02
3.405616804957389832e-02 4.130002856254577637e-02
3.404086083173751831e-02 4.071919620037078857e-02
3.346066549420356750e-02 3.956543654203414917e-02
3.274646028876304626e-02 3.950808942317962646e-02
3.437401726841926575e-02 4.099515080451965332e-02
3.369244933128356934e-02 4.072912037372589111e-02
3.358063846826553345e-02 3.971446678042411804e-02
3.418263047933578491e-02 3.895964473485946655e-02
3.293427452445030212e-02 3.813154995441436768e-02
3.148832917213439941e-02 3.732925653457641602e-02
3.140208497643470764e-02 3.741296008229255676e-02
3.198277577757835388e-02 3.750256448984146118e-02
3.247047960758209229e-02 3.883994370698928833e-02
3.218750655651092529e-02 3.873157501220703125e-02
3.217639029026031494e-02 3.854785859584808350e-02
3.131030872464179993e-02 3.831366449594497681e-02
3.179403021931648254e-02 3.788178414106369019e-02
3.152271732687950134e-02 3.903731703758239746e-02
3.156812489032745361e-02 3.827401995658874512e-02
3.171280398964881897e-02 3.806197643280029297e-02
3.241073712706565857e-02 3.843818604946136475e-02
3.051142394542694092e-02 3.973252326250076294e-02
3.053396567702293396e-02 3.810701519250869751e-02
3.140635788440704346e-02 3.841702640056610107e-02
3.219408169388771057e-02 3.991752862930297852e-02
3.264508396387100220e-02 3.947462141513824463e-02
3.065100871026515961e-02 3.996810317039489746e-02
2.734303288161754608e-02 3.561272472143173218e-02
2.923510223627090454e-02 3.721477836370468140e-02
3.058049269020557404e-02 3.915545344352722168e-02
3.043317981064319611e-02 3.736410290002822876e-02
2.950047887861728668e-02 3.742897510528564453e-02
2.908214926719665527e-02 3.686581552028656006e-02
2.908672206103801727e-02 3.753933683037757874e-02
3.059377521276473999e-02 3.879154101014137268e-02
2.999497763812541962e-02 3.806382417678833008e-02
3.057602792978286743e-02 3.662804886698722839e-02
2.941317670047283173e-02 3.545448184013366699e-02
3.069720230996608734e-02 3.677686303853988647e-02
2.980001829564571381e-02 3.467738628387451172e-02
3.028824552893638611e-02 3.517152369022369385e-02
3.022446483373641968e-02 3.633660078048706055e-02
3.034862689673900604e-02 3.737623989582061768e-02
3.152367472648620605e-02 3.807224705815315247e-02
3.040103614330291748e-02 3.792737051844596863e-02
3.103855252265930176e-02 3.886129707098007202e-02
3.185632079839706421e-02 3.959853947162628174e-02
3.298397362232208252e-02 4.073528200387954712e-02
2.989365346729755402e-02 4.018102586269378662e-02
3.279503807425498962e-02 4.107695817947387695e-02
2.872412838041782379e-02 3.962655737996101379e-02
2.989179082214832306e-02 3.911236673593521118e-02
3.054288029670715332e-02 3.990389406681060791e-02
2.953705377876758575e-02 3.780654445290565491e-02
2.890141122043132782e-02 3.737742453813552856e-02
2.901940047740936279e-02 3.650604933500289917e-02
2.834381349384784698e-02 3.615349903702735901e-02
2.755972743034362793e-02 3.395147621631622314e-02
2.689574845135211945e-02 3.469126299023628235e-02
2.704739756882190704e-02 3.704978525638580322e-02
2.619447372853755951e-02 3.701863437891006470e-02
2.562120556831359863e-02 3.458399325609207153e-02
2.782672084867954254e-02 3.611319512128829956e-02
2.970442920923233032e-02 3.814166039228439331e-02
2.872416190803050995e-02 3.559225425124168396e-02
2.813955023884773254e-02 3.957239538431167603e-02
2.509922161698341370e-02 3.665114939212799072e-02
2.844235673546791077e-02 3.785917162895202637e-02
2.930868044495582581e-02 3.787161409854888916e-02
2.499843761324882507e-02 3.602597117424011230e-02
2.782974019646644592e-02 3.588368743658065796e-02
2.746820449829101562e-02 3.574679419398307800e-02
3.169263154268264771e-02 3.372129797935485840e-02
2.812079899013042450e-02 3.716063126921653748e-02
3.006114251911640167e-02 3.930719941854476929e-02
2.637016028165817261e-02 4.125320538878440857e-02
2.871827594935894012e-02 4.162368923425674438e-02
3.051904216408729553e-02 4.411118477582931519e-02
2.784045040607452393e-02 4.334740340709686279e-02
2.983549609780311584e-02 4.497703909873962402e-02
3.126480057835578918e-02 4.025514796376228333e-02
3.157486021518707275e-02 4.466814175248146057e-02
2.828151732683181763e-02 3.995531052350997925e-02
2.984379604458808899e-02 4.248055443167686462e-02
2.924230508506298065e-02 4.296392947435379028e-02
3.223487362265586853e-02 4.479917883872985840e-02
3.107173927128314972e-02 4.504864290356636047e-02
2.933889999985694885e-02 4.187240451574325562e-02
2.872593328356742859e-02 3.986774384975433350e-02
2.835990488529205322e-02 4.312353581190109253e-02
2.876842767000198364e-02 4.289123043417930603e-02
3.019104339182376862e-02 4.243451729416847229e-02
3.160189837217330933e-02 4.433774575591087341e-02
2.964771538972854614e-02 4.119120910763740540e-02
2.802416309714317322e-02 3.981877118349075317e-02
2.902227453887462616e-02 3.562995046377182007e-02
3.010248951613903046e-02 3.612955659627914429e-02
2.894795127213001251e-02 3.653713315725326538e-02
3.038629516959190369e-02 3.787453472614288330e-02
2.955855801701545715e-02 4.098930954933166504e-02
2.775231003761291504e-02 3.948583826422691345e-02
3.036565147340297699e-02 4.321113973855972290e-02
3.087490797042846680e-02 4.307930916547775269e-02
3.145283460617065430e-02 4.032630845904350281e-02
2.976763807237148285e-02 3.820217400789260864e-02
3.003099560737609863e-02 4.049631953239440918e-02
2.744434773921966553e-02 3.763794153928756714e-02
3.046803176403045654e-02 4.325394704937934875e-02
2.944720163941383362e-02 4.191681742668151855e-02
2.947558090090751648e-02 4.036244377493858337e-02
2.863261476159095764e-02 4.090386629104614258e-02
2.777047455310821533e-02 3.928602486848831177e-02
2.894078753888607025e-02 4.009160771965980530e-02
2.906593307852745056e-02 4.289957508444786072e-02
2.987178601324558258e-02 4.246625676751136780e-02
2.865534462034702301e-02 4.229283332824707031e-02
2.668974921107292175e-02 4.050857573747634888e-02
2.819669246673583984e-02 4.116100817918777466e-02
2.632315643131732941e-02 3.735277429223060608e-02
2.738013491034507751e-02 3.580651432275772095e-02
2.576382644474506378e-02 3.827795386314392090e-02
2.735447138547897339e-02 4.274315387010574341e-02
2.832409180700778961e-02 4.385101795196533203e-02
2.766141109168529510e-02 4.295187443494796753e-02
2.451998367905616760e-02 3.991213813424110413e-02
2.582819387316703796e-02 3.773304820060729980e-02
2.597544714808464050e-02 3.655400872230529785e-02
2.218963392078876495e-02 3.540004044771194458e-02
2.331415936350822449e-02 3.603402525186538696e-02
2.528904750943183899e-02 3.615921735763549805e-02
2.598152682185173035e-02 3.795932233333587646e-02
2.337961457669734955e-02 3.664461523294448853e-02
2.484255656599998474e-02 3.977899253368377686e-02
2.438384480774402618e-02 4.168238863348960876e-02
2.341198176145553589e-02 4.319836944341659546e-02
2.191482856869697571e-02 3.915526717901229858e-02
2.321481890976428986e-02 3.907519206404685974e-02
1.840168610215187073e-02 3.090245649218559265e-02
2.077469602227210999e-02 3.508544713258743286e-02
2.108425647020339966e-02 3.660567104816436768e-02
2.242920547723770142e-02 3.663398325443267822e-02
2.217316627502441406e-02 3.816234320402145386e-02
2.230083197355270386e-02 3.603574633598327637e-02
1.946976780891418457e-02 3.722641989588737488e-02
2.221753075718879700e-02 4.086811840534210205e-02
2.181162685155868530e-02 3.838109597563743591e-02
2.120766974985599518e-02 3.761708736419677734e-02
1.938326843082904816e-02 3.570819646120071411e-02
1.930680684745311737e-02 3.718074411153793335e-02
2.073435112833976746e-02 3.703860938549041748e-02
1.875631511211395264e-02 3.469276428222656250e-02
2.356827445328235626e-02 4.129109159111976624e-02
2.448377013206481934e-02 3.798393905162811279e-02
2.522021532058715820e-02 4.058156535029411316e-02
2.705578505992889404e-02 4.394034296274185181e-02
2.515363320708274841e-02 4.358486086130142212e-02
2.533392235636711121e-02 4.013100266456604004e-02
2.978077903389930725e-02 4.092043265700340271e-02
2.729523554444313049e-02 4.272300750017166138e-02
2.904577553272247314e-02 4.580141603946685791e-02
2.809157781302928925e-02 4.635377600789070129e-02
2.310914359986782074e-02 4.203207045793533325e-02
2.313357032835483551e-02 3.786672651767730713e-02
2.458263747394084930e-02 4.092164710164070129e-02
2.925803884863853455e-02 4.863485693931579590e-02
2.558611147105693817e-02 4.756065085530281067e-02
2.724399231374263763e-02 4.681999981403350830e-02
2.483777329325675964e-02 4.349790513515472412e-02
2.935463376343250275e-02 5.394191294908523560e-02
3.054200112819671631e-02 5.320434644818305969e-02
2.763234823942184448e-02 5.049612000584602356e-02
2.610673382878303528e-02 5.024667456746101379e-02
2.705443277955055237e-02 5.101695656776428223e-02
2.564567141234874725e-02 5.093259364366531372e-02
2.511720918118953705e-02 5.226799473166465759e-02
2.197305113077163696e-02 4.645031318068504333e-02
2.000913769006729126e-02 4.384347796440124512e-02
2.423895150423049927e-02 4.869425296783447266e-02
2.392405644059181213e-02 4.784601926803588867e-02
2.431340701878070831e-02 4.505729675292968750e-02
2.647361159324645996e-02 4.865263402462005615e-02
2.748842537403106689e-02 4.929185286164283752e-02
2.651150524616241455e-02 4.573670402169227600e-02
2.867442928254604340e-02 4.828414320945739746e-02
2.981551177799701691e-02 5.366199463605880737e-02
2.848375774919986725e-02 5.084034800529479980e-02
2.945369668304920197e-02 5.765778571367263794e-02
2.864724025130271912e-02 5.785436183214187622e-02
2.875262126326560974e-02 5.581668019294738770e-02
2.718680910766124725e-02 4.755957052111625671e-02
2.641740068793296814e-02 5.124393105506896973e-02
2.790409512817859650e-02 5.520721897482872009e-02
2.721017785370349884e-02 5.097216740250587463e-02
2.600374817848205566e-02 5.105314403772354126e-02
2.486746758222579956e-02 4.734401404857635498e-02
2.501849643886089325e-02 4.663478955626487732e-02
2.230866253376007080e-02 3.875400498509407043e-02
2.195475995540618896e-02 3.860951215028762817e-02
2.417098730802536011e-02 4.202309995889663696e-02
2.519556879997253418e-02 4.039622098207473755e-02
2.570476196706295013e-02 3.785229101777076721e-02
2.227560617029666901e-02 3.693375736474990845e-02
2.418499812483787537e-02 3.879469633102416992e-02
1.993162184953689575e-02 2.856034785509109497e-02
2.183571085333824158e-02 3.052464686334133148e-02
2.492071129381656647e-02 3.454506397247314453e-02
2.498649992048740387e-02 3.080374188721179962e-02
2.333794906735420227e-02 3.347063064575195312e-02
2.715020254254341125e-02 4.120875149965286255e-02
2.782100252807140350e-02 4.178002849221229553e-02
2.763398364186286926e-02 4.422457888722419739e-02
3.043954819440841675e-02 4.619819298386573792e-02
3.136570006608963013e-02 4.868058115243911743e-02
3.151012584567070007e-02 4.696097597479820251e-02
3.458254784345626831e-02 5.058521777391433716e-02
3.326389566063880920e-02 4.787207022309303284e-02
2.927618101239204407e-02 4.697581753134727478e-02
2.677666023373603821e-02 4.401742666959762573e-02
2.638678438961505890e-02 4.050828889012336731e-02
2.333283051848411560e-02 3.721386566758155823e-02
2.332500368356704712e-02 3.825204074382781982e-02
2.300356887280941010e-02 4.258896410465240479e-02
1.787760667502880096e-02 3.135458007454872131e-02
1.879603043198585510e-02 3.550087660551071167e-02
1.659006625413894653e-02 2.794649451971054077e-02
1.686850562691688538e-02 2.698123268783092499e-02
1.406476274132728577e-02 2.328768372535705566e-02
1.657145097851753235e-02 2.889267355203628540e-02
1.939890906214714050e-02 3.712622821331024170e-02
2.106634527444839478e-02 4.076468944549560547e-02
2.088076993823051453e-02 4.097469896078109741e-02
1.989780738949775696e-02 3.872557729482650757e-02
1.922677457332611084e-02 3.664188086986541748e-02
1.836188323795795441e-02 3.665522858500480652e-02
1.824061386287212372e-02 3.640201687812805176e-02
2.193677425384521484e-02 4.153236001729965210e-02
2.265793085098266602e-02 4.293940588831901550e-02
2.448056451976299286e-02 4.478193074464797974e-02
2.299485169351100922e-02 4.191654548048973083e-02
2.005849219858646393e-02 4.106700420379638672e-02
2.151105552911758423e-02 4.211551323533058167e-02
2.310060895979404449e-02 4.383889213204383850e-02
2.021619677543640137e-02 4.500667750835418701e-02
2.365675382316112518e-02 4.351951181888580322e-02
2.188483998179435730e-02 4.483255743980407715e-02
2.100722491741180420e-02 4.001631960272789001e-02
2.223795093595981598e-02 4.120353609323501587e-02
2.201710268855094910e-02 4.296688362956047058e-02
2.174574695527553558e-02 3.882667422294616699e-02
2.299390174448490143e-02 4.006112739443778992e-02
2.176381275057792664e-02 4.189673811197280884e-02
2.083287574350833893e-02 4.376262426376342773e-02
2.259830757975578308e-02 4.744746908545494080e-02
2.035294845700263977e-02 4.412629827857017517e-02
2.028499729931354523e-02 4.227574542164802551e-02
2.159169502556324005e-02 4.303186759352684021e-02
2.106477692723274231e-02 4.339277744293212891e-02
2.256418019533157349e-02 3.921243548393249512e-02
2.273138798773288727e-02 3.843135386705398560e-02
2.325191348791122437e-02 3.993671014904975891e-02
2.287570387125015259e-02 4.518719017505645752e-02
2.420104667544364929e-02 4.626915231347084045e-02
2.420150861144065857e-02 4.664368927478790283e-02
2.414990589022636414e-02 4.938841611146926880e-02
2.260575070977210999e-02 4.897156730294227600e-02
2.474914118647575378e-02 4.812387004494667053e-02
2.149463817477226257e-02 4.476046562194824219e-02
2.120967395603656769e-02 4.471633955836296082e-02
2.483522146940231323e-02 5.196992307901382446e-02
2.432693541049957275e-02 4.545853286981582642e-02
2.428992651402950287e-02 4.850931093096733093e-02
2.405462227761745453e-02 5.017170310020446777e-02
2.474560961127281189e-02 5.074559524655342102e-02
2.530205622315406799e-02 5.455622822046279907e-02
2.172353118658065796e-02 4.608708992600440979e-02
2.190334163606166840e-02 4.765596240758895874e-02
2.085649035871028900e-02 4.849527776241302490e-02
2.110678702592849731e-02 4.685594141483306885e-02
2.223368547856807709e-02 5.059383809566497803e-02
2.024842984974384308e-02 4.951943829655647278e-02
2.363220229744911194e-02 5.084715783596038818e-02
2.465610578656196594e-02 5.063189566135406494e-02
2.464456111192703247e-02 5.219016596674919128e-02
2.193558588624000549e-02 4.952851310372352600e-02
2.226910367608070374e-02 4.652670770883560181e-02
2.692313492298126221e-02 4.732520878314971924e-02
2.500702999532222748e-02 4.398279637098312378e-02
2.008895389735698700e-02 3.351070731878280640e-02
2.234931290149688721e-02 4.022246599197387695e-02
2.842593938112258911e-02 4.171259328722953796e-02
2.773499302566051483e-02 3.819544613361358643e-02
2.847808413207530975e-02 3.644554316997528076e-02
2.785679139196872711e-02 3.378778323531150818e-02
2.926804870367050171e-02 3.801322355866432190e-02
3.057359158992767334e-02 3.560706973075866699e-02
3.151630610227584839e-02 3.773443400859832764e-02
2.969387732446193695e-02 3.581951558589935303e-02
3.050029277801513672e-02 3.675849735736846924e-02
3.224064037203788757e-02 4.285151511430740356e-02
2.689388394355773926e-02 3.396973386406898499e-02
2.668944932520389557e-02 3.413881361484527588e-02
2.837162278592586517e-02 3.619998693466186523e-02
3.066170215606689453e-02 3.841234743595123291e-02
3.051257692277431488e-02 3.623981028795242310e-02
3.232464194297790527e-02 3.846085071563720703e-02
3.192919492721557617e-02 3.720931708812713623e-02
3.249199315905570984e-02 3.842278197407722473e-02
3.244802728295326233e-02 3.791527077555656433e-02
3.274420648813247681e-02 3.859622776508331299e-02
3.092184849083423615e-02 3.791981935501098633e-02
3.215961158275604248e-02 3.923963755369186401e-02
3.099788725376129150e-02 3.646628558635711670e-02
3.102156519889831543e-02 3.743740543723106384e-02
3.134271875023841858e-02 3.906156867742538452e-02
3.085902333259582520e-02 3.809643909335136414e-02
2.979836985468864441e-02 3.723986074328422546e-02
3.042218461632728577e-02 3.737555444240570068e-02
3.104461356997489929e-02 3.825128823518753052e-02
3.178432956337928772e-02 4.518482834100723267e-02
3.085493855178356171e-02 4.251644015312194824e-02
3.043795377016067505e-02 3.924166038632392883e-02
3.011356480419635773e-02 3.560092672705650330e-02
3.148556500673294067e-02 3.772228211164474487e-02
3.330551460385322571e-02 3.930737823247909546e-02
3.302515670657157898e-02 3.947584703564643860e-02
3.092803619801998138e-02 4.246056452393531799e-02
3.076872229576110840e-02 4.415492340922355652e-02
3.225808963179588318e-02 4.073447734117507935e-02
3.087672777473926544e-02 3.734253346920013428e-02
2.948190830647945404e-02 3.699625283479690552e-02
3.045176155865192413e-02 3.881416469812393188e-02
2.989217266440391541e-02 3.698687255382537842e-02
3.062040358781814575e-02 3.689907491207122803e-02
3.268056735396385193e-02 4.004102200269699097e-02
3.311451524496078491e-02 3.988992422819137573e-02
3.351235017180442810e-02 3.963040560483932495e-02
3.129810839891433716e-02 3.555382415652275085e-02
3.351972624659538269e-02 3.985527530312538147e-02
3.332964703440666199e-02 3.888970240950584412e-02
3.288795799016952515e-02 3.735149279236793518e-02
3.162176162004470825e-02 3.786637261509895325e-02
3.257768228650093079e-02 3.711054474115371704e-02
3.231158852577209473e-02 3.903309255838394165e-02
3.227656707167625427e-02 3.814008459448814392e-02
3.367691859602928162e-02 3.800140321254730225e-02
3.338616341352462769e-02 3.753104433417320251e-02
3.421185165643692017e-02 4.038010165095329285e-02
3.401365876197814941e-02 3.850231692194938660e-02
3.396417200565338135e-02 3.756959736347198486e-02
3.427091985940933228e-02 3.891169652342796326e-02
3.390352055430412292e-02 3.855568915605545044e-02
3.376624360680580139e-02 3.939366713166236877e-02
3.294454887509346008e-02 3.823712840676307678e-02
3.296393156051635742e-02 3.957180678844451904e-02
3.232031315565109253e-02 3.866714984178543091e-02
3.294821083545684814e-02 3.804814815521240234e-02
3.307040780782699585e-02 3.810865059494972229e-02
3.115694038569927216e-02 3.567959368228912354e-02
3.264691308140754700e-02 3.799482807517051697e-02
3.144855052232742310e-02 3.551557287573814392e-02
3.315423056483268738e-02 3.939127549529075623e-02
3.206773102283477783e-02 3.899055346846580505e-02
3.200687468051910400e-02 4.067607969045639038e-02
3.048582002520561218e-02 3.882807865738868713e-02
2.997981011867523193e-02 3.780369460582733154e-02
2.913176082074642181e-02 3.830310702323913574e-02
2.879223413765430450e-02 3.836869448423385620e-02
3.001418150961399078e-02 3.886006027460098267e-02
3.017986193299293518e-02 3.954206034541130066e-02
3.041533567011356354e-02 4.084212332963943481e-02
3.179616853594779968e-02 4.090572521090507507e-02
3.104668669402599335e-02 3.923428803682327271e-02
3.126924484968185425e-02 4.101022705435752869e-02
3.184825554490089417e-02 4.012147337198257446e-02
3.060387820005416870e-02 4.057425260543823242e-02
3.033868223428726196e-02 4.130961745977401733e-02
3.007099218666553497e-02 4.117634147405624390e-02
2.885472029447555542e-02 3.816971927881240845e-02
2.910975925624370575e-02 3.899392485618591309e-02
2.731457166373729706e-02 3.663554042577743530e-02
2.925363369286060333e-02 3.711609169840812683e-02
2.992909215390682220e-02 3.943683579564094543e-02
3.074965626001358032e-02 3.804458305239677429e-02
3.379070758819580078e-02 4.238551855087280273e-02
3.389113023877143860e-02 4.299800843000411987e-02
3.231427446007728577e-02 4.104133695363998413e-02
3.318435326218605042e-02 4.014798253774642944e-02
3.246327489614486694e-02 3.982878103852272034e-02
3.165998309850692749e-02 3.997728973627090454e-02
3.114003129303455353e-02 3.745970875024795532e-02
3.187136724591255188e-02 4.296559840440750122e-02
3.259925916790962219e-02 4.266578331589698792e-02
3.294627368450164795e-02 3.966431319713592529e-02
3.283493593335151672e-02 4.089259356260299683e-02
3.284673765301704407e-02 3.815384954214096069e-02
3.382333740592002869e-02 4.060434550046920776e-02
3.300165757536888123e-02 3.928055986762046814e-02
3.411130607128143311e-02 4.117878898978233337e-02
3.156782314181327820e-02 3.938029706478118896e-02
3.133736923336982727e-02 3.937945514917373657e-02
3.266242146492004395e-02 3.912010788917541504e-02
3.080442734062671661e-02 3.782422468066215515e-02
3.039687313139438629e-02 3.733299672603607178e-02
3.337252512574195862e-02 3.999566286802291870e-02
3.268787637352943420e-02 3.867200762033462524e-02
3.067416511476039886e-02 3.793543577194213867e-02
2.952913381159305573e-02 3.848784416913986206e-02
3.090354800224304199e-02 3.904398158192634583e-02
3.004711121320724487e-02 3.921751677989959717e-02
2.921500056982040405e-02 3.785154223442077637e-02
2.979728952050209045e-02 3.905590251088142395e-02
2.918267808854579926e-02 3.901093453168869019e-02
2.948135323822498322e-02 3.691793233156204224e-02
2.992908470332622528e-02 3.810387104749679565e-02
2.907919138669967651e-02 3.948016092181205750e-02
2.906207181513309479e-02 3.915572166442871094e-02
2.936013042926788330e-02 3.912634402513504028e-02
3.037035465240478516e-02 3.963365405797958374e-02
2.811638638377189636e-02 3.793859854340553284e-02
3.043521940708160400e-02 3.935492038726806641e-02
3.194952383637428284e-02 3.936696052551269531e-02
2.855846472084522247e-02 3.748442977666854858e-02
2.943095192313194275e-02 3.604075685143470764e-02
3.077484481036663055e-02 3.912686556577682495e-02
3.356281295418739319e-02 4.267958179116249084e-02
3.471066802740097046e-02 4.192280396819114685e-02
3.405918553471565247e-02 4.140350222587585449e-02
3.477041795849800110e-02 4.215339198708534241e-02
3.406877070665359497e-02 4.162582755088806152e-02
3.393335640430450439e-02 4.373957589268684387e-02
3.270830959081649780e-02 4.240307584404945374e-02
3.212233260273933411e-02 4.129349812865257263e-02
3.161998465657234192e-02 3.860184177756309509e-02
3.381003811955451965e-02 4.289259761571884155e-02
2.887710742652416229e-02 4.223854839801788330e-02
3.007694892585277557e-02 4.232433438301086426e-02
3.150794655084609985e-02 4.233444854617118835e-02
3.266296908259391785e-02 3.801325708627700806e-02
3.016118519008159637e-02 3.719346225261688232e-02
3.133448213338851929e-02 3.983018547296524048e-02
2.823487669229507446e-02 3.693711385130882263e-02
3.088005632162094116e-02 3.890486434102058411e-02
3.284818306565284729e-02 4.268934205174446106e-02
3.191241994500160217e-02 4.154247045516967773e-02
3.197894617915153503e-02 4.341464862227439880e-02
3.319188207387924194e-02 3.918877243995666504e-02
2.981718257069587708e-02 4.102997481822967529e-02
2.915824390947818756e-02 4.149511456489562988e-02
2.948031388223171234e-02 4.410547018051147461e-02
3.140591457486152649e-02 4.419750720262527466e-02
3.083809092640876770e-02 4.148183390498161316e-02
2.885782718658447266e-02 4.229151085019111633e-02
3.196231648325920105e-02 4.056914150714874268e-02
2.781163901090621948e-02 4.078394547104835510e-02
2.817589044570922852e-02 3.795586526393890381e-02
2.400970458984375000e-02 3.850488364696502686e-02
2.079379372298717499e-02 3.076406940817832947e-02
3.028437308967113495e-02 3.511191532015800476e-02
3.155783936381340027e-02 3.810984641313552856e-02
3.130198270082473755e-02 3.973273187875747681e-02
2.896200120449066162e-02 3.531018644571304321e-02
2.990311011672019958e-02 3.728078678250312805e-02
3.020669147372245789e-02 3.816378861665725708e-02
2.864155918359756470e-02 3.795378282666206360e-02
3.046418726444244385e-02 4.103280603885650635e-02
3.069313429296016693e-02 4.052416980266571045e-02
2.895900607109069824e-02 3.981910273432731628e-02
3.084788657724857330e-02 3.984012082219123840e-02
3.062421083450317383e-02 3.924618288874626160e-02
3.053011558949947357e-02 4.123351722955703735e-02
3.021798096597194672e-02 4.244174808263778687e-02
2.984751760959625244e-02 4.109233990311622620e-02
3.014663606882095337e-02 4.484983533620834351e-02
3.012985363602638245e-02 4.345312714576721191e-02
2.725623734295368195e-02 4.000127688050270081e-02
2.709042094647884369e-02 4.085148870944976807e-02
2.871416136622428894e-02 4.092385247349739075e-02
2.921084128320217133e-02 4.230245947837829590e-02
3.161714971065521240e-02 4.261437803506851196e-02
3.475873917341232300e-02 4.657297581434249878e-02
3.580430522561073303e-02 4.762681573629379272e-02
3.482984751462936401e-02 4.534108564257621765e-02
3.518487885594367981e-02 4.789892584085464478e-02
3.164545074105262756e-02 4.336043447256088257e-02
3.129035606980323792e-02 4.309913888573646545e-02
2.984972111880779266e-02 4.359530657529830933e-02
2.760830707848072052e-02 4.328053072094917297e-02
2.792720124125480652e-02 4.230026155710220337e-02
2.793873101472854614e-02 4.327183216810226440e-02
2.708496898412704468e-02 4.301059618592262268e-02
2.632935717701911926e-02 4.385239258408546448e-02
2.924741059541702271e-02 4.594060406088829041e-02
2.950190380215644836e-02 4.662485048174858093e-02
3.124459832906723022e-02 4.732894524931907654e-02
2.862915582954883575e-02 4.475193098187446594e-02
2.635268680751323700e-02 4.171142727136611938e-02
2.792167663574218750e-02 3.997044637799263000e-02
2.735298685729503632e-02 3.869943320751190186e-02
2.947707846760749817e-02 4.308116063475608826e-02
3.076269291341304779e-02 4.618453979492187500e-02
3.087668120861053467e-02 4.607113078236579895e-02
2.851275727152824402e-02 4.407314956188201904e-02
2.553303912281990051e-02 4.264409840106964111e-02
2.876275591552257538e-02 4.575065523386001587e-02
3.020561672747135162e-02 4.916189610958099365e-02
2.839037030935287476e-02 4.712793231010437012e-02
2.665019407868385315e-02 4.065770655870437622e-02
2.716452442109584808e-02 3.684986382722854614e-02
2.939268387854099274e-02 3.477550297975540161e-02
2.890024334192276001e-02 3.299780189990997314e-02
2.585386298596858978e-02 2.857041917741298676e-02
2.701197937130928040e-02 3.491377457976341248e-02
2.629501186311244965e-02 3.652286529541015625e-02
3.096397407352924347e-02 3.819942474365234375e-02
3.104318864643573761e-02 3.557683527469635010e-02
3.207109123468399048e-02 4.000394046306610107e-02
3.256888687610626221e-02 5.258931964635848999e-02
2.822856605052947998e-02 4.443049430847167969e-02
2.949337102472782135e-02 4.647766798734664917e-02
3.127447888255119324e-02 4.829739779233932495e-02
2.963208407163619995e-02 5.062257871031761169e-02
3.205885738134384155e-02 5.301129817962646484e-02
3.265167027711868286e-02 5.014560744166374207e-02
2.973701991140842438e-02 4.469021409749984741e-02
2.472349442541599274e-02 4.314824566245079041e-02
2.347952127456665039e-02 4.141622036695480347e-02
2.530393749475479126e-02 3.953380137681961060e-02
2.965238504111766815e-02 4.108902066946029663e-02
3.008019551634788513e-02 4.374167695641517639e-02
3.160884231328964233e-02 4.712156206369400024e-02
2.926996536552906036e-02 4.491752758622169495e-02
2.875721827149391174e-02 4.533276334404945374e-02
3.008100017905235291e-02 4.575687646865844727e-02
3.092301450669765472e-02 4.329850897192955017e-02
3.028135187923908234e-02 4.216862469911575317e-02
2.760647051036357880e-02 3.922764211893081665e-02
2.670842036604881287e-02 4.482918232679367065e-02
2.711741626262664795e-02 4.393990337848663330e-02
2.829833514988422394e-02 4.515194147825241089e-02
2.724336460232734680e-02 4.267705231904983521e-02
2.673429623246192932e-02 4.256390780210494995e-02
2.843533270061016083e-02 4.225075617432594299e-02
2.959697693586349487e-02 4.184886068105697632e-02
2.976614423096179962e-02 4.122764244675636292e-02
2.890495769679546356e-02 4.079167917370796204e-02
2.968496829271316528e-02 4.298610240221023560e-02
2.981651946902275085e-02 4.385542869567871094e-02
2.935004420578479767e-02 4.575855284929275513e-02
2.990695089101791382e-02 4.624509438872337341e-02
3.030323237180709839e-02 4.704430326819419861e-02
3.074645996093750000e-02 4.375017434358596802e-02
3.140074387192726135e-02 4.496451094746589661e-02
3.217130899429321289e-02 4.750106483697891235e-02
3.145300224423408508e-02 4.834654927253723145e-02
3.167182579636573792e-02 4.815182834863662720e-02
3.230860084295272827e-02 4.539404809474945068e-02
3.176473453640937805e-02 4.423598945140838623e-02
3.251239657402038574e-02 4.409657791256904602e-02
3.256849572062492371e-02 4.365473240613937378e-02
3.244200348854064941e-02 4.308239743113517761e-02
3.181978315114974976e-02 4.333359003067016602e-02
3.261306881904602051e-02 4.291797429323196411e-02
3.264528512954711914e-02 4.321435838937759399e-02
3.323826193809509277e-02 4.287782311439514160e-02
3.221947327256202698e-02 4.397061094641685486e-02
3.266197443008422852e-02 4.084737598896026611e-02
3.128688409924507141e-02 4.188792780041694641e-02
3.191575780510902405e-02 4.116234183311462402e-02
3.093255311250686646e-02 3.960642218589782715e-02
3.047120384871959686e-02 3.934557735919952393e-02
3.004150837659835815e-02 4.062724858522415161e-02
3.136530518531799316e-02 4.134729504585266113e-02
3.340400755405426025e-02 4.324218630790710449e-02
3.126974776387214661e-02 4.161934182047843933e-02
3.225141763687133789e-02 4.287200793623924255e-02
3.114759176969528198e-02 4.224064573645591736e-02
3.106993250548839569e-02 3.996281325817108154e-02
3.102448023855686188e-02 4.115586355328559875e-02
3.074901178479194641e-02 4.032720997929573059e-02
3.140344470739364624e-02 4.064624384045600891e-02
3.128278255462646484e-02 4.157783463597297668e-02
3.084950894117355347e-02 4.255719482898712158e-02
3.131616115570068359e-02 4.263870418071746826e-02
3.151854127645492554e-02 4.193176701664924622e-02
3.004821017384529114e-02 3.996742516756057739e-02
2.951054275035858154e-02 3.924042731523513794e-02
3.082243911921977997e-02 4.114167392253875732e-02
3.203046321868896484e-02 4.174012690782546997e-02
3.172158077359199524e-02 4.169485718011856079e-02
3.047731891274452209e-02 4.273414611816406250e-02
3.000633232295513153e-02 4.278848320245742798e-02
3.084040246903896332e-02 4.307326674461364746e-02
3.263580054044723511e-02 4.391557723283767700e-02
3.305947780609130859e-02 4.615657404065132141e-02
3.232992067933082581e-02 4.609151184558868408e-02
3.308784961700439453e-02 4.802205041050910950e-02
3.231281042098999023e-02 4.695264250040054321e-02
3.284136578440666199e-02 4.818569123744964600e-02
3.214550390839576721e-02 4.580399021506309509e-02
3.093309514224529266e-02 4.498661309480667114e-02
2.860790677368640900e-02 4.571106284856796265e-02
2.850443124771118164e-02 4.632201045751571655e-02
2.817640826106071472e-02 4.679163917899131775e-02
2.931481413543224335e-02 4.696819186210632324e-02
2.988175675272941589e-02 4.772521927952766418e-02
2.615641988813877106e-02 4.514029994606971741e-02
2.601613476872444153e-02 4.538768529891967773e-02
2.668906934559345245e-02 4.434411600232124329e-02
3.003174252808094025e-02 4.286722838878631592e-02
3.120464645326137543e-02 4.497617483139038086e-02
3.132362663745880127e-02 4.199042171239852905e-02
3.235460445284843445e-02 4.310544207692146301e-02
3.404649719595909119e-02 4.348916187882423401e-02
3.238431364297866821e-02 4.179956391453742981e-02
3.195941448211669922e-02 4.095855355262756348e-02
2.988941967487335205e-02 4.338181763887405396e-02
2.871950156986713409e-02 4.572149366140365601e-02
2.743406035006046295e-02 4.602194577455520630e-02
2.921478822827339172e-02 4.525677114725112915e-02
2.774092927575111389e-02 4.610272869467735291e-02
2.625684253871440887e-02 4.620090872049331665e-02
2.619308233261108398e-02 4.551709443330764771e-02
2.836237661540508270e-02 4.405998811125755310e-02
3.033567219972610474e-02 4.456613212823867798e-02
3.088459186255931854e-02 4.501206800341606140e-02
3.150897100567817688e-02 4.475944116711616516e-02
3.105559386312961578e-02 4.433840885758399963e-02
3.279677778482437134e-02 4.580227285623550415e-02
3.392811119556427002e-02 4.495273157954216003e-02
3.455365076661109924e-02 4.683746397495269775e-02
3.488611057400703430e-02 4.661934450268745422e-02
3.425995633006095886e-02 4.496273398399353027e-02
3.156077861785888672e-02 4.268405586481094360e-02
2.990253455936908722e-02 4.188326001167297363e-02
3.282064199447631836e-02 4.435890913009643555e-02
2.994623966515064240e-02 4.373264312744140625e-02
2.655516937375068665e-02 4.168888926506042480e-02
2.502597682178020477e-02 3.707726672291755676e-02
2.292605489492416382e-02 4.343017190694808960e-02
2.174983546137809753e-02 4.029683768749237061e-02
2.261057123541831970e-02 3.868343681097030640e-02
2.404070273041725159e-02 4.261244833469390869e-02
2.488693036139011383e-02 4.497804492712020874e-02
2.631860226392745972e-02 4.313084855675697327e-02
2.732483111321926117e-02 4.321729019284248352e-02
2.649749256670475006e-02 4.273118823766708374e-02
2.356834895908832550e-02 4.277359694242477417e-02
