2.751334570348262787e-02 4.315406084060668945e-02
2.614038437604904175e-02 4.286248981952667236e-02
2.650889754295349121e-02 4.156348109245300293e-02
2.737172320485115051e-02 4.437981173396110535e-02
2.681357786059379578e-02 4.287339374423027039e-02
2.751968614757061005e-02 4.131506010890007019e-02
2.824744582176208496e-02 4.207003861665725708e-02
2.700129337608814240e-02 4.229275509715080261e-02
2.754813060164451599e-02 4.284306988120079041e-02
2.672761119902133942e-02 4.133936390280723572e-02
2.559471502900123596e-02 4.137547314167022705e-02
2.792282961308956146e-02 4.046932607889175415e-02
2.694747783243656158e-02 3.994061797857284546e-02
2.820775657892227173e-02 4.165562614798545837e-02
2.670422010123729706e-02 3.974391520023345947e-02
2.715839631855487823e-02 4.054407775402069092e-02
2.760430052876472473e-02 3.894074261188507080e-02
2.424584887921810150e-02 3.521313518285751343e-02
2.752192318439483643e-02 3.966740891337394714e-02
2.555031329393386841e-02 4.112616181373596191e-02
2.378612384200096130e-02 4.475181549787521362e-02
2.192533761262893677e-02 4.216980934143066406e-02
2.707949280738830566e-02 3.696260228753089905e-02
2.337606064975261688e-02 3.748401999473571777e-02
2.361903153359889984e-02 4.372626170516014099e-02
2.402685396373271942e-02 4.571155458688735962e-02
2.305418252944946289e-02 4.246420040726661682e-02
2.028165943920612335e-02 4.800947755575180054e-02
1.724032685160636902e-02 4.010330513119697571e-02
2.277974411845207214e-02 3.741976991295814514e-02
2.440904267132282257e-02 4.237931594252586365e-02
2.524933964014053345e-02 4.265790060162544250e-02
2.612710930407047272e-02 4.198612645268440247e-02
2.550008520483970642e-02 4.383707419037818909e-02
2.473021671175956726e-02 4.343248903751373291e-02
2.507148310542106628e-02 4.415883868932723999e-02
2.606126666069030762e-02 4.390058666467666626e-02
2.553913369774818420e-02 4.340268671512603760e-02
2.555717155337333679e-02 4.483894258737564087e-02
2.678334712982177734e-02 4.429100453853607178e-02
2.614776790142059326e-02 4.363507032394409180e-02
2.672294713556766510e-02 4.281354323029518127e-02
2.592859603464603424e-02 4.359086975455284119e-02
2.603351324796676636e-02 4.324207082390785217e-02
2.558372914791107178e-02 4.498110711574554443e-02
2.592268958687782288e-02 4.625909402966499329e-02
2.438241429626941681e-02 4.645346105098724365e-02
2.596988528966903687e-02 4.410554841160774231e-02
2.615519985556602478e-02 4.552921280264854431e-02
2.631459198892116547e-02 4.338855668902397156e-02
2.759061753749847412e-02 4.473314061760902405e-02
2.780117839574813843e-02 4.345383122563362122e-02
2.605397999286651611e-02 4.284951090812683105e-02
2.684750221669673920e-02 4.300203919410705566e-02
2.496947348117828369e-02 4.475079476833343506e-02
2.726698294281959534e-02 4.770899564027786255e-02
2.779009193181991577e-02 4.826442152261734009e-02
2.465166710317134857e-02 4.579236730933189392e-02
2.732314169406890869e-02 5.200346559286117554e-02
2.482227236032485962e-02 4.926983267068862915e-02
2.269969880580902100e-02 4.753299430012702942e-02
2.481998130679130554e-02 4.954758286476135254e-02
2.371658571064472198e-02 4.536916315555572510e-02
2.376824244856834412e-02 4.383101314306259155e-02
2.751705422997474670e-02 5.129850655794143677e-02
2.560785412788391113e-02 4.381614550948143005e-02
2.785981819033622742e-02 4.731845483183860779e-02
2.714817412197589874e-02 4.599053412675857544e-02
2.449983544647693634e-02 5.041890591382980347e-02
3.064211457967758179e-02 5.610703676939010620e-02
1.674280688166618347e-02 4.331603646278381348e-02
1.880793273448944092e-02 3.545195236802101135e-02
3.201241791248321533e-02 5.386202037334442139e-02
2.816295623779296875e-02 4.819862172007560730e-02
3.085642866790294647e-02 5.262377113103866577e-02
1.919895783066749573e-02 2.979116700589656830e-02
2.078342065215110779e-02 3.825899213552474976e-02
1.795579679310321808e-02 4.201471433043479919e-02
2.307705022394657135e-02 4.735562205314636230e-02
2.599870786070823669e-02 4.173414409160614014e-02
2.805766835808753967e-02 4.061326012015342712e-02
3.012698516249656677e-02 4.139605164527893066e-02
2.871463075280189514e-02 4.462849348783493042e-02
2.955885790288448334e-02 4.168999195098876953e-02
2.669523656368255615e-02 4.227995872497558594e-02
2.806493267416954041e-02 4.437065124511718750e-02
2.865367382764816284e-02 4.767180606722831726e-02
2.785769104957580566e-02 4.585314914584159851e-02
2.771082334220409393e-02 4.666170477867126465e-02
2.713686227798461914e-02 4.529548436403274536e-02
2.884829416871070862e-02 4.960332810878753662e-02
2.766292542219161987e-02 4.636272415518760681e-02
2.838335558772087097e-02 4.510689154267311096e-02
2.816716767847537994e-02 4.400762915611267090e-02
2.571254596114158630e-02 4.344743490219116211e-02
2.659153006970882416e-02 4.428747296333312988e-02
2.720460481941699982e-02 4.616352543234825134e-02
2.693926915526390076e-02 4.716247692704200745e-02
2.688032574951648712e-02 4.750421643257141113e-02
2.836697548627853394e-02 4.482547938823699951e-02
2.813828550279140472e-02 4.550719261169433594e-02
2.757579460740089417e-02 4.755109921097755432e-02
3.032549470663070679e-02 4.650316387414932251e-02
2.910986356437206268e-02 4.514200240373611450e-02
2.946493402123451233e-02 4.438539594411849976e-02
2.991634607315063477e-02 4.318181425333023071e-02
3.013692796230316162e-02 4.512439668178558350e-02
2.866675890982151031e-02 4.616778716444969177e-02
2.865304052829742432e-02 4.479699954390525818e-02
3.042014874517917633e-02 4.357155412435531616e-02
2.946583926677703857e-02 4.140330106019973755e-02
2.882951125502586365e-02 4.353579878807067871e-02
2.971969172358512878e-02 4.647940769791603088e-02
2.901322022080421448e-02 4.470394551753997803e-02
2.893218770623207092e-02 4.346264153718948364e-02
2.887481078505516052e-02 4.113022238016128540e-02
2.846844308078289032e-02 4.234173148870468140e-02
2.776844054460525513e-02 4.290548712015151978e-02
2.887815237045288086e-02 4.448323696851730347e-02
3.022128157317638397e-02 4.505941644310951233e-02
3.015915490686893463e-02 4.539288580417633057e-02
2.791776135563850403e-02 4.576479271054267883e-02
2.811876684427261353e-02 4.507599398493766785e-02
2.891910448670387268e-02 4.517041891813278198e-02
2.955859340727329254e-02 4.606410861015319824e-02
2.800341323018074036e-02 4.454775899648666382e-02
2.773530036211013794e-02 4.385304078459739685e-02
2.946327254176139832e-02 4.683987796306610107e-02
2.930522337555885315e-02 4.582465067505836487e-02
2.692177705466747284e-02 4.435199499130249023e-02
2.727186307311058044e-02 4.607899859547615051e-02
2.709937281906604767e-02 4.669488221406936646e-02
2.728526666760444641e-02 4.515923559665679932e-02
2.767572551965713501e-02 4.460109397768974304e-02
2.574752271175384521e-02 4.501114413142204285e-02
2.680718712508678436e-02 4.652859643101692200e-02
2.545503154397010803e-02 4.451778903603553772e-02
2.612144686281681061e-02 4.484501853585243225e-02
2.743028104305267334e-02 4.249444231390953064e-02
2.767878398299217224e-02 4.701690375804901123e-02
2.946655638515949249e-02 4.846402257680892944e-02
3.016285039484500885e-02 4.518948495388031006e-02
2.905735373497009277e-02 4.595101624727249146e-02
2.929374016821384430e-02 4.931986704468727112e-02
2.871799096465110779e-02 5.200627446174621582e-02
2.649340219795703888e-02 4.754146188497543335e-02
2.799323946237564087e-02 4.389231652021408081e-02
2.969362400472164154e-02 4.638463258743286133e-02
2.969426847994327545e-02 4.826312139630317688e-02
2.910809405148029327e-02 4.643948748707771301e-02
2.695734053850173950e-02 4.383703321218490601e-02
2.646423131227493286e-02 4.304260015487670898e-02
2.777857705950737000e-02 4.589093849062919617e-02
2.892987430095672607e-02 4.532385244965553284e-02
2.813542820513248444e-02 4.471556842327117920e-02
2.949094399809837341e-02 4.592641815543174744e-02
2.952667884528636932e-02 4.364114999771118164e-02
2.947417832911014557e-02 4.332459717988967896e-02
3.013237379491329193e-02 4.701876640319824219e-02
2.954366803169250488e-02 4.729817062616348267e-02
2.812835574150085449e-02 4.153989255428314209e-02
3.144907206296920776e-02 4.663158208131790161e-02
2.943268232047557831e-02 4.699180275201797485e-02
2.680974267423152924e-02 4.571589082479476929e-02
2.571695670485496521e-02 4.506254568696022034e-02
2.838206477463245392e-02 4.431160539388656616e-02
2.931552752852439880e-02 5.346973240375518799e-02
2.579811215400695801e-02 4.623822495341300964e-02
2.443962544202804565e-02 4.051664471626281738e-02
3.122710436582565308e-02 5.187730118632316589e-02
2.920003421604633331e-02 4.887714236974716187e-02
3.038042411208152771e-02 4.866027832031250000e-02
3.126627951860427856e-02 4.299112409353256226e-02
2.479095757007598877e-02 3.915552049875259399e-02
2.712022699415683746e-02 4.050444439053535461e-02
2.384791523218154907e-02 4.014389961957931519e-02
2.804353833198547363e-02 4.504813253879547119e-02
2.977475523948669434e-02 4.963494092226028442e-02
3.223634883761405945e-02 4.906678199768066406e-02
2.962993830442428589e-02 4.695702344179153442e-02
3.218474239110946655e-02 4.300969839096069336e-02
2.542757801711559296e-02 3.756456822156906128e-02
2.950290590524673462e-02 4.507147148251533508e-02
2.991133369505405426e-02 5.141648650169372559e-02
2.737640962004661560e-02 4.826021939516067505e-02
3.180401027202606201e-02 5.033110827207565308e-02
2.975935302674770355e-02 4.834793135523796082e-02
2.777110412716865540e-02 4.614469408988952637e-02
2.844106964766979218e-02 4.384594410657882690e-02
3.166443854570388794e-02 4.908540099859237671e-02
3.054058738052845001e-02 4.617071524262428284e-02
2.860729955136775970e-02 4.312323778867721558e-02
3.112352266907691956e-02 4.712166264653205872e-02
3.096253983676433563e-02 4.339466989040374756e-02
3.032265976071357727e-02 4.657651111483573914e-02
2.912564203143119812e-02 4.236843436956405640e-02
3.038795851171016693e-02 4.275046288967132568e-02
3.055577725172042847e-02 4.375077039003372192e-02
2.945258095860481262e-02 4.471716284751892090e-02
3.084095753729343414e-02 4.576758667826652527e-02
3.275984898209571838e-02 4.660212993621826172e-02
3.178289905190467834e-02 4.875863716006278992e-02
3.207759186625480652e-02 4.809598997235298157e-02
3.020157478749752045e-02 4.598641395568847656e-02
3.221310302615165710e-02 4.924217611551284790e-02
3.161169216036796570e-02 4.639645665884017944e-02
2.903978899121284485e-02 4.379115253686904907e-02
3.093517199158668518e-02 4.313467815518379211e-02
3.161366656422615051e-02 4.785172641277313232e-02
3.065762855112552643e-02 4.525624960660934448e-02
3.037595190107822418e-02 4.302756488323211670e-02
2.989652566611766815e-02 4.232304915785789490e-02
3.029258549213409424e-02 3.686297312378883362e-02
2.942321635782718658e-02 4.004335403442382812e-02
3.254756331443786621e-02 4.379657283425331116e-02
3.206460177898406982e-02 4.142850637435913086e-02
3.257606178522109985e-02 4.321894794702529907e-02
3.130463138222694397e-02 4.066070169210433960e-02
3.054284490644931793e-02 4.033166542649269104e-02
3.063375130295753479e-02 4.160807654261589050e-02
3.233454748988151550e-02 4.426918923854827881e-02
3.589203581213951111e-02 4.555413499474525452e-02
3.559251874685287476e-02 4.818648472428321838e-02
3.581781685352325439e-02 4.750918596982955933e-02
3.752994909882545471e-02 4.862228780984878540e-02
3.401864692568778992e-02 4.615127295255661011e-02
3.567239642143249512e-02 4.806523025035858154e-02
3.434569388628005981e-02 4.611442983150482178e-02
3.281453996896743774e-02 4.720163717865943909e-02
3.100610710680484772e-02 4.380702599883079529e-02
3.174301609396934509e-02 4.489906132221221924e-02
2.963712066411972046e-02 4.656927660107612610e-02
3.070614486932754517e-02 4.476383328437805176e-02
2.841420471668243408e-02 3.500722348690032959e-02
2.862840145826339722e-02 4.517434537410736084e-02
3.121900744736194611e-02 4.380542039871215820e-02
2.705958858132362366e-02 4.595145583152770996e-02
2.618703432381153107e-02 4.171499237418174744e-02
2.481578476727008820e-02 3.988278657197952271e-02
2.955932915210723877e-02 4.595288634300231934e-02
3.412543609738349915e-02 5.999132245779037476e-02
3.413533046841621399e-02 5.873014032840728760e-02
3.246938064694404602e-02 5.185929313302040100e-02
3.116140328347682953e-02 5.697657912969589233e-02
2.863412164151668549e-02 4.920963943004608154e-02
2.311152964830398560e-02 3.812818229198455811e-02
2.240487933158874512e-02 4.793224483728408813e-02
1.713332347571849823e-02 4.299232363700866699e-02
2.882186509668827057e-02 4.261479899287223816e-02
2.744780667126178741e-02 4.019963741302490234e-02
2.881392277777194977e-02 4.344343021512031555e-02
2.944435365498065948e-02 4.541464895009994507e-02
2.649486437439918518e-02 3.965583443641662598e-02
2.931370958685874939e-02 4.249313846230506897e-02
2.951741218566894531e-02 4.223438352346420288e-02
3.000450134277343750e-02 4.309907555580139160e-02
2.898694574832916260e-02 4.268910735845565796e-02
3.039946593344211578e-02 4.524955898523330688e-02
3.334072977304458618e-02 4.742107540369033813e-02
3.134336695075035095e-02 4.549890384078025818e-02
2.958815172314643860e-02 4.323716461658477783e-02
2.986417897045612335e-02 4.166868701577186584e-02
3.047233819961547852e-02 4.321993887424468994e-02
2.768079005181789398e-02 4.121991246938705444e-02
2.772795967757701874e-02 3.991456329822540283e-02
2.868040837347507477e-02 3.839912265539169312e-02
2.955063991248607635e-02 4.052492231130599976e-02
2.702967450022697449e-02 4.064603149890899658e-02
2.770210802555084229e-02 4.260449111461639404e-02
2.753138169646263123e-02 4.223664104938507080e-02
2.989688329398632050e-02 4.174675047397613525e-02
2.874089404940605164e-02 4.161710292100906372e-02
2.872295118868350983e-02 4.185376316308975220e-02
2.705151773989200592e-02 4.203366860747337341e-02
2.894376590847969055e-02 4.327708855271339417e-02
2.843390032649040222e-02 4.303479194641113281e-02
2.836857736110687256e-02 4.152650758624076843e-02
2.854445204138755798e-02 4.379149526357650757e-02
2.821095101535320282e-02 4.514971747994422913e-02
2.887365035712718964e-02 4.295272380113601685e-02
2.703870832920074463e-02 4.133772850036621094e-02
3.084682300686836243e-02 4.364357516169548035e-02
2.853247150778770447e-02 4.264457523822784424e-02
3.106761723756790161e-02 4.224754869937896729e-02
3.021969646215438843e-02 4.162112623453140259e-02
2.740799449384212494e-02 3.765819221735000610e-02
3.057419136166572571e-02 4.057950526475906372e-02
2.739793062210083008e-02 4.089060798287391663e-02
2.709267847239971161e-02 4.092826321721076965e-02
2.504280954599380493e-02 4.089087247848510742e-02
2.686127088963985443e-02 4.028512164950370789e-02
2.837305329740047455e-02 3.997204452753067017e-02
2.929956838488578796e-02 4.130166396498680115e-02
2.681812644004821777e-02 3.982994332909584045e-02
2.717729285359382629e-02 3.978804126381874084e-02
3.004161827266216278e-02 4.009890556335449219e-02
2.973486855626106262e-02 4.053404554724693298e-02
2.844664454460144043e-02 3.781621903181076050e-02
3.061831183731555939e-02 4.049748927354812622e-02
2.886876091361045837e-02 4.170726239681243896e-02
2.676353417336940765e-02 4.508852213621139526e-02
2.010848373174667358e-02 3.819090127944946289e-02
1.904553920030593872e-02 3.719864413142204285e-02
1.933128945529460907e-02 2.733969315886497498e-02
2.939199842512607574e-02 4.285362735390663147e-02
2.828071452677249908e-02 4.121514409780502319e-02
3.248781338334083557e-02 4.594304785132408142e-02
1.847909949719905853e-02 2.599344775080680847e-02
2.096812613308429718e-02 4.282691329717636108e-02
2.430651709437370300e-02 4.563976079225540161e-02
2.177840843796730042e-02 4.483496025204658508e-02
2.431682124733924866e-02 3.801742941141128540e-02
2.752610854804515839e-02 4.186494648456573486e-02
2.839992754161357880e-02 4.125855863094329834e-02
2.632649801671504974e-02 4.264362156391143799e-02
2.781713753938674927e-02 4.265920072793960571e-02
2.724377438426017761e-02 4.221576824784278870e-02
2.707124873995780945e-02 4.527270421385765076e-02
2.835370972752571106e-02 4.335667937994003296e-02
2.941566519439220428e-02 4.270341992378234863e-02
3.004839643836021423e-02 4.325885325670242310e-02
2.859867550432682037e-02 4.425796121358871460e-02
2.741788513958454132e-02 4.221011325716972351e-02
2.956594340503215790e-02 4.429183527827262878e-02
2.828405238687992096e-02 4.376829788088798523e-02
2.910556830465793610e-02 4.389757290482521057e-02
2.813840657472610474e-02 4.449139162898063660e-02
2.775268442928791046e-02 4.399153590202331543e-02
2.875834889709949493e-02 4.279252141714096069e-02
2.909013815224170685e-02 4.290743917226791382e-02
2.888357266783714294e-02 4.324603825807571411e-02
2.915377169847488403e-02 4.320013523101806641e-02
2.936572209000587463e-02 4.435995221138000488e-02
2.773116715252399445e-02 4.305763915181159973e-02
2.870375476777553558e-02 4.457437247037887573e-02
2.717922069132328033e-02 3.931491449475288391e-02
2.709108032286167145e-02 4.196702316403388977e-02
2.884649299085140228e-02 4.391183704137802124e-02
2.947748638689517975e-02 4.404647648334503174e-02
2.718036249279975891e-02 4.260945692658424377e-02
2.778760716319084167e-02 4.431940615177154541e-02
2.990331314504146576e-02 4.462806135416030884e-02
2.903009206056594849e-02 4.318788647651672363e-02
2.755144611001014709e-02 4.525344446301460266e-02
2.520668506622314453e-02 4.172115772962570190e-02
2.839681878685951233e-02 4.344241693615913391e-02
2.776122465729713440e-02 4.406347870826721191e-02
2.771463803946971893e-02 4.310064762830734253e-02
2.584739401936531067e-02 4.241162538528442383e-02
3.019041195511817932e-02 4.458935558795928955e-02
2.470283396542072296e-02 3.968743234872817993e-02
2.784412540495395660e-02 4.126510769128799438e-02
2.180560678243637085e-02 3.950867056846618652e-02
2.314340695738792419e-02 4.383674263954162598e-02
2.545844763517379761e-02 5.024207383394241333e-02
2.830718643963336945e-02 4.837671667337417603e-02
2.357575297355651855e-02 4.918170720338821411e-02
1.901220344007015228e-02 4.663294926285743713e-02
2.011343836784362793e-02 3.368644416332244873e-02
2.501917630434036255e-02 4.011998325586318970e-02
2.159525826573371887e-02 3.710428997874259949e-02
2.436135709285736084e-02 3.981586545705795288e-02
2.329941093921661377e-02 4.570338875055313110e-02
2.816342189908027649e-02 4.109810665249824524e-02
3.127814084291458130e-02 4.407233372330665588e-02
2.668342553079128265e-02 4.238298535346984863e-02
3.011177852749824524e-02 4.369316995143890381e-02
3.101582452654838562e-02 4.468562453985214233e-02
3.036530129611492157e-02 4.284098371863365173e-02
3.023373335599899292e-02 4.264460504055023193e-02
2.937314845621585846e-02 4.257392883300781250e-02
3.003651648759841919e-02 4.434046521782875061e-02
2.915678732097148895e-02 4.301175475120544434e-02
3.197875618934631348e-02 4.487007483839988708e-02
3.220703080296516418e-02 4.584887623786926270e-02
3.027639165520668030e-02 4.760604724287986755e-02
3.069525584578514099e-02 4.544360190629959106e-02
3.016406111419200897e-02 4.359313845634460449e-02
3.156397491693496704e-02 4.561114311218261719e-02
3.071495704352855682e-02 4.414023831486701965e-02
3.047920949757099152e-02 4.289485886693000793e-02
3.149338811635971069e-02 4.404057562351226807e-02
3.010100498795509338e-02 4.289487004280090332e-02
3.093827329576015472e-02 4.711557552218437195e-02
3.072743117809295654e-02 4.347372055053710938e-02
2.900479175150394440e-02 4.323318228125572205e-02
2.937509305775165558e-02 4.434388503432273865e-02
3.139559924602508545e-02 4.606387019157409668e-02
3.152699396014213562e-02 4.308151826262474060e-02
3.152506425976753235e-02 4.371419176459312439e-02
3.113530017435550690e-02 4.437503218650817871e-02
3.107286617159843445e-02 4.579311609268188477e-02
2.936416864395141602e-02 4.441840201616287231e-02
3.062863089144229889e-02 4.550825059413909912e-02
2.979441359639167786e-02 4.318054765462875366e-02
3.033073246479034424e-02 4.455400258302688599e-02
3.086227364838123322e-02 4.413568601012229919e-02
3.004363179206848145e-02 4.435391351580619812e-02
2.943572588264942169e-02 4.373987764120101929e-02
2.831006422638893127e-02 4.327294602990150452e-02
2.906347997486591339e-02 4.218532517552375793e-02
2.831179834902286530e-02 4.277719184756278992e-02
2.836419828236103058e-02 4.268292710185050964e-02
2.912443690001964569e-02 4.438833892345428467e-02
2.968944236636161804e-02 4.405553266406059265e-02
3.035220131278038025e-02 4.494914785027503967e-02
3.257420286536216736e-02 4.622178152203559875e-02
3.366934880614280701e-02 4.793678224086761475e-02
3.471248224377632141e-02 4.874854907393455505e-02
3.478616476058959961e-02 4.933267086744308472e-02
3.324885666370391846e-02 4.753061756491661072e-02
3.184959664940834045e-02 4.523631930351257324e-02
3.096138685941696167e-02 4.731597751379013062e-02
2.915168367326259613e-02 4.561983421444892883e-02
2.818284742534160614e-02 4.462556540966033936e-02
2.829071506857872009e-02 4.495586454868316650e-02
2.906187810003757477e-02 4.483477026224136353e-02
3.075317107141017914e-02 4.670518636703491211e-02
2.953353710472583771e-02 4.540696740150451660e-02
2.678118832409381866e-02 4.497122764587402344e-02
2.844505757093429565e-02 4.589322954416275024e-02
2.663011848926544189e-02 4.889410734176635742e-02
2.750000171363353729e-02 4.300191253423690796e-02
2.964182198047637939e-02 4.532888904213905334e-02
2.784537523984909058e-02 4.105213284492492676e-02
2.758989483118057251e-02 3.848791122436523438e-02
2.732881717383861542e-02 3.947216644883155823e-02
2.813376858830451965e-02 4.153308272361755371e-02
2.979899384081363678e-02 4.615515843033790588e-02
2.800088934600353241e-02 4.373743385076522827e-02
2.837635576725006104e-02 4.191266745328903198e-02
2.685875818133354187e-02 4.348798096179962158e-02
2.902845479547977448e-02 4.430781304836273193e-02
3.167698532342910767e-02 4.724239557981491089e-02
3.438768535852432251e-02 4.971998557448387146e-02
3.547723963856697083e-02 4.869252070784568787e-02
3.197119757533073425e-02 4.622519016265869141e-02
2.907531522214412689e-02 4.408592358231544495e-02
2.920431084930896759e-02 4.291458427906036377e-02
2.687905356287956238e-02 4.309943690896034241e-02
2.560957521200180054e-02 4.680624604225158691e-02
2.615370787680149078e-02 4.220094904303550720e-02
2.629039436578750610e-02 4.020185396075248718e-02
2.881731651723384857e-02 4.362571239471435547e-02
2.974146604537963867e-02 4.513649269938468933e-02
2.746582031250000000e-02 4.505435004830360413e-02
3.269380703568458557e-02 5.340170115232467651e-02
2.523643150925636292e-02 3.924699500203132629e-02
2.438661642372608185e-02 3.246172517538070679e-02
3.092871606349945068e-02 4.764565452933311462e-02
2.764910459518432617e-02 3.826009854674339294e-02
2.866734750568866730e-02 4.155139625072479248e-02
3.168703615665435791e-02 4.424462839961051941e-02
3.054096363484859467e-02 4.444364458322525024e-02
3.032727167010307312e-02 4.334997013211250305e-02
3.045376203954219818e-02 4.329727962613105774e-02
2.954282052814960480e-02 4.301046952605247498e-02
3.007858619093894958e-02 4.343249648809432983e-02
2.990130521357059479e-02 4.460347816348075867e-02
2.915263548493385315e-02 4.589169472455978394e-02
2.766162529587745667e-02 4.582116380333900452e-02
2.810134552419185638e-02 4.471521824598312378e-02
2.781315147876739502e-02 4.537729173898696899e-02
2.956939302384853363e-02 4.490558803081512451e-02
2.905871532857418060e-02 4.399233311414718628e-02
2.901629358530044556e-02 4.462630301713943481e-02
2.845879271626472473e-02 4.429443925619125366e-02
2.974555827677249908e-02 4.470628127455711365e-02
2.937767654657363892e-02 4.382903873920440674e-02
2.973818033933639526e-02 4.317122697830200195e-02
2.948289178311824799e-02 4.383910819888114929e-02
2.758179046213626862e-02 4.460095614194869995e-02
3.004875406622886658e-02 4.297406598925590515e-02
2.919756248593330383e-02 4.286980256438255310e-02
3.009550273418426514e-02 4.324612766504287720e-02
2.922948263585567474e-02 4.251389205455780029e-02
2.964171953499317169e-02 3.904399275779724121e-02
2.833637408912181854e-02 4.236219078302383423e-02
2.884346991777420044e-02 4.263418167829513550e-02
2.837875112891197205e-02 4.224980622529983521e-02
2.533716522157192230e-02 3.805685043334960938e-02
2.672836370766162872e-02 4.404480755329132080e-02
2.596639469265937805e-02 4.619086161255836487e-02
2.713740430772304535e-02 4.762706160545349121e-02
2.237824909389019012e-02 4.598775506019592285e-02
2.565138787031173706e-02 4.509354010224342346e-02
2.871034108102321625e-02 4.392359405755996704e-02
2.645516581833362579e-02 3.778085485100746155e-02
2.556348778307437897e-02 3.946745395660400391e-02
2.495585009455680847e-02 4.461702704429626465e-02
2.607322856783866882e-02 4.410436749458312988e-02
2.675236575305461884e-02 4.253173619508743286e-02
2.768309041857719421e-02 4.377674311399459839e-02
2.472010999917984009e-02 4.218450188636779785e-02
2.469725534319877625e-02 4.005716741085052490e-02
2.344544231891632080e-02 3.857234120368957520e-02
2.430808916687965393e-02 3.930258005857467651e-02
2.161703631281852722e-02 3.926889598369598389e-02
2.693987824022769928e-02 4.933062940835952759e-02
2.353111095726490021e-02 3.831805661320686340e-02
2.629918232560157776e-02 4.062424227595329285e-02
1.791255734860897064e-02 3.671038150787353516e-02
1.929533109068870544e-02 2.751591615378856659e-02
2.710802108049392700e-02 4.825142398476600647e-02
2.220525220036506653e-02 3.796404600143432617e-02
2.017078176140785217e-02 3.874913603067398071e-02
2.264381200075149536e-02 3.312682732939720154e-02
3.257929533720016479e-02 4.996145516633987427e-02
2.789667062461376190e-02 4.460635036230087280e-02
3.286439552903175354e-02 5.248283967375755310e-02
2.287285216152667999e-02 3.280667588114738464e-02
2.272520400583744049e-02 3.913091868162155151e-02
2.865158393979072571e-02 6.422461569309234619e-02
2.709006145596504211e-02 4.727789014577865601e-02
2.730745263397693634e-02 4.261246323585510254e-02
2.693419344723224640e-02 4.394982755184173584e-02
2.837626822292804718e-02 4.473015293478965759e-02
2.558103576302528381e-02 4.620610922574996948e-02
2.871169708669185638e-02 4.303817078471183777e-02
2.687419205904006958e-02 4.564776271581649780e-02
2.729316987097263336e-02 4.674748331308364868e-02
2.841850742697715759e-02 4.522446170449256897e-02
2.792328037321567535e-02 4.506180807948112488e-02
2.867843024432659149e-02 4.445461183786392212e-02
2.901511639356613159e-02 4.459398612380027771e-02
2.848064154386520386e-02 4.691337794065475464e-02
2.845127880573272705e-02 4.726407304406166077e-02
2.770403213798999786e-02 4.896237328648567200e-02
2.778411284089088440e-02 4.827251285314559937e-02
2.858371660113334656e-02 4.629413038492202759e-02
2.823800966143608093e-02 4.704952985048294067e-02
2.758914418518543243e-02 4.549335315823554993e-02
2.822561748325824738e-02 4.778715968132019043e-02
2.866422384977340698e-02 4.453111812472343445e-02
2.891374751925468445e-02 4.679919034242630005e-02
2.927085384726524353e-02 4.571778699755668640e-02
2.940250188112258911e-02 4.666966572403907776e-02
2.988114394247531891e-02 4.581740126013755798e-02
2.901024185121059418e-02 4.701179638504981995e-02
2.912164479494094849e-02 4.559998959302902222e-02
2.962179109454154968e-02 4.588257521390914917e-02
2.981174364686012268e-02 4.642340540885925293e-02
2.873054146766662598e-02 4.653836041688919067e-02
2.935588359832763672e-02 4.674353823065757751e-02
2.929709665477275848e-02 4.695897549390792847e-02
3.006152436137199402e-02 4.779933393001556396e-02
3.066217899322509766e-02 4.901408404111862183e-02
2.913395687937736511e-02 4.879845678806304932e-02
2.884408645331859589e-02 4.885686933994293213e-02
2.931524254381656647e-02 4.968867078423500061e-02
2.916826121509075165e-02 4.929356276988983154e-02
2.865672856569290161e-02 4.773117974400520325e-02
3.091425262391567230e-02 4.837602004408836365e-02
3.064695186913013458e-02 4.918434843420982361e-02
2.978132478892803192e-02 4.862898588180541992e-02
2.778382226824760437e-02 4.902578890323638916e-02
2.853714488446712494e-02 5.059201270341873169e-02
2.870065532624721527e-02 4.883592203259468079e-02
2.912694588303565979e-02 5.025193840265274048e-02
2.918566390872001648e-02 5.012724921107292175e-02
3.043905645608901978e-02 4.928262904286384583e-02
3.008160181343555450e-02 5.009616911411285400e-02
2.985367178916931152e-02 4.931402578949928284e-02
2.838444523513317108e-02 4.892170801758766174e-02
2.930683642625808716e-02 4.854919761419296265e-02
2.905493229627609253e-02 4.929662868380546570e-02
2.908446267247200012e-02 4.811526462435722351e-02
2.799449488520622253e-02 4.792856425046920776e-02
2.964879013597965240e-02 4.907208681106567383e-02
3.040961734950542450e-02 4.926247894763946533e-02
3.252591565251350403e-02 5.058264732360839844e-02
2.997798658907413483e-02 4.709946736693382263e-02
3.145779669284820557e-02 4.996004700660705566e-02
3.114877827465534210e-02 4.893844202160835266e-02
3.214072808623313904e-02 4.900488257408142090e-02
2.941138856112957001e-02 4.838201776146888733e-02
2.815390937030315399e-02 4.833280295133590698e-02
2.967735007405281067e-02 5.090030655264854431e-02
2.818432077765464783e-02 4.791866987943649292e-02
2.665741555392742157e-02 4.839839413762092590e-02
2.621049061417579651e-02 4.992758482694625854e-02
2.740050479769706726e-02 4.896383360028266907e-02
2.835856005549430847e-02 5.023490637540817261e-02
2.817893028259277344e-02 5.134487152099609375e-02
2.816729247570037842e-02 5.084691569209098816e-02
3.320493176579475403e-02 5.335188284516334534e-02
2.958272024989128113e-02 4.382557049393653870e-02
3.368791192770004272e-02 4.634868726134300232e-02
3.277603536844253540e-02 4.595530033111572266e-02
3.179565072059631348e-02 4.859014600515365601e-02
3.465988114476203918e-02 5.141350999474525452e-02
3.158713504672050476e-02 5.026648193597793579e-02
2.695183269679546356e-02 5.583236366510391235e-02
2.467695809900760651e-02 3.888466954231262207e-02
2.569507062435150146e-02 4.755447804927825928e-02
2.530530653893947601e-02 3.687854856252670288e-02
3.063405677676200867e-02 4.935892671346664429e-02
2.999779209494590759e-02 4.786753281950950623e-02
3.430646285414695740e-02 5.210700631141662598e-02
2.386389113962650299e-02 3.393672406673431396e-02
2.278105914592742920e-02 4.221858829259872437e-02
2.722888626158237457e-02 4.660966247320175171e-02
3.000836633145809174e-02 5.376128852367401123e-02
3.155574575066566467e-02 4.719366505742073059e-02
3.069316968321800232e-02 4.645134508609771729e-02
3.006933070719242096e-02 4.121524840593338013e-02
3.193637728691101074e-02 4.586804658174514771e-02
3.022029064595699310e-02 4.056268185377120972e-02
2.813987433910369873e-02 4.075711220502853394e-02
2.878484688699245453e-02 4.480367526412010193e-02
3.163599595427513123e-02 4.345838725566864014e-02
3.155687451362609863e-02 4.764329642057418823e-02
3.003146313130855560e-02 4.546370357275009155e-02
2.505155280232429504e-02 5.076027661561965942e-02
2.594386599957942963e-02 4.890226945281028748e-02
2.302104979753494263e-02 4.184317961335182190e-02
2.310450375080108643e-02 4.756861180067062378e-02
2.595696412026882172e-02 4.676410555839538574e-02
2.606041729450225830e-02 4.919528588652610779e-02
2.688577026128768921e-02 5.639932304620742798e-02
2.682889625430107117e-02 5.836925655603408813e-02
2.371958829462528229e-02 6.085240840911865234e-02
2.164257317781448364e-02 4.397124424576759338e-02
2.192983217537403107e-02 3.448666632175445557e-02
2.737231552600860596e-02 5.675207078456878662e-02
2.199015766382217407e-02 4.504134505987167358e-02
2.045192569494247437e-02 4.150535911321640015e-02
2.284335903823375702e-02 4.635076969861984253e-02
2.129037119448184967e-02 3.638705611228942871e-02
2.350950241088867188e-02 4.339876770973205566e-02
2.018672600388526917e-02 4.601737111806869507e-02
2.865612879395484924e-02 4.484695196151733398e-02
2.735911123454570770e-02 4.540377110242843628e-02
2.853017486631870270e-02 4.307652264833450317e-02
2.939537912607192993e-02 4.428876191377639771e-02
2.985906600952148438e-02 4.504623636603355408e-02
3.044519387185573578e-02 4.650200158357620239e-02
2.980994805693626404e-02 4.692868515849113464e-02
3.073621913790702820e-02 4.529682546854019165e-02
2.895933762192726135e-02 4.530354589223861694e-02
2.916824631392955780e-02 4.561646655201911926e-02
2.804538793861865997e-02 4.396200180053710938e-02
2.877330593764781952e-02 4.147594422101974487e-02
2.762161940336227417e-02 4.259097948670387268e-02
2.596062794327735901e-02 4.240406677126884460e-02
2.563996240496635437e-02 4.126638919115066528e-02
2.511206082999706268e-02 3.854306042194366455e-02
2.453980594873428345e-02 4.129114001989364624e-02
2.863989770412445068e-02 5.012840777635574341e-02
2.663223631680011749e-02 4.532274976372718811e-02
2.122093737125396729e-02 3.882199525833129883e-02
2.135653607547283173e-02 4.023739695549011230e-02
2.738670632243156433e-02 4.839243739843368530e-02
2.471540123224258423e-02 4.955720156431198120e-02
2.496255189180374146e-02 4.824373871088027954e-02
2.597858011722564697e-02 4.242718219757080078e-02
2.640649862587451935e-02 3.847061097621917725e-02
2.679684013128280640e-02 3.995297849178314209e-02
2.704076468944549561e-02 4.055764526128768921e-02
2.682823874056339264e-02 3.926482796669006348e-02
2.553880773484706879e-02 3.863203898072242737e-02
2.596089802682399750e-02 3.787816688418388367e-02
2.706597745418548584e-02 3.929547965526580811e-02
2.651904523372650146e-02 3.745421022176742554e-02
2.647715806961059570e-02 3.963400423526763916e-02
2.590688318014144897e-02 4.019460082054138184e-02
2.738170139491558075e-02 4.180887714028358459e-02
2.894364669919013977e-02 4.392594844102859497e-02
2.971018105745315552e-02 4.590395465493202209e-02
2.863419055938720703e-02 4.366054385900497437e-02
2.883098088204860687e-02 4.367807134985923767e-02
2.780929952859878540e-02 4.401730000972747803e-02
2.880209870636463165e-02 4.581416025757789612e-02
2.841756120324134827e-02 4.355101287364959717e-02
2.771052159368991852e-02 4.230854660272598267e-02
2.819009870290756226e-02 4.312251135706901550e-02
2.808497846126556396e-02 4.394677281379699707e-02
2.777537144720554352e-02 4.185835272073745728e-02
2.862364239990711212e-02 4.242874681949615479e-02
2.946364693343639374e-02 4.325566813349723816e-02
3.081803768873214722e-02 4.044448584318161011e-02
2.836500108242034912e-02 4.275773465633392334e-02
2.683094888925552368e-02 4.254170507192611694e-02
2.854849025607109070e-02 4.787004366517066956e-02
2.683502621948719025e-02 4.305055737495422363e-02
1.830412261188030243e-02 3.596498072147369385e-02
2.185409516096115112e-02 3.008894622325897217e-02
3.363588824868202209e-02 4.969188198447227478e-02
2.717072330415248871e-02 4.751699790358543396e-02
3.281459212303161621e-02 5.172961950302124023e-02
2.329421415925025940e-02 2.804660797119140625e-02
2.096517011523246765e-02 3.545556589961051941e-02
2.840792201459407806e-02 6.294182687997817993e-02
2.803958021104335785e-02 4.493031650781631470e-02
2.690380997955799103e-02 4.379826039075851440e-02
2.793245762586593628e-02 4.142163693904876709e-02
2.906858548521995544e-02 4.141830652952194214e-02
2.860604599118232727e-02 4.124683141708374023e-02
2.900080010294914246e-02 3.881737589836120605e-02
2.625285089015960693e-02 4.400993138551712036e-02
2.770593576133251190e-02 4.489666968584060669e-02
2.818379551172256470e-02 4.426221176981925964e-02
2.710356563329696655e-02 4.168798774480819702e-02
2.707665972411632538e-02 4.169740527868270874e-02
2.781197242438793182e-02 4.348377138376235962e-02
2.834303304553031921e-02 4.359781742095947266e-02
2.782418206334114075e-02 4.354537278413772583e-02
2.809986285865306854e-02 4.325157776474952698e-02
2.768271043896675110e-02 4.228712618350982666e-02
2.786112204194068909e-02 4.288955777883529663e-02
2.829179540276527405e-02 4.421511292457580566e-02
2.881707623600959778e-02 4.504543915390968323e-02
2.865957468748092651e-02 4.393213242292404175e-02
2.843724749982357025e-02 4.313251003623008728e-02
2.859028801321983337e-02 4.409208148717880249e-02
2.764434367418289185e-02 4.451052844524383545e-02
2.801839634776115417e-02 4.486998170614242554e-02
2.874059043824672699e-02 4.355187714099884033e-02
2.903409674763679504e-02 4.367549717426300049e-02
2.802186086773872375e-02 4.414710775017738342e-02
2.753521874547004700e-02 4.353289306163787842e-02
2.685954049229621887e-02 4.271201044321060181e-02
2.765653282403945923e-02 4.279421642422676086e-02
2.732764184474945068e-02 4.355787485837936401e-02
2.663779258728027344e-02 4.321765154600143433e-02
2.622396126389503479e-02 4.413954541087150574e-02
2.703332155942916870e-02 4.466688632965087891e-02
2.713670954108238220e-02 4.532533511519432068e-02
2.437885850667953491e-02 4.570680111646652222e-02
2.557317540049552917e-02 4.388488084077835083e-02
2.715484611690044403e-02 4.454027488827705383e-02
2.811062522232532501e-02 4.360368102788925171e-02
2.560806646943092346e-02 4.241098836064338684e-02
2.472523599863052368e-02 3.983280062675476074e-02
2.455224469304084778e-02 4.055943712592124939e-02
2.692635357379913330e-02 4.151339456439018250e-02
2.656215988099575043e-02 3.967984765768051147e-02
2.408864349126815796e-02 3.646126389503479004e-02
2.352211810648441315e-02 3.411978110671043396e-02
2.601660229265689850e-02 3.700056672096252441e-02
2.494932338595390320e-02 3.566963225603103638e-02
2.611324563622474670e-02 3.658755123615264893e-02
2.530406042933464050e-02 3.597924858331680298e-02
2.514091692864894867e-02 3.497530519962310791e-02
2.359401248395442963e-02 3.426405787467956543e-02
2.731683105230331421e-02 3.611430525779724121e-02
2.818459831178188324e-02 4.062475636601448059e-02
2.476551383733749390e-02 3.887575119733810425e-02
2.887294068932533264e-02 3.780264034867286682e-02
2.256751433014869690e-02 3.245338797569274902e-02
2.268401905894279480e-02 3.337890654802322388e-02
2.079542353749275208e-02 2.976123057305812836e-02
2.514105290174484253e-02 3.521678596735000610e-02
2.674557641148567200e-02 3.991223126649856567e-02
2.707406878471374512e-02 4.184587672352790833e-02
2.256730571389198303e-02 3.891934454441070557e-02
2.178674936294555664e-02 4.207070544362068176e-02
2.229521982371807098e-02 4.258744418621063232e-02
2.223753742873668671e-02 5.418267846107482910e-02
1.821408420801162720e-02 4.284067451953887939e-02
1.514325104653835297e-02 2.095446363091468811e-02
1.204053312540054321e-02 1.698299869894981384e-02
2.899969369173049927e-02 4.224336892366409302e-02
2.810060605406761169e-02 4.082696884870529175e-02
3.059968538582324982e-02 4.415573552250862122e-02
2.104851789772510529e-02 2.478196285665035248e-02
2.081938460469245911e-02 3.335091471672058105e-02
2.697296813130378723e-02 5.691989511251449585e-02
2.889452502131462097e-02 5.070999637246131897e-02
2.756771445274353027e-02 4.005470499396324158e-02
2.714260667562484741e-02 3.765970841050148010e-02
2.752483449876308441e-02 3.765887022018432617e-02
2.783713489770889282e-02 3.926596045494079590e-02
2.705454453825950623e-02 3.710154443979263306e-02
2.492999285459518433e-02 3.869868442416191101e-02
2.639560773968696594e-02 4.028376564383506775e-02
2.704887464642524719e-02 3.767783194780349731e-02
2.751666121184825897e-02 4.137597233057022095e-02
2.849840745329856873e-02 4.287463426589965820e-02
2.802989259362220764e-02 4.177401214838027954e-02
2.891268953680992126e-02 4.239017143845558167e-02
2.835883013904094696e-02 4.187611490488052368e-02
2.882926538586616516e-02 4.317330196499824524e-02
2.828779630362987518e-02 4.129258170723915100e-02
2.845692262053489685e-02 4.286775365471839905e-02
2.568282186985015869e-02 3.860043361783027649e-02
2.986039780080318451e-02 4.285444319248199463e-02
2.847540192306041718e-02 4.174641519784927368e-02
2.959918417036533356e-02 4.112626612186431885e-02
2.957237511873245239e-02 4.189205914735794067e-02
2.824093215167522430e-02 4.079654812812805176e-02
2.822855301201343536e-02 4.162064939737319946e-02
2.882363833487033844e-02 4.414075240492820740e-02
3.018487989902496338e-02 4.863261431455612183e-02
3.419822081923484802e-02 4.697681963443756104e-02
2.975099720060825348e-02 4.373979195952415466e-02
3.117579966783523560e-02 4.034644365310668945e-02
2.943177521228790283e-02 4.025622457265853882e-02
2.976561151444911957e-02 4.026425629854202271e-02
2.973614633083343506e-02 3.998376429080963135e-02
2.954834885895252228e-02 4.014693945646286011e-02
2.867404744029045105e-02 3.956922143697738647e-02
2.898993901908397675e-02 4.047750309109687805e-02
2.905796840786933899e-02 4.164230078458786011e-02
3.195897489786148071e-02 4.435300081968307495e-02
3.166459128260612488e-02 4.348485171794891357e-02
3.171643242239952087e-02 4.250678047537803650e-02
2.981479652225971222e-02 4.241278767585754395e-02
2.993219159543514252e-02 4.373578354716300964e-02
3.063665516674518585e-02 4.246515780687332153e-02
3.033837676048278809e-02 4.295482859015464783e-02
3.134981915354728699e-02 4.207375273108482361e-02
3.034480288624763489e-02 4.527888819575309753e-02
2.964604273438453674e-02 4.322340711951255798e-02
2.852390520274639130e-02 4.058831185102462769e-02
2.908047474920749664e-02 4.149059951305389404e-02
3.002101555466651917e-02 4.235985130071640015e-02
3.028493560850620270e-02 4.184084385633468628e-02
2.983472868800163269e-02 4.247248917818069458e-02
3.076330572366714478e-02 4.429823905229568481e-02
3.027190454304218292e-02 4.455129057168960571e-02
2.934596687555313110e-02 4.144384711980819702e-02
2.991686947643756866e-02 4.365586489439010620e-02
2.961131557822227478e-02 4.286943376064300537e-02
2.903352305293083191e-02 4.109897464513778687e-02
2.997589297592639923e-02 4.269450157880783081e-02
3.035875782370567322e-02 4.359520971775054932e-02
3.188186138868331909e-02 4.595825821161270142e-02
3.138028085231781006e-02 4.781195148825645447e-02
2.947544492781162262e-02 4.490824788808822632e-02
3.045896813273429871e-02 4.719514027237892151e-02
3.184496238827705383e-02 4.696998372673988342e-02
2.995941229164600372e-02 4.620077461004257202e-02
2.911106683313846588e-02 4.458134248852729797e-02
2.833961509168148041e-02 4.315391927957534790e-02
2.851714380085468292e-02 4.363553971052169800e-02
2.841414511203765869e-02 4.353817552328109741e-02
2.942864224314689636e-02 4.439792409539222717e-02
2.921990677714347839e-02 4.433761537075042725e-02
3.036430850625038147e-02 4.444448277354240417e-02
2.889501675963401794e-02 4.441155120730400085e-02
2.444321103394031525e-02 3.750388696789741516e-02
2.863623388111591339e-02 4.075748473405838013e-02
2.710332721471786499e-02 3.718958795070648193e-02
3.018508851528167725e-02 4.063538461923599243e-02
2.952570468187332153e-02 4.015118628740310669e-02
2.842044085264205933e-02 4.346879199147224426e-02
2.694689296185970306e-02 3.772738575935363770e-02
2.530958876013755798e-02 4.178349301218986511e-02
1.928176730871200562e-02 4.422857612371444702e-02
2.649508789181709290e-02 4.640950262546539307e-02
2.051272243261337280e-02 3.402527421712875366e-02
1.678732782602310181e-02 2.485694363713264465e-02
2.904590219259262085e-02 4.180418699979782104e-02
3.293338045477867126e-02 4.878509417176246643e-02
3.078445978462696075e-02 4.169045016169548035e-02
2.079525589942932129e-02 2.278472296893596649e-02
2.115423418581485748e-02 3.783484548330307007e-02
2.605551481246948242e-02 4.803138598799705505e-02
3.070096112787723541e-02 5.130881443619728088e-02
3.085568733513355255e-02 4.925506561994552612e-02
3.022700920701026917e-02 4.417863488197326660e-02
3.291970863938331604e-02 4.852639511227607727e-02
3.352339938282966614e-02 5.069025978446006775e-02
2.842747606337070465e-02 4.235672205686569214e-02
2.977425418794155121e-02 4.896488785743713379e-02
2.704516798257827759e-02 4.929463565349578857e-02
2.790845744311809540e-02 5.001094564795494080e-02
2.923430874943733215e-02 5.130847543478012085e-02
3.064072690904140472e-02 4.847217351198196411e-02
2.649266645312309265e-02 4.198966175317764282e-02
2.542269229888916016e-02 4.154556244611740112e-02
3.094192594289779663e-02 4.552563652396202087e-02
3.012104518711566925e-02 4.428946226835250854e-02
3.176220878958702087e-02 4.578949511051177979e-02
3.207104280591011047e-02 4.561391100287437439e-02
2.862373925745487213e-02 4.358734935522079468e-02
3.000472672283649445e-02 4.761922731995582581e-02
2.845154516398906708e-02 4.640194028615951538e-02
2.695073187351226807e-02 4.712618514895439148e-02
2.649588137865066528e-02 4.468292370438575745e-02
2.910546027123928070e-02 4.391898214817047119e-02
2.835423313081264496e-02 4.528586938977241516e-02
3.060317784547805786e-02 5.074509605765342712e-02
3.166272491216659546e-02 4.915158078074455261e-02
3.291341289877891541e-02 4.493333026766777039e-02
3.105592355132102966e-02 4.208792001008987427e-02
3.278703242540359497e-02 4.676947742700576782e-02
2.762061916291713715e-02 4.050133377313613892e-02
2.714819833636283875e-02 4.483781009912490845e-02
2.841784805059432983e-02 4.521741718053817749e-02
2.857182361185550690e-02 4.931326955556869507e-02
3.157821297645568848e-02 5.238232761621475220e-02
3.232570737600326538e-02 4.660996049642562866e-02
3.232260793447494507e-02 5.383127182722091675e-02
3.355719894170761108e-02 5.700402706861495972e-02
3.166268765926361084e-02 5.280441045761108398e-02
3.082105144858360291e-02 5.513784289360046387e-02
2.826646529138088226e-02 5.742815881967544556e-02
2.774958498775959015e-02 5.050843954086303711e-02
2.616925165057182312e-02 4.901853203773498535e-02
2.822601422667503357e-02 5.575639382004737854e-02
2.652154490351676941e-02 5.089854449033737183e-02
2.817230671644210815e-02 5.023060739040374756e-02
2.350533753633499146e-02 3.809560835361480713e-02
2.836035937070846558e-02 5.441009998321533203e-02
3.015929833054542542e-02 5.416651815176010132e-02
3.033206798136234283e-02 5.317866057157516479e-02
3.108018077909946442e-02 5.478524044156074524e-02
2.943773381412029266e-02 5.311573296785354614e-02
3.368148207664489746e-02 5.530690401792526245e-02
3.044357895851135254e-02 5.009871721267700195e-02
3.349303454160690308e-02 5.485374107956886292e-02
3.251928091049194336e-02 5.252314358949661255e-02
2.868950553238391876e-02 4.841314256191253662e-02
3.094467893242835999e-02 5.566285178065299988e-02
3.061984293162822723e-02 5.703577399253845215e-02
2.822332642972469330e-02 5.375013127923011780e-02
2.817296609282493591e-02 5.305055528879165649e-02
2.789725549519062042e-02 5.513248220086097717e-02
2.910660952329635620e-02 5.347687378525733948e-02
2.839765883982181549e-02 5.466483533382415771e-02
2.650977484881877899e-02 4.853739216923713684e-02
3.049748763442039490e-02 5.671453103423118591e-02
3.015398979187011719e-02 5.556974560022354126e-02
2.608771249651908875e-02 4.768314585089683533e-02
2.510677464306354523e-02 4.688267037272453308e-02
2.552827075123786926e-02 4.747036471962928772e-02
3.049959056079387665e-02 5.204482004046440125e-02
2.694007381796836853e-02 4.915365576744079590e-02
3.373235091567039490e-02 5.511971190571784973e-02
3.197583928704261780e-02 5.363254249095916748e-02
2.841479517519474030e-02 5.074556544423103333e-02
2.941939234733581543e-02 5.106334388256072998e-02
2.902976050972938538e-02 4.970242828130722046e-02
2.599582076072692871e-02 4.571015015244483948e-02
3.021774254739284515e-02 4.912982881069183350e-02
2.831283397972583771e-02 4.884705692529678345e-02
3.268584609031677246e-02 4.539937153458595276e-02
2.720012702047824860e-02 4.781291633844375610e-02
2.544007077813148499e-02 4.593965038657188416e-02
2.861991897225379944e-02 5.414674431085586548e-02
2.814210578799247742e-02 5.331765487790107727e-02
2.031552977859973907e-02 3.534073382616043091e-02
2.665855921804904938e-02 4.320423305034637451e-02
2.809640578925609589e-02 4.555973410606384277e-02
2.874114178121089935e-02 4.756749421358108521e-02
2.924433164298534393e-02 4.781649261713027954e-02
2.231681533157825470e-02 3.357597440481185913e-02
2.226439304649829865e-02 4.106229543685913086e-02
2.179401740431785583e-02 2.857943437993526459e-02
2.637959644198417664e-02 4.919224977493286133e-02
2.894347347319126129e-02 4.691420495510101318e-02
2.992613799870014191e-02 4.749789834022521973e-02
2.718205563724040985e-02 4.249065369367599487e-02
2.926862053573131561e-02 4.916593432426452637e-02
2.650784514844417572e-02 4.514988511800765991e-02
2.564342692494392395e-02 4.448788240551948547e-02
2.679767832159996033e-02 4.683082923293113708e-02
2.535631135106086731e-02 4.709251224994659424e-02
2.485901676118373871e-02 4.782183095812797546e-02
2.514690533280372620e-02 4.863170161843299866e-02
2.558040618896484375e-02 4.950788617134094238e-02
2.485309913754463196e-02 4.741137847304344177e-02
2.587422728538513184e-02 4.838584735989570618e-02
2.657037228345870972e-02 4.720439016819000244e-02
2.768049761652946472e-02 4.768513143062591553e-02
2.664619684219360352e-02 4.721378535032272339e-02
2.918726205825805664e-02 5.099413543939590454e-02
2.802557498216629028e-02 4.961637780070304871e-02
2.888626046478748322e-02 5.024196952581405640e-02
2.904967591166496277e-02 5.000250786542892456e-02
3.103085421025753021e-02 5.054856091737747192e-02
2.994145825505256653e-02 5.110247433185577393e-02
2.967227809131145477e-02 5.007688701152801514e-02
3.176795691251754761e-02 5.220542103052139282e-02
2.981108054518699646e-02 4.995525628328323364e-02
3.200300782918930054e-02 5.259063839912414551e-02
3.341471403837203979e-02 5.502687394618988037e-02
3.219136223196983337e-02 5.375535413622856140e-02
3.114337287843227386e-02 5.291236937046051025e-02
2.919013611972332001e-02 5.294417217373847961e-02
3.043493255972862244e-02 5.189007520675659180e-02
2.909869328141212463e-02 5.133681371808052063e-02
2.794536203145980835e-02 5.164889246225357056e-02
2.838165499269962311e-02 4.888609424233436584e-02
3.029613941907882690e-02 5.102899670600891113e-02
3.170143440365791321e-02 5.325002595782279968e-02
3.159558773040771484e-02 5.109283700585365295e-02
3.086929954588413239e-02 5.179679393768310547e-02
3.081816248595714569e-02 4.918000102043151855e-02
3.012567758560180664e-02 5.105309933423995972e-02
2.839476987719535828e-02 4.911765828728675842e-02
2.778730355203151703e-02 4.962442815303802490e-02
2.906941063702106476e-02 5.052483081817626953e-02
2.996452338993549347e-02 5.328883603215217590e-02
3.112460114061832428e-02 5.247313156723976135e-02
3.035885654389858246e-02 5.095618963241577148e-02
3.090791776776313782e-02 5.040568485856056213e-02
3.060613013803958893e-02 5.065200477838516235e-02
2.901703491806983948e-02 4.970343410968780518e-02
2.852330915629863739e-02 4.847948253154754639e-02
2.797997929155826569e-02 4.936113953590393066e-02
2.797673642635345459e-02 4.986312240362167358e-02
2.779486589133739471e-02 4.918538033962249756e-02
2.937293052673339844e-02 5.110967531800270081e-02
3.011533617973327637e-02 5.178886651992797852e-02
2.990019135177135468e-02 5.045648291707038879e-02
2.927276492118835449e-02 4.934730380773544312e-02
2.953867055475711823e-02 4.814354330301284790e-02
2.674079872667789459e-02 4.932839423418045044e-02
2.761140465736389160e-02 4.990863054990768433e-02
2.776272222399711609e-02 5.083467811346054077e-02
2.670624852180480957e-02 4.935289174318313599e-02
2.785506844520568848e-02 4.984271526336669922e-02
2.639865130186080933e-02 5.048105493187904358e-02
2.650139480829238892e-02 5.012932047247886658e-02
2.763806842267513275e-02 4.940656200051307678e-02
2.695622295141220093e-02 4.999177902936935425e-02
2.722600847482681274e-02 4.950803518295288086e-02
2.825976721942424774e-02 5.002227053046226501e-02
2.685558237135410309e-02 5.029924958944320679e-02
2.921381406486034393e-02 4.797907918691635132e-02
2.648014388978481293e-02 4.648352414369583130e-02
2.901610173285007477e-02 4.550835490226745605e-02
2.663411386311054230e-02 4.634149372577667236e-02
2.698307856917381287e-02 4.916740581393241882e-02
2.351478114724159241e-02 4.694970697164535522e-02
3.284894302487373352e-02 4.892210289835929871e-02
1.957213878631591797e-02 4.041446745395660400e-02
2.078950032591819763e-02 3.632801771163940430e-02
3.002656251192092896e-02 5.196341127157211304e-02
3.046669811010360718e-02 5.124212056398391724e-02
3.008800931274890900e-02 5.204067006707191467e-02
1.724713854491710663e-02 3.169767186045646667e-02
1.920099556446075439e-02 4.017587751150131226e-02
2.303810790181159973e-02 4.350767284631729126e-02
2.321357838809490204e-02 4.697053879499435425e-02
2.665570564568042755e-02 5.328023061156272888e-02
2.476551383733749390e-02 5.052492022514343262e-02
2.979980595409870148e-02 4.887415096163749695e-02
2.557817474007606506e-02 5.275946855545043945e-02
2.264513075351715088e-02 4.254046455025672913e-02
2.394045144319534302e-02 4.343833774328231812e-02
3.079868853092193604e-02 4.649345576763153076e-02
3.000335954129695892e-02 4.462696611881256104e-02
3.200272843241691589e-02 4.958460852503776550e-02
3.151201084256172180e-02 5.366641283035278320e-02
2.793370373547077179e-02 5.129091441631317139e-02
3.007528744637966156e-02 4.506479576230049133e-02
2.786378562450408936e-02 4.286949709057807922e-02
2.856202982366085052e-02 4.841571673750877380e-02
2.806923165917396545e-02 4.519649222493171692e-02
2.355372533202171326e-02 4.014190286397933960e-02
2.780793048441410065e-02 4.966273903846740723e-02
2.831120416522026062e-02 5.121695622801780701e-02
3.047624975442886353e-02 5.082318186759948730e-02
3.091282397508621216e-02 5.095428973436355591e-02
1.969709061086177826e-02 3.365912288427352905e-02
2.962258458137512207e-02 5.222123861312866211e-02
1.831926777958869934e-02 3.159657493233680725e-02
2.847008034586906433e-02 5.261985957622528076e-02
2.833899110555648804e-02 5.047464743256568909e-02
3.012032434344291687e-02 5.081748962402343750e-02
2.803911827504634857e-02 4.995831474661827087e-02
2.660831995308399200e-02 4.838596284389495850e-02
2.375130727887153625e-02 4.383154958486557007e-02
2.511820942163467407e-02 4.870482906699180603e-02
2.903394214808940887e-02 5.444257706403732300e-02
2.911118045449256897e-02 5.514563620090484619e-02
3.157885000109672546e-02 5.438988283276557922e-02
3.208649531006813049e-02 5.323985964059829712e-02
3.226540237665176392e-02 5.336583405733108521e-02
3.180298954248428345e-02 5.272037535905838013e-02
3.139705583453178406e-02 5.172958970069885254e-02
2.904994599521160126e-02 5.084776878356933594e-02
2.888057194650173187e-02 5.173446610569953918e-02
2.757061459124088287e-02 5.009328573942184448e-02
2.940300665795803070e-02 5.055048316717147827e-02
2.901604026556015015e-02 5.151624232530593872e-02
3.007387556135654449e-02 5.229966714978218079e-02
3.020738996565341949e-02 5.282860249280929565e-02
3.080600686371326447e-02 5.406046658754348755e-02
3.083522059023380280e-02 5.459459498524665833e-02
3.088232129812240601e-02 5.561289936304092407e-02
3.091307356953620911e-02 5.531298369169235229e-02
3.115346841514110565e-02 5.434793978929519653e-02
3.259038925170898438e-02 5.419843643903732300e-02
3.252340480685234070e-02 5.434155464172363281e-02
3.277297690510749817e-02 5.489814281463623047e-02
3.308342024683952332e-02 5.391352251172065735e-02
3.230784833431243896e-02 5.254879593849182129e-02
3.220340609550476074e-02 5.277580767869949341e-02
3.263499587774276733e-02 5.355864390730857849e-02
3.321218863129615784e-02 5.463404953479766846e-02
3.270369023084640503e-02 5.354801565408706665e-02
3.320166096091270447e-02 5.328212678432464600e-02
3.316749259829521179e-02 5.514931306242942810e-02
3.267050161957740784e-02 5.424070730805397034e-02
3.185010701417922974e-02 5.261787027120590210e-02
3.085177950561046600e-02 5.108704417943954468e-02
3.071586415171623230e-02 5.045853182673454285e-02
3.110649064183235168e-02 5.149222537875175476e-02
3.105877712368965149e-02 5.260414630174636841e-02
3.132250532507896423e-02 5.185784399509429932e-02
3.253992274403572083e-02 5.223013460636138916e-02
3.289585560560226440e-02 5.157944932579994202e-02
3.119343891739845276e-02 5.117281526327133179e-02
2.997409366071224213e-02 5.049449950456619263e-02
3.057751432061195374e-02 5.021128803491592407e-02
2.792648226022720337e-02 4.830351471900939941e-02
2.717418037354946136e-02 4.776629433035850525e-02
2.641789801418781281e-02 4.658744484186172485e-02
2.611417137086391449e-02 4.651869833469390869e-02
2.691270038485527039e-02 4.660918563604354858e-02
2.702634967863559723e-02 4.671783000230789185e-02
2.701976336538791656e-02 4.649510607123374939e-02
2.499676868319511414e-02 4.465632885694503784e-02
2.678410336375236511e-02 4.895678162574768066e-02
2.862850390374660492e-02 4.973951727151870728e-02
2.785351313650608063e-02 4.894542694091796875e-02
2.690278366208076477e-02 4.890025034546852112e-02
2.757455036044120789e-02 4.631699994206428528e-02
2.994150482118129730e-02 5.253952369093894958e-02
2.713713236153125763e-02 4.699223116040229797e-02
2.549269236624240875e-02 4.176227375864982605e-02
2.546328678727149963e-02 4.274396598339080811e-02
2.701451629400253296e-02 4.409313574433326721e-02
2.888801507651805878e-02 5.194317176938056946e-02
2.640584111213684082e-02 4.610621556639671326e-02
2.004990912973880768e-02 3.515553101897239685e-02
2.552673406898975372e-02 4.912366345524787903e-02
2.096442505717277527e-02 3.748076409101486206e-02
2.083481475710868835e-02 3.981456905603408813e-02
2.406561002135276794e-02 4.900936409831047058e-02
2.348537370562553406e-02 4.749779030680656433e-02
2.613404579460620880e-02 4.992625117301940918e-02
2.597051858901977539e-02 5.135381966829299927e-02
2.630923129618167877e-02 4.986549913883209229e-02
2.764449641108512878e-02 4.498289898037910461e-02
2.693260647356510162e-02 4.399608075618743896e-02
2.605352923274040222e-02 4.464636743068695068e-02
2.205426804721355438e-02 4.892376810312271118e-02
2.245515957474708557e-02 5.008892342448234558e-02
2.537581697106361389e-02 4.922255128622055054e-02
2.433053776621818542e-02 4.215212911367416382e-02
2.636850811541080475e-02 4.593241959810256958e-02
3.121582604944705963e-02 5.282374098896980286e-02
2.916292659938335419e-02 5.133811384439468384e-02
2.775072678923606873e-02 5.118975043296813965e-02
2.894477173686027527e-02 5.114328861236572266e-02
2.364759519696235657e-02 3.867246210575103760e-02
3.024589084088802338e-02 4.669448733329772949e-02
2.857385762035846710e-02 4.435840249061584473e-02
2.519259415566921234e-02 4.179849103093147278e-02
2.681905403733253479e-02 4.500390961766242981e-02
3.066888265311717987e-02 4.543498903512954712e-02
2.790744230151176453e-02 4.550615698099136353e-02
2.892074920237064362e-02 4.900336265563964844e-02
2.840952575206756592e-02 5.038007348775863647e-02
3.056800551712512970e-02 4.979731142520904541e-02
2.609508484601974487e-02 4.359393939375877380e-02
2.323268353939056396e-02 3.392687067389488220e-02
3.260811045765876770e-02 5.289247632026672363e-02
2.972777001559734344e-02 4.958203434944152832e-02
3.142266348004341125e-02 5.226037278771400452e-02
2.307794615626335144e-02 3.287637606263160706e-02
2.430235408246517181e-02 4.333106428384780884e-02
2.930072695016860962e-02 5.139218270778656006e-02
3.067049197852611542e-02 5.458938330411911011e-02
2.708696387708187103e-02 4.684499278664588928e-02
2.959185838699340820e-02 4.584570974111557007e-02
2.842879481613636017e-02 4.027296602725982666e-02
2.724000811576843262e-02 4.452061280608177185e-02
2.298397943377494812e-02 3.988019004464149475e-02
2.804811298847198486e-02 4.253786429762840271e-02
2.987363934516906738e-02 5.053964257240295410e-02
2.557882666587829590e-02 4.437429085373878479e-02
2.098250761628150940e-02 3.794281557202339172e-02
2.066536433994770050e-02 3.897210210561752319e-02
2.471402473747730255e-02 3.957627713680267334e-02
2.380211465060710907e-02 4.192830622196197510e-02
2.206432446837425232e-02 3.329493850469589233e-02
1.840629242360591888e-02 3.062807396054267883e-02
2.423523180186748505e-02 3.677710518240928650e-02
2.527868375182151794e-02 4.266116023063659668e-02
2.675299718976020813e-02 4.300861060619354248e-02
2.796007879078388214e-02 4.562540352344512939e-02
2.545635402202606201e-02 4.480967298150062561e-02
2.815397270023822784e-02 4.674233868718147278e-02
2.787578850984573364e-02 4.948911070823669434e-02
2.925215475261211395e-02 4.903436079621315002e-02
2.771728485822677612e-02 4.913223534822463989e-02
2.541366964578628540e-02 4.887932166457176208e-02
2.715568430721759796e-02 4.843849688768386841e-02
2.651202678680419922e-02 4.450723156332969666e-02
2.855637297034263611e-02 4.736756533384323120e-02
2.573308348655700684e-02 5.007361620664596558e-02
2.604323625564575195e-02 4.741583019495010376e-02
2.475182339549064636e-02 4.778219759464263916e-02
