3.256443887948989868e-02 2.713853120803833008e-02
3.190131112933158875e-02 2.511334419250488281e-02
3.167911618947982788e-02 2.614303305745124817e-02
3.171650320291519165e-02 2.468420937657356262e-02
3.328748792409896851e-02 2.430549822747707367e-02
3.301645070314407349e-02 2.441533468663692474e-02
3.265713900327682495e-02 2.450958639383316040e-02
3.423226997256278992e-02 2.448821812868118286e-02
3.374352678656578064e-02 2.400756813585758209e-02
3.311918675899505615e-02 2.436422742903232574e-02
3.360944986343383789e-02 2.493764646351337433e-02
3.390252217650413513e-02 2.568612992763519287e-02
3.399686142802238464e-02 2.585724927484989166e-02
3.413287177681922913e-02 2.636777423322200775e-02
3.504614159464836121e-02 2.599759772419929504e-02
3.383924067020416260e-02 2.753593958914279938e-02
3.314984589815139771e-02 2.701309323310852051e-02
3.349503874778747559e-02 2.650115080177783966e-02
3.431371599435806274e-02 2.530219405889511108e-02
3.464769199490547180e-02 2.705456875264644623e-02
3.403667360544204712e-02 2.597693167626857758e-02
3.316736593842506409e-02 2.448029443621635437e-02
3.269572556018829346e-02 2.477339655160903931e-02
3.233329951763153076e-02 2.946641668677330017e-02
3.161254525184631348e-02 3.297111392021179199e-02
3.132774308323860168e-02 2.946639247238636017e-02
3.309915959835052490e-02 2.873098105192184448e-02
3.279620409011840820e-02 2.787556126713752747e-02
3.432822600007057190e-02 3.023088164627552032e-02
3.338929638266563416e-02 2.915200963616371155e-02
3.381217643618583679e-02 3.057784587144851685e-02
3.460926562547683716e-02 2.845602296292781830e-02
3.400867059826850891e-02 3.076403960585594177e-02
3.331936150789260864e-02 2.905773557722568512e-02
2.927730605006217957e-02 2.489824220538139343e-02
2.798940613865852356e-02 2.157608978450298309e-02
3.133399039506912231e-02 2.596390806138515472e-02
3.168557211756706238e-02 2.435566112399101257e-02
2.715564519166946411e-02 2.179051935672760010e-02
2.713878639042377472e-02 2.217703685164451599e-02
3.096929006278514862e-02 2.739529125392436981e-02
3.180051967501640320e-02 2.900399640202522278e-02
3.139464557170867920e-02 2.718838490545749664e-02
3.246548399329185486e-02 2.976924180984497070e-02
3.236703202128410339e-02 2.729395218193531036e-02
3.192199766635894775e-02 2.531120553612709045e-02
3.314589336514472961e-02 2.492096647620201111e-02
3.434435650706291199e-02 2.563603222370147705e-02
3.452698141336441040e-02 2.675088308751583099e-02
3.433538228273391724e-02 2.818226441740989685e-02
3.486051037907600403e-02 2.970408275723457336e-02
3.450905904173851013e-02 2.979337610304355621e-02
3.472141921520233154e-02 3.219161182641983032e-02
3.598143160343170166e-02 2.805482223629951477e-02
3.447479754686355591e-02 3.262569382786750793e-02
3.564865887165069580e-02 3.026021458208560944e-02
3.492353111505508423e-02 3.564174473285675049e-02
3.526002913713455200e-02 3.513130545616149902e-02
3.255919367074966431e-02 3.398583084344863892e-02
3.255142644047737122e-02 2.909295260906219482e-02
3.220055997371673584e-02 3.009640052914619446e-02
3.052578121423721313e-02 2.738041616976261139e-02
2.865716442465782166e-02 2.913284488022327423e-02
3.019387461245059967e-02 3.372288122773170471e-02
3.043078072369098663e-02 3.491096198558807373e-02
3.135717287659645081e-02 3.337096795439720154e-02
3.366612643003463745e-02 4.056349024176597595e-02
3.536038100719451904e-02 3.858751431107521057e-02
3.415058180689811707e-02 4.123518615961074829e-02
3.397344425320625305e-02 3.808087483048439026e-02
3.397824615240097046e-02 3.864584490656852722e-02
3.348539769649505615e-02 3.659014403820037842e-02
2.871395647525787354e-02 3.225333243608474731e-02
3.288070112466812134e-02 3.412918373942375183e-02
3.254261612892150879e-02 3.081693314015865326e-02
3.498098999261856079e-02 3.052820637822151184e-02
3.434886783361434937e-02 2.914087846875190735e-02
3.017337620258331299e-02 2.718063816428184509e-02
3.176056221127510071e-02 2.852982655167579651e-02
2.959178015589714050e-02 2.894283272325992584e-02
2.837568335235118866e-02 2.769896946847438812e-02
3.075125068426132202e-02 2.939567714929580688e-02
2.877465263009071350e-02 3.005074709653854370e-02
2.809593454003334045e-02 2.818568795919418335e-02
2.845478430390357971e-02 2.845898643136024475e-02
2.870422787964344025e-02 2.843550220131874084e-02
2.862177416682243347e-02 2.939259819686412811e-02
2.770443819463253021e-02 2.873119339346885681e-02
2.833643928170204163e-02 2.814530581235885620e-02
2.515932358801364899e-02 2.517719753086566925e-02
2.481477148830890656e-02 1.992724463343620300e-02
2.364036440849304199e-02 1.660562306642532349e-02
2.358821220695972443e-02 1.851677708327770233e-02
2.526423335075378418e-02 2.108021453022956848e-02
2.478981576859951019e-02 2.251064404845237732e-02
2.456779219210147858e-02 2.308429218828678131e-02
2.559866383671760559e-02 2.859713323414325714e-02
2.630572207272052765e-02 2.863470092415809631e-02
2.540658786892890930e-02 3.014272078871726990e-02
2.565776556730270386e-02 2.943990938365459442e-02
2.655328810214996338e-02 2.991317026317119598e-02
2.759801410138607025e-02 3.226722031831741333e-02
2.660699561238288879e-02 3.480722755193710327e-02
2.574812993407249451e-02 3.454765304923057556e-02
2.558064647018909454e-02 3.514268249273300171e-02
2.435403317213058472e-02 3.212367743253707886e-02
2.512131817638874054e-02 3.038601577281951904e-02
2.684039250016212463e-02 3.221055492758750916e-02
2.932563051581382751e-02 3.746201470494270325e-02
2.839933708310127258e-02 3.425657376646995544e-02
2.937057428061962128e-02 3.479400277137756348e-02
3.204517066478729248e-02 3.702636808156967163e-02
3.118657693266868591e-02 3.490896895527839661e-02
3.202820569276809692e-02 3.668443858623504639e-02
3.028638847172260284e-02 2.981035411357879639e-02
3.207320347428321838e-02 3.146155923604965210e-02
3.119022957980632782e-02 3.081397339701652527e-02
3.426519781351089478e-02 2.879405021667480469e-02
3.310658410191535950e-02 3.288765624165534973e-02
3.498400747776031494e-02 3.521347045898437500e-02
3.460923209786415100e-02 3.068813495337963104e-02
3.589441627264022827e-02 3.087275288999080658e-02
3.516190499067306519e-02 2.918620966374874115e-02
3.607807680964469910e-02 2.902286127209663391e-02
3.370017185807228088e-02 2.890261635184288025e-02
3.275163471698760986e-02 2.938165329396724701e-02
3.272501751780509949e-02 3.156288713216781616e-02
3.244516998529434204e-02 3.048119693994522095e-02
3.599550947546958923e-02 2.617607079446315765e-02
3.473450988531112671e-02 2.940006181597709656e-02
2.812978066504001617e-02 2.387480624020099640e-02
3.018639609217643738e-02 2.663846127688884735e-02
3.248018771409988403e-02 2.855008281767368317e-02
3.170887380838394165e-02 2.671470493078231812e-02
3.186700493097305298e-02 2.859219349920749664e-02
3.387539461255073547e-02 3.117311745882034302e-02
3.358776494860649109e-02 2.837042137980461121e-02
3.389217704534530640e-02 3.047902137041091919e-02
3.025680035352706909e-02 2.743331529200077057e-02
2.928892709314823151e-02 2.837065979838371277e-02
3.076891973614692688e-02 2.965553477406501770e-02
3.125955164432525635e-02 3.252432867884635925e-02
3.384731337428092957e-02 3.708013892173767090e-02
3.349647298455238342e-02 3.774042055010795593e-02
3.419181704521179199e-02 3.767581656575202942e-02
3.308911621570587158e-02 3.592256084084510803e-02
3.104040771722793579e-02 3.373573347926139832e-02
3.122474066913127899e-02 3.312588483095169067e-02
3.165576979517936707e-02 3.667171299457550049e-02
3.126989677548408508e-02 3.577539324760437012e-02
3.084530122578144073e-02 3.418906405568122864e-02
2.902365662157535553e-02 2.689069136977195740e-02
3.360372036695480347e-02 3.244858235120773315e-02
3.450911119580268860e-02 3.183880820870399475e-02
3.188471868634223938e-02 3.148495033383369446e-02
3.206036239862442017e-02 3.013782016932964325e-02
3.398744016885757446e-02 3.026018664240837097e-02
3.332448378205299377e-02 2.720187231898307800e-02
3.350616618990898132e-02 2.600855752825737000e-02
3.033666312694549561e-02 2.672074362635612488e-02
3.224758803844451904e-02 2.561544440686702728e-02
3.530653566122055054e-02 3.116190060973167419e-02
3.540432453155517578e-02 3.081382811069488525e-02
3.569518774747848511e-02 2.706866152584552765e-02
3.404242917895317078e-02 2.578178420662879944e-02
3.291605785489082336e-02 2.619631960988044739e-02
3.184400126338005066e-02 2.481874637305736542e-02
3.259980306029319763e-02 2.731786668300628662e-02
3.152491897344589233e-02 2.830886282026767731e-02
3.085664659738540649e-02 2.517797052860260010e-02
2.940085157752037048e-02 2.241210639476776123e-02
2.789389900863170624e-02 2.034227177500724792e-02
2.626294270157814026e-02 2.128786966204643250e-02
2.731966227293014526e-02 2.432654052972793579e-02
2.686335891485214233e-02 2.117380872368812561e-02
2.755557186901569366e-02 2.034827880561351776e-02
2.623861841857433319e-02 2.195110358297824860e-02
2.719603478908538818e-02 2.336591295897960663e-02
2.443783171474933624e-02 2.083639614284038544e-02
2.767193317413330078e-02 2.210546657443046570e-02
2.874412015080451965e-02 2.549464255571365356e-02
2.692396938800811768e-02 2.471547573804855347e-02
2.744747139513492584e-02 2.770257927477359772e-02
2.687535062432289124e-02 2.577020600438117981e-02
2.354732714593410492e-02 2.775388397276401520e-02
2.133779786527156830e-02 2.980520576238632202e-02
1.995433121919631958e-02 2.910959348082542419e-02
1.909014582633972168e-02 3.046365454792976379e-02
1.993610709905624390e-02 2.951489947736263275e-02
2.139220945537090302e-02 2.993194386363029480e-02
1.896907389163970947e-02 2.313690818846225739e-02
1.882991567254066467e-02 2.937455661594867706e-02
1.859889551997184753e-02 3.024756908416748047e-02
1.874699071049690247e-02 2.854900248348712921e-02
2.002572081983089447e-02 3.002432174980640411e-02
2.189733646810054779e-02 2.944941259920597076e-02
1.856953091919422150e-02 2.226794883608818054e-02
1.793622970581054688e-02 1.951686292886734009e-02
2.029768563807010651e-02 2.013964951038360596e-02
2.119510248303413391e-02 2.139380574226379395e-02
2.374918386340141296e-02 2.309901453554630280e-02
2.310264110565185547e-02 2.308844216167926788e-02
2.432371117174625397e-02 2.427004277706146240e-02
2.499674260616302490e-02 2.240983210504055023e-02
2.757215686142444611e-02 2.291507832705974579e-02
2.624930813908576965e-02 2.108873799443244934e-02
2.555544115602970123e-02 2.049268595874309540e-02
2.412976883351802826e-02 1.912380754947662354e-02
2.588776499032974243e-02 2.064160071313381195e-02
2.753021195530891418e-02 2.196491509675979614e-02
2.988226525485515594e-02 2.386125735938549042e-02
3.003202937543392181e-02 2.406795881688594818e-02
2.959232963621616364e-02 2.345144934952259064e-02
2.899757958948612213e-02 2.391556091606616974e-02
2.951079234480857849e-02 2.505587413907051086e-02
2.794147469103336334e-02 2.251306548714637756e-02
3.051682002842426300e-02 2.208238467574119568e-02
2.760977670550346375e-02 1.950683817267417908e-02
2.627556957304477692e-02 1.938416622579097748e-02
2.713830210268497467e-02 2.017408795654773712e-02
2.716539800167083740e-02 1.893793046474456787e-02
2.543702349066734314e-02 1.677613891661167145e-02
2.873863466084003448e-02 1.749509386718273163e-02
2.861611358821392059e-02 1.979805156588554382e-02
2.841795235872268677e-02 2.131124958395957947e-02
2.616690471768379211e-02 1.951802708208560944e-02
2.756569720804691315e-02 2.010437101125717163e-02
2.981716021895408630e-02 2.627861127257347107e-02
2.651856839656829834e-02 2.242457494139671326e-02
2.705162763595581055e-02 2.443200349807739258e-02
2.448158152401447296e-02 2.692801319062709808e-02
2.351006120443344116e-02 2.476239390671253204e-02
2.282700687646865845e-02 2.369596250355243683e-02
2.364661172032356262e-02 2.749885432422161102e-02
1.999044418334960938e-02 2.168678864836692810e-02
1.972659677267074585e-02 2.193776890635490417e-02
2.230318635702133179e-02 2.576104551553726196e-02
2.373397722840309143e-02 2.820151671767234802e-02
1.928143203258514404e-02 2.122785709798336029e-02
2.158237621188163757e-02 2.032292820513248444e-02
2.079998329281806946e-02 1.728012785315513611e-02
2.395839616656303406e-02 2.125476673245429993e-02
2.225074172019958496e-02 1.675953529775142670e-02
2.152996510267257690e-02 1.857776939868927002e-02
2.359445393085479736e-02 2.138515934348106384e-02
2.915894798934459686e-02 2.668413519859313965e-02
3.039232268929481506e-02 2.801048383116722107e-02
3.080741688609123230e-02 2.421774156391620636e-02
2.955413237214088440e-02 2.570702508091926575e-02
2.558296918869018555e-02 2.370500750839710236e-02
2.417675405740737915e-02 2.423097565770149231e-02
2.578107826411724091e-02 2.368826977908611298e-02
2.885383367538452148e-02 2.489731460809707642e-02
2.888252772390842438e-02 2.632104419171810150e-02
2.917950227856636047e-02 2.492707222700119019e-02
3.017261810600757599e-02 1.933316327631473541e-02
3.090538270771503448e-02 2.115798741579055786e-02
2.944740466773509979e-02 2.048158086836338043e-02
2.821880392730236053e-02 1.991892233490943909e-02
2.446766383945941925e-02 1.764575019478797913e-02
2.370934002101421356e-02 1.725799776613712311e-02
2.325037494301795959e-02 1.543981861323118210e-02
2.360697276890277863e-02 1.403181813657283783e-02
2.207106724381446838e-02 1.359894126653671265e-02
2.280184999108314514e-02 1.359511353075504303e-02
1.972666382789611816e-02 1.199486292898654938e-02
1.840140111744403839e-02 1.171111036092042923e-02
1.629908569157123566e-02 1.003601029515266418e-02
1.607746258378028870e-02 1.030368171632289886e-02
1.749448105692863464e-02 1.243077591061592102e-02
1.463011838495731354e-02 9.823257103562355042e-03
1.701506040990352631e-02 1.274032890796661377e-02
1.621887832880020142e-02 1.190202496945858002e-02
1.680343411862850189e-02 1.449131127446889877e-02
1.857395470142364502e-02 1.942677795886993408e-02
1.988200657069683075e-02 2.519226074218750000e-02
2.219946309924125671e-02 3.086174093186855316e-02
2.229773998260498047e-02 3.136518970131874084e-02
2.088556811213493347e-02 3.168004006147384644e-02
1.994472555816173553e-02 3.844336420297622681e-02
2.026917785406112671e-02 3.661994263529777527e-02
1.806274056434631348e-02 3.390511870384216309e-02
1.903904043138027191e-02 3.661026805639266968e-02
1.707403548061847687e-02 3.426364064216613770e-02
1.856929250061511993e-02 3.612045943737030029e-02
2.249704487621784210e-02 4.112454503774642944e-02
2.113140560686588287e-02 4.019919410347938538e-02
2.231694571673870087e-02 4.667394980788230896e-02
2.239834517240524292e-02 4.601564630866050720e-02
2.119185775518417358e-02 3.908753767609596252e-02
2.410878986120223999e-02 4.273969307541847229e-02
2.288062497973442078e-02 3.961886465549468994e-02
2.620786055922508240e-02 4.020043462514877319e-02
2.745279110968112946e-02 4.281563311815261841e-02
2.553666196763515472e-02 3.464844077825546265e-02
2.211090177297592163e-02 3.474985063076019287e-02
2.683364227414131165e-02 3.333703428506851196e-02
2.787932381033897400e-02 3.439261764287948608e-02
3.146867454051971436e-02 3.826051950454711914e-02
3.326103836297988892e-02 3.442847728729248047e-02
3.186115995049476624e-02 3.268165886402130127e-02
3.216315433382987976e-02 3.076166287064552307e-02
3.010230697691440582e-02 2.954265475273132324e-02
2.977780438959598541e-02 2.907873690128326416e-02
3.159916773438453674e-02 2.790254913270473480e-02
3.338814899325370789e-02 2.416797541081905365e-02
3.421540185809135437e-02 2.287242002785205841e-02
3.214578330516815186e-02 2.328113839030265808e-02
3.117252513766288757e-02 2.245255000889301300e-02
3.036608546972274780e-02 2.295184135437011719e-02
3.230161964893341064e-02 2.349487692117691040e-02
3.435867279767990112e-02 2.442797087132930756e-02
3.460317105054855347e-02 2.353562787175178528e-02
3.385926783084869385e-02 2.219627983868122101e-02
3.665864467620849609e-02 2.318904548883438110e-02
3.326877579092979431e-02 2.482764050364494324e-02
3.218426927924156189e-02 2.535450085997581482e-02
3.211592882871627808e-02 2.499706111848354340e-02
3.457308933138847351e-02 2.535687200725078583e-02
3.319268673658370972e-02 2.610545232892036438e-02
3.290412202477455139e-02 2.518733032047748566e-02
3.108536824584007263e-02 2.349734492599964142e-02
2.945214323699474335e-02 2.505633048713207245e-02
3.060887008905410767e-02 2.376893348991870880e-02
2.970015816390514374e-02 2.592208981513977051e-02
2.661678567528724670e-02 2.272351272404193878e-02
2.513566054403781891e-02 2.315373905003070831e-02
2.911154925823211670e-02 2.565801888704299927e-02
2.737873978912830353e-02 2.600959129631519318e-02
2.708813920617103577e-02 2.853213250637054443e-02
2.923391945660114288e-02 3.405603021383285522e-02
2.888155914843082428e-02 3.340545296669006348e-02
2.785941772162914276e-02 3.109375759959220886e-02
3.211904689669609070e-02 3.488655388355255127e-02
3.301056846976280212e-02 3.444899991154670715e-02
3.295072913169860840e-02 3.301075100898742676e-02
3.266046196222305298e-02 3.141375258564949036e-02
3.417432680726051331e-02 3.164710476994514465e-02
3.342047706246376038e-02 3.557436913251876831e-02
3.412698954343795776e-02 4.037877544760704041e-02
3.347488492727279663e-02 4.004760086536407471e-02
3.238879516720771790e-02 3.667031228542327881e-02
3.101615980267524719e-02 2.643664367496967316e-02
2.753223665058612823e-02 1.916601136326789856e-02
2.894883602857589722e-02 2.210960909724235535e-02
2.621038816869258881e-02 2.081703208386898041e-02
2.306284196674823761e-02 1.811921410262584686e-02
2.791236340999603271e-02 2.018014341592788696e-02
2.850803732872009277e-02 2.646365761756896973e-02
3.117521479725837708e-02 2.314842492341995239e-02
3.391762450337409973e-02 3.084420785307884216e-02
3.325555473566055298e-02 2.771899849176406860e-02
3.416261821985244751e-02 3.063193149864673615e-02
3.380067646503448486e-02 2.980661392211914062e-02
3.307975083589553833e-02 2.850786596536636353e-02
3.198698535561561584e-02 2.992239035665988922e-02
3.215225785970687866e-02 3.084350191056728363e-02
2.907302789390087128e-02 3.113783895969390869e-02
3.001483902335166931e-02 3.033288195729255676e-02
3.127681463956832886e-02 2.999061904847621918e-02
3.086189366877079010e-02 2.871863916516304016e-02
3.010198287665843964e-02 2.829254418611526489e-02
2.862850017845630646e-02 2.706053853034973145e-02
2.729754149913787842e-02 3.019358962774276733e-02
2.751856483519077301e-02 2.846180275082588196e-02
2.596326172351837158e-02 2.909346856176853180e-02
2.890431694686412811e-02 2.986913919448852539e-02
3.012990206480026245e-02 3.123410791158676147e-02
2.654694207012653351e-02 3.128167614340782166e-02
2.954850345849990845e-02 3.003271669149398804e-02
2.817906998097896576e-02 3.225171193480491638e-02
2.751506678760051727e-02 3.324916213750839233e-02
2.579133957624435425e-02 3.068081289529800415e-02
2.312279120087623596e-02 3.035816550254821777e-02
2.156182192265987396e-02 3.227530047297477722e-02
1.785666309297084808e-02 2.738461270928382874e-02
2.222981303930282593e-02 3.187554329633712769e-02
2.282557822763919830e-02 3.121264465153217316e-02
2.115958929061889648e-02 2.793802879750728607e-02
1.883515156805515289e-02 3.097707033157348633e-02
1.841064170002937317e-02 3.187412023544311523e-02
1.817005872726440430e-02 3.286286443471908569e-02
1.703717559576034546e-02 3.282060101628303528e-02
2.004507184028625488e-02 3.847802802920341492e-02
2.186246402561664581e-02 3.544690087437629700e-02
2.427612617611885071e-02 3.774116188287734985e-02
2.466649562120437622e-02 3.961626440286636353e-02
2.495811693370342255e-02 3.495507687330245972e-02
2.473498135805130005e-02 3.521041199564933777e-02
2.507334575057029724e-02 3.231918066740036011e-02
2.183254249393939972e-02 3.289531171321868896e-02
2.154757827520370483e-02 2.908497676253318787e-02
2.418860048055648804e-02 3.032562509179115295e-02
3.015825524926185608e-02 3.065825626254081726e-02
3.051743283867835999e-02 2.918959408998489380e-02
3.219278901815414429e-02 2.879503183066844940e-02
3.254916891455650330e-02 3.070555999875068665e-02
3.472946211695671082e-02 2.715460583567619324e-02
3.446949645876884460e-02 2.539209462702274323e-02
2.974049933254718781e-02 2.809724211692810059e-02
2.980545349419116974e-02 2.632299810647964478e-02
3.064880892634391785e-02 2.671498619019985199e-02
2.858027629554271698e-02 2.398228831589221954e-02
2.901164814829826355e-02 2.619417011737823486e-02
3.234896063804626465e-02 2.775592170655727386e-02
3.220594674348831177e-02 2.753013744950294495e-02
3.110939450562000275e-02 2.723147720098495483e-02
3.291913866996765137e-02 2.667124941945075989e-02
3.243745118379592896e-02 2.709624357521533966e-02
3.416137769818305969e-02 2.674786932766437531e-02
3.446258977055549622e-02 2.709926478564739227e-02
3.590611368417739868e-02 2.805623598396778107e-02
3.586102649569511414e-02 2.614100277423858643e-02
3.661631792783737183e-02 2.531809173524379730e-02
3.621707111597061157e-02 2.364871092140674591e-02
3.693910688161849976e-02 2.368554845452308655e-02
3.605533391237258911e-02 2.416573837399482727e-02
3.473255038261413574e-02 2.443862520158290863e-02
3.450850024819374084e-02 2.412609010934829712e-02
3.326134011149406433e-02 2.492375299334526062e-02
3.282143175601959229e-02 2.639888972043991089e-02
3.262626007199287415e-02 2.467267028987407684e-02
3.200873732566833496e-02 2.460077404975891113e-02
3.300074115395545959e-02 2.706167474389076233e-02
3.235109150409698486e-02 2.698544599115848541e-02
3.207586333155632019e-02 2.796599455177783966e-02
3.151422366499900818e-02 2.719172276556491852e-02
3.070893697440624237e-02 2.855305932462215424e-02
3.061615675687789917e-02 2.828889526426792145e-02
3.241012245416641235e-02 3.264352679252624512e-02
3.255515173077583313e-02 3.364027291536331177e-02
3.173810988664627075e-02 3.286054730415344238e-02
3.170841559767723083e-02 3.440994769334793091e-02
3.301458433270454407e-02 3.230724111199378967e-02
3.166516870260238647e-02 2.980472519993782043e-02
3.090048022568225861e-02 3.069365024566650391e-02
3.086460009217262268e-02 3.034548647701740265e-02
3.099990636110305786e-02 2.759627997875213623e-02
3.035093471407890320e-02 2.730437368154525757e-02
2.951493114233016968e-02 2.630809135735034943e-02
3.025615587830543518e-02 2.578106895089149475e-02
3.048923425376415253e-02 2.492769993841648102e-02
3.079990297555923462e-02 2.753476426005363464e-02
3.190617635846138000e-02 2.738529630005359650e-02
3.214928880333900452e-02 2.548837289214134216e-02
3.320618718862533569e-02 2.772073820233345032e-02
3.275406733155250549e-02 2.434888295829296112e-02
3.147411346435546875e-02 2.572807297110557556e-02
2.775499224662780762e-02 2.158263698220252991e-02
3.338041156530380249e-02 2.745721861720085144e-02
2.887577563524246216e-02 2.225990779697895050e-02
2.926015667617321014e-02 2.263757959008216858e-02
3.154371306300163269e-02 2.555201016366481781e-02
3.008631803095340729e-02 2.597707323729991913e-02
2.996746636927127838e-02 2.311860769987106323e-02
3.052224032580852509e-02 2.489057369530200958e-02
3.049592673778533936e-02 2.369300462305545807e-02
3.180605545639991760e-02 2.456627599895000458e-02
3.118937648832798004e-02 2.393884770572185516e-02
2.859215810894966125e-02 2.149753458797931671e-02
2.627396583557128906e-02 1.997946575284004211e-02
2.748589403927326202e-02 2.033255621790885925e-02
2.913596667349338531e-02 2.263576351106166840e-02
2.891794778406620026e-02 2.102458104491233826e-02
2.840897440910339355e-02 2.115111052989959717e-02
2.819366753101348877e-02 2.098875492811203003e-02
2.684075199067592621e-02 2.043377980589866638e-02
2.570790052413940430e-02 1.912287250161170959e-02
2.606116607785224915e-02 1.898342184722423553e-02
2.192454785108566284e-02 1.613294333219528198e-02
2.516050636768341064e-02 1.904280111193656921e-02
2.534685283899307251e-02 2.030584402382373810e-02
2.562636137008666992e-02 2.129975147545337677e-02
2.745573967695236206e-02 2.325657382607460022e-02
2.702150121331214905e-02 2.491308376193046570e-02
2.549352124333381653e-02 2.386737987399101257e-02
2.694754488766193390e-02 2.640001289546489716e-02
2.671680040657520294e-02 2.682442218065261841e-02
2.713733725249767303e-02 2.833917178213596344e-02
2.524013258516788483e-02 2.641271054744720459e-02
2.600554004311561584e-02 2.520801872014999390e-02
2.826362103223800659e-02 2.954361960291862488e-02
2.870276384055614471e-02 3.068353235721588135e-02
2.901417948305606842e-02 2.970900014042854309e-02
2.656093612313270569e-02 2.793871611356735229e-02
2.775182202458381653e-02 2.871240116655826569e-02
2.802116237580776215e-02 3.012598305940628052e-02
2.865690551698207855e-02 2.851791307330131531e-02
2.797630801796913147e-02 2.945298328995704651e-02
2.869623713195323944e-02 3.060868568718433380e-02
2.881517261266708374e-02 3.233182430267333984e-02
2.764889225363731384e-02 2.375904470682144165e-02
2.702306583523750305e-02 2.767930366098880768e-02
2.380461990833282471e-02 2.392357774078845978e-02
2.267516776919364929e-02 2.626854926347732544e-02
2.104754373431205750e-02 2.136849425733089447e-02
2.266751974821090698e-02 2.609804458916187286e-02
2.236956916749477386e-02 2.474952675402164459e-02
2.336503192782402039e-02 2.904307655990123749e-02
2.179831080138683319e-02 2.749719098210334778e-02
2.116037160158157349e-02 2.771617658436298370e-02
2.294675260782241821e-02 3.226396441459655762e-02
2.378908544778823853e-02 3.478285670280456543e-02
2.573884837329387665e-02 3.652056306600570679e-02
2.626768127083778381e-02 3.368695452809333801e-02
2.174340933561325073e-02 2.880111150443553925e-02
2.455272153019905090e-02 3.303919360041618347e-02
2.569054067134857178e-02 3.136247396469116211e-02
2.253497019410133362e-02 2.629142627120018005e-02
2.076613157987594604e-02 2.342020161449909210e-02
2.150094509124755859e-02 2.333391271531581879e-02
2.070976793766021729e-02 2.230111137032508850e-02
2.017512358725070953e-02 2.332959137856960297e-02
1.814625412225723267e-02 2.220619469881057739e-02
1.670574955642223358e-02 1.918907091021537781e-02
1.854018680751323700e-02 1.726579666137695312e-02
2.233602106571197510e-02 1.913869380950927734e-02
2.362478151917457581e-02 2.109427563846111298e-02
2.222926169633865356e-02 1.944801211357116699e-02
2.437387406826019287e-02 2.683079242706298828e-02
2.771841362118721008e-02 2.833151817321777344e-02
2.760841511189937592e-02 2.572556026279926300e-02
2.355063520371913910e-02 2.010679244995117188e-02
2.674737945199012756e-02 2.226684056222438812e-02
2.586115896701812744e-02 2.070710062980651855e-02
2.247001044452190399e-02 2.237178944051265717e-02
2.817403338849544525e-02 2.266584150493144989e-02
3.196846321225166321e-02 2.119815349578857422e-02
3.401607647538185120e-02 2.745121717453002930e-02
3.410870209336280823e-02 2.481903880834579468e-02
3.435099869966506958e-02 2.401119098067283630e-02
3.289119899272918701e-02 2.420951798558235168e-02
3.250014409422874451e-02 2.769364230334758759e-02
3.041760437190532684e-02 2.797261252999305725e-02
3.465218469500541687e-02 2.795463241636753082e-02
3.255011886358261108e-02 3.255087882280349731e-02
3.463185578584671021e-02 3.764333575963973999e-02
3.181649371981620789e-02 3.362234681844711304e-02
3.175674751400947571e-02 3.387467190623283386e-02
3.793324902653694153e-02 3.948915749788284302e-02
3.674432262778282166e-02 4.413932561874389648e-02
3.542887046933174133e-02 4.284315556287765503e-02
3.277032449841499329e-02 4.095806553959846497e-02
2.993099950253963470e-02 4.018397256731987000e-02
2.750973217189311981e-02 3.630344197154045105e-02
2.812893874943256378e-02 3.307351842522621155e-02
3.406189382076263428e-02 2.864335477352142334e-02
3.165889531373977661e-02 2.701983042061328888e-02
3.225408867001533508e-02 2.762614190578460693e-02
2.771883271634578705e-02 2.519976161420345306e-02
2.811804413795471191e-02 3.094425424933433533e-02
2.804793231189250946e-02 3.210368007421493530e-02
3.076310083270072937e-02 3.755756467580795288e-02
2.849658951163291931e-02 3.060214407742023468e-02
3.322349861264228821e-02 3.546512126922607422e-02
3.278739005327224731e-02 4.113958030939102173e-02
3.013181127607822418e-02 4.056734964251518250e-02
3.434021398425102234e-02 4.435997456312179565e-02
3.255699947476387024e-02 4.005663096904754639e-02
2.877926640212535858e-02 3.620814159512519836e-02
2.924778312444686890e-02 3.562709689140319824e-02
3.009204007685184479e-02 3.218946233391761780e-02
2.803647145628929138e-02 3.129333630204200745e-02
2.849084697663784027e-02 3.170005232095718384e-02
3.121588379144668579e-02 2.783172950148582458e-02
3.550252690911293030e-02 2.739347331225872040e-02
3.362513333559036255e-02 2.628046087920665741e-02
3.540414944291114807e-02 2.644997835159301758e-02
2.703195624053478241e-02 2.505905926227569580e-02
2.284624986350536346e-02 2.617524191737174988e-02
2.684450149536132812e-02 2.866108715534210205e-02
2.242190390825271606e-02 2.742712013423442841e-02
2.613136917352676392e-02 3.162200748920440674e-02
2.511147968471050262e-02 2.857707627117633820e-02
2.303715050220489502e-02 2.711484208703041077e-02
2.459803596138954163e-02 2.643848024308681488e-02
2.885264158248901367e-02 2.520673349499702454e-02
3.619014844298362732e-02 2.584799937903881073e-02
3.489471971988677979e-02 1.978353224694728851e-02
3.357492387294769287e-02 1.921241544187068939e-02
3.455729410052299500e-02 2.419198863208293915e-02
3.419794514775276184e-02 2.356017194688320160e-02
3.238984942436218262e-02 2.762400731444358826e-02
2.729116939008235931e-02 2.458885498344898224e-02
3.026932850480079651e-02 2.499507740139961243e-02
2.567534521222114563e-02 2.307117730379104614e-02
2.900477498769760132e-02 2.473769523203372955e-02
3.286687284708023071e-02 2.517760545015335083e-02
2.229675278067588806e-02 1.794862002134323120e-02
2.317580953240394592e-02 1.507623586803674698e-02
2.917175367474555969e-02 2.027851901948451996e-02
3.002096712589263916e-02 1.965610682964324951e-02
3.198630735278129578e-02 2.208046987652778625e-02
3.208146616816520691e-02 2.534799836575984955e-02
3.046972304582595825e-02 2.540937252342700958e-02
2.833984792232513428e-02 2.635456249117851257e-02
2.998133935034275055e-02 2.699068933725357056e-02
2.754126116633415222e-02 2.708036080002784729e-02
2.818119525909423828e-02 2.765105664730072021e-02
2.753550931811332703e-02 2.798864431679248810e-02
2.920167893171310425e-02 2.657135203480720520e-02
2.772819623351097107e-02 2.785394899547100067e-02
2.731545642018318176e-02 3.036660328507423401e-02
2.605830878019332886e-02 3.038818016648292542e-02
2.713135629892349243e-02 2.722949348390102386e-02
2.702587842941284180e-02 2.522662468254566193e-02
2.594964206218719482e-02 2.862907014787197113e-02
2.990346029400825500e-02 3.449579700827598572e-02
2.866715379059314728e-02 3.128155693411827087e-02
2.967590279877185822e-02 2.890652418136596680e-02
2.764550969004631042e-02 2.486106008291244507e-02
2.856305427849292755e-02 2.805663645267486572e-02
2.475960738956928253e-02 2.630543150007724762e-02
2.172730863094329834e-02 2.281599491834640503e-02
1.914110034704208374e-02 2.671974152326583862e-02
1.652610115706920624e-02 2.995403110980987549e-02
1.589216664433479309e-02 3.452552482485771179e-02
2.024840749800205231e-02 5.002734065055847168e-02
2.083683758974075317e-02 3.705375641584396362e-02
1.762468181550502777e-02 3.695458546280860901e-02
1.741643995046615601e-02 3.413768112659454346e-02
1.752463355660438538e-02 2.811004966497421265e-02
1.717178523540496826e-02 2.700171060860157013e-02
1.675632968544960022e-02 2.853389456868171692e-02
1.723711751401424408e-02 3.130986168980598450e-02
1.707367226481437683e-02 2.884167432785034180e-02
1.570893637835979462e-02 2.987068146467208862e-02
1.888621412217617035e-02 3.689583390951156616e-02
2.172088250517845154e-02 3.840277343988418579e-02
2.172288112342357635e-02 3.829447925090789795e-02
2.341983839869499207e-02 4.012054204940795898e-02
2.549737691879272461e-02 4.015712440013885498e-02
2.248654514551162720e-02 4.221170395612716675e-02
1.911566592752933502e-02 4.451610520482063293e-02
1.844740658998489380e-02 3.945550695061683655e-02
1.976921036839485168e-02 4.219821467995643616e-02
1.872476562857627869e-02 4.051429033279418945e-02
1.707741618156433105e-02 3.734048828482627869e-02
1.614901050925254822e-02 3.393073007464408875e-02
1.558689586818218231e-02 2.877510152757167816e-02
1.755236461758613586e-02 3.125332668423652649e-02
2.027306146919727325e-02 3.207804635167121887e-02
2.054588682949542999e-02 2.872966229915618896e-02
2.272047474980354309e-02 2.837888523936271667e-02
2.441077306866645813e-02 3.101445548236370087e-02
2.375113591551780701e-02 3.057846985757350922e-02
2.450375072658061981e-02 3.040539473295211792e-02
2.391615696251392365e-02 2.627938985824584961e-02
2.484645135700702667e-02 2.570479921996593475e-02
2.505880966782569885e-02 2.533359639346599579e-02
2.663830853998661041e-02 3.115190379321575165e-02
2.545187249779701233e-02 2.773381769657135010e-02
2.644052356481552124e-02 3.014004975557327271e-02
2.540400251746177673e-02 2.687391266226768494e-02
2.478267624974250793e-02 2.777921780943870544e-02
2.569751068949699402e-02 2.705752849578857422e-02
2.534462325274944305e-02 2.737193182110786438e-02
2.378411218523979187e-02 2.449282072484493256e-02
2.258941158652305603e-02 2.183896675705909729e-02
2.271879091858863831e-02 2.112870849668979645e-02
2.010220289230346680e-02 1.944953389465808868e-02
2.113128080964088440e-02 2.165158651769161224e-02
2.116939984261989594e-02 2.273021824657917023e-02
2.046415768563747406e-02 2.069073729217052460e-02
2.145990915596485138e-02 2.011447772383689880e-02
2.079766616225242615e-02 2.032098919153213501e-02
2.178497053682804108e-02 1.863749511539936066e-02
2.148044481873512268e-02 2.123553492128849030e-02
2.221310697495937347e-02 2.047738991677761078e-02
2.549839019775390625e-02 2.224377542734146118e-02
2.621196582913398743e-02 2.281617000699043274e-02
2.305275760591030121e-02 2.268913015723228455e-02
2.413670346140861511e-02 2.962751314043998718e-02
2.143821865320205688e-02 2.937555499374866486e-02
2.208456583321094513e-02 2.956567704677581787e-02
2.345780283212661743e-02 3.035278245806694031e-02
2.415469847619533539e-02 2.852163836359977722e-02
2.366711571812629700e-02 3.421730175614356995e-02
2.341028116643428802e-02 3.990264981985092163e-02
2.332253567874431610e-02 4.138048365712165833e-02
2.308015525341033936e-02 3.958642482757568359e-02
2.298435196280479431e-02 3.763959556818008423e-02
2.347022294998168945e-02 3.688552230596542358e-02
2.565490081906318665e-02 3.598148375749588013e-02
2.375898137688636780e-02 3.301220014691352844e-02
2.495056018233299255e-02 3.154899552464485168e-02
2.625916153192520142e-02 2.932729013264179230e-02
2.566139958798885345e-02 3.054233826696872711e-02
2.791384607553482056e-02 3.534767031669616699e-02
2.583854831755161285e-02 3.303463011980056763e-02
2.478902041912078857e-02 3.374456241726875305e-02
2.345586568117141724e-02 2.797511219978332520e-02
2.380311675369739532e-02 2.697550877928733826e-02
2.740517072379589081e-02 3.045735508203506470e-02
2.610106766223907471e-02 3.138156980276107788e-02
2.579715102910995483e-02 2.757712639868259430e-02
2.356922067701816559e-02 2.555728517472743988e-02
1.957141607999801636e-02 2.799126133322715759e-02
2.020157687366008759e-02 2.656815946102142334e-02
1.649109274148941040e-02 2.501979656517505646e-02
1.663118414580821991e-02 2.550376206636428833e-02
1.733897253870964050e-02 2.319156751036643982e-02
1.688306592404842377e-02 2.396903000771999359e-02
1.871419697999954224e-02 3.184425830841064453e-02
2.023277245461940765e-02 3.080797195434570312e-02
2.087306603789329529e-02 2.925730310380458832e-02
1.996663212776184082e-02 2.701473608613014221e-02
2.094467729330062866e-02 2.829623222351074219e-02
1.994703337550163269e-02 2.818585187196731567e-02
1.910251006484031677e-02 3.407148271799087524e-02
2.155707404017448425e-02 3.370086476206779480e-02
2.152903564274311066e-02 3.371015191078186035e-02
2.137438207864761353e-02 3.740061074495315552e-02
2.161109447479248047e-02 4.191669821739196777e-02
2.369480207562446594e-02 4.250631481409072876e-02
2.647257223725318909e-02 4.495003074407577515e-02
2.585433050990104675e-02 4.754050076007843018e-02
2.550200931727886200e-02 4.055748879909515381e-02
2.555445209145545959e-02 4.296057671308517456e-02
2.618281543254852295e-02 4.344784468412399292e-02
2.544208616018295288e-02 4.461510851979255676e-02
2.659398317337036133e-02 4.287416487932205200e-02
2.933976054191589355e-02 3.773711249232292175e-02
2.917102165520191193e-02 3.710487484931945801e-02
2.875815518200397491e-02 3.377189114689826965e-02
2.895518578588962555e-02 3.435222804546356201e-02
2.865854650735855103e-02 3.151014447212219238e-02
2.474319376051425934e-02 2.893548831343650818e-02
2.448921650648117065e-02 2.773591876029968262e-02
2.551682852208614349e-02 2.622429654002189636e-02
2.642128430306911469e-02 2.705936320126056671e-02
2.571408823132514954e-02 2.815707772970199585e-02
2.425390109419822693e-02 2.828089147806167603e-02
2.331992238759994507e-02 2.922981791198253632e-02
2.167991735041141510e-02 2.710505761206150055e-02
2.056260406970977783e-02 2.482966519892215729e-02
2.212699316442012787e-02 2.571333199739456177e-02
2.240590378642082214e-02 2.451386302709579468e-02
2.126429229974746704e-02 2.514920569956302643e-02
2.348250523209571838e-02 2.335292659699916840e-02
2.281348779797554016e-02 2.483302168548107147e-02
2.144255489110946655e-02 2.309501171112060547e-02
2.455962076783180237e-02 2.270274050533771515e-02
2.210654318332672119e-02 2.276915870606899261e-02
2.067462727427482605e-02 2.113635838031768799e-02
1.948098465800285339e-02 2.352224290370941162e-02
2.023782581090927124e-02 2.340071089565753937e-02
2.041233330965042114e-02 2.431706339120864868e-02
1.960825920104980469e-02 2.738360688090324402e-02
1.921224221587181091e-02 2.394672110676765442e-02
1.813381165266036987e-02 3.208523988723754883e-02
1.850879564881324768e-02 3.363617509603500366e-02
1.902285963296890259e-02 3.287928551435470581e-02
2.111026085913181305e-02 3.538085520267486572e-02
2.102424576878547668e-02 3.605626523494720459e-02
1.868167892098426819e-02 3.858457505702972412e-02
2.346696145832538605e-02 3.614777326583862305e-02
2.411455288529396057e-02 3.506701067090034485e-02
2.275653928518295288e-02 3.786946088075637817e-02
2.288553491234779358e-02 3.532271832227706909e-02
2.291511930525302887e-02 3.640341013669967651e-02
2.513834275305271149e-02 3.200297802686691284e-02
2.590722963213920593e-02 3.220919892191886902e-02
2.342511527240276337e-02 2.985812164843082428e-02
2.204739116132259369e-02 2.988444641232490540e-02
2.673467807471752167e-02 3.334898501634597778e-02
3.037149645388126373e-02 3.559574484825134277e-02
3.323524445295333862e-02 3.514914587140083313e-02
3.410366177558898926e-02 3.332357481122016907e-02
3.441200032830238342e-02 3.159247338771820068e-02
3.465894237160682678e-02 3.513741120696067810e-02
3.518079966306686401e-02 3.253865242004394531e-02
3.424555808305740356e-02 2.776709757745265961e-02
3.587468713521957397e-02 2.542193606495857239e-02
3.438881784677505493e-02 2.756935358047485352e-02
3.639592230319976807e-02 2.819452434778213501e-02
3.490042686462402344e-02 2.854305692017078400e-02
3.425226360559463501e-02 2.607605233788490295e-02
3.464926034212112427e-02 2.863797731697559357e-02
3.493702039122581482e-02 2.717008627951145172e-02
3.368992358446121216e-02 3.024433553218841553e-02
3.623143583536148071e-02 3.276295214891433716e-02
3.357261419296264648e-02 3.110574558377265930e-02
3.121983073651790619e-02 2.873361483216285706e-02
3.059868142008781433e-02 2.554524503648281097e-02
2.899977378547191620e-02 2.439874969422817230e-02
2.896063588559627533e-02 2.266423776745796204e-02
2.696581557393074036e-02 2.112256363034248352e-02
2.738763764500617981e-02 2.300081402063369751e-02
2.825050242245197296e-02 2.071106620132923126e-02
2.552443742752075195e-02 2.210185676813125610e-02
2.621152438223361969e-02 2.426644973456859589e-02
2.518885396420955658e-02 2.401592023670673370e-02
2.620580792427062988e-02 2.459543384611606598e-02
2.420850470662117004e-02 2.475711703300476074e-02
2.514863386750221252e-02 2.541577816009521484e-02
2.614822238683700562e-02 2.546320855617523193e-02
2.754840627312660217e-02 2.772531844675540924e-02
2.592496201395988464e-02 3.215453028678894043e-02
2.787982299923896790e-02 3.846558928489685059e-02
2.768847718834877014e-02 4.238456487655639648e-02
2.867966704070568085e-02 4.691524803638458252e-02
2.929981239140033722e-02 4.169737175107002258e-02
2.863417565822601318e-02 3.602187335491180420e-02
2.941721491515636444e-02 3.976088762283325195e-02
2.814822085201740265e-02 3.980176150798797607e-02
2.675902470946311951e-02 4.168327152729034424e-02
2.624262310564517975e-02 3.664486855268478394e-02
2.413990162312984467e-02 3.911890834569931030e-02
2.618635259568691254e-02 3.574806824326515198e-02
2.474924549460411072e-02 3.759486228227615356e-02
2.698677591979503632e-02 3.008711338043212891e-02
3.122127428650856018e-02 3.277793154120445251e-02
3.147508203983306885e-02 3.625233098864555359e-02
3.163238242268562317e-02 3.927319869399070740e-02
3.065020218491554260e-02 3.786266595125198364e-02
2.958836965262889862e-02 3.793691098690032959e-02
3.084554709494113922e-02 3.532384335994720459e-02
2.853016927838325500e-02 3.324447572231292725e-02
3.004567697644233704e-02 3.423178941011428833e-02
2.941691875457763672e-02 3.036017902195453644e-02
2.889377065002918243e-02 2.890723757445812225e-02
2.610354311764240265e-02 3.027920238673686981e-02
2.549639716744422913e-02 2.776097506284713745e-02
2.611565217375755310e-02 2.880337275564670563e-02
2.548477239906787872e-02 2.663311362266540527e-02
2.609242126345634460e-02 3.023497015237808228e-02
3.097062930464744568e-02 3.040948323905467987e-02
2.962850220501422882e-02 2.818493172526359558e-02
2.662114053964614868e-02 2.768717892467975616e-02
2.351197600364685059e-02 1.998396404087543488e-02
2.510616742074489594e-02 2.168435603380203247e-02
2.569876052439212799e-02 2.031707577407360077e-02
2.626521699130535126e-02 1.822684332728385925e-02
2.484659478068351746e-02 1.774348318576812744e-02
2.519276365637779236e-02 1.771748811006546021e-02
2.542106062173843384e-02 2.053496986627578735e-02
2.706250920891761780e-02 2.062230743467807770e-02
2.765283733606338501e-02 1.929596997797489166e-02
2.783212438225746155e-02 2.159559540450572968e-02
2.715542726218700409e-02 2.198639884591102600e-02
2.437201887369155884e-02 2.523981034755706787e-02
2.539404854178428650e-02 2.618356049060821533e-02
2.635966241359710693e-02 2.614594064652919769e-02
2.534712478518486023e-02 2.906137332320213318e-02
2.513680979609489441e-02 3.239213675260543823e-02
2.610924653708934784e-02 3.514421731233596802e-02
2.695477567613124847e-02 3.917152434587478638e-02
2.504370175302028656e-02 3.863152861595153809e-02
2.427022159099578857e-02 4.098964482545852661e-02
2.346558868885040283e-02 4.279372468590736389e-02
2.116691134870052338e-02 3.907154500484466553e-02
2.233861014246940613e-02 4.094026237726211548e-02
2.096774615347385406e-02 3.916595876216888428e-02
1.837152801454067230e-02 3.293172270059585571e-02
1.967345178127288818e-02 3.432812541723251343e-02
2.056504786014556885e-02 3.409185633063316345e-02
2.130923420190811157e-02 3.806139901280403137e-02
2.143489755690097809e-02 4.106052964925765991e-02
2.032629027962684631e-02 3.842287883162498474e-02
2.112911269068717957e-02 3.775198012590408325e-02
2.336290851235389709e-02 3.973789513111114502e-02
2.479134686291217804e-02 4.226357117295265198e-02
2.260756492614746094e-02 4.073957726359367371e-02
2.437161654233932495e-02 4.142003506422042847e-02
2.245765365660190582e-02 3.833324089646339417e-02
2.142566815018653870e-02 3.455764427781105042e-02
2.292042039334774017e-02 3.447562456130981445e-02
2.585538104176521301e-02 3.373773396015167236e-02
2.706218138337135315e-02 3.691281378269195557e-02
2.763295732438564301e-02 3.618517145514488220e-02
2.729331701993942261e-02 3.472567722201347351e-02
2.615357190370559692e-02 3.303936123847961426e-02
2.629751525819301605e-02 3.197742626070976257e-02
2.642473019659519196e-02 2.682544849812984467e-02
2.694166824221611023e-02 3.204840421676635742e-02
2.642494067549705505e-02 3.210151195526123047e-02
2.622495405375957489e-02 3.081266582012176514e-02
2.543421834707260132e-02 3.110419958829879761e-02
2.525196410715579987e-02 2.976964414119720459e-02
2.551737427711486816e-02 3.117983415722846985e-02
2.615711651742458344e-02 2.717574313282966614e-02
2.653582580387592316e-02 2.828706428408622742e-02
2.504320442676544189e-02 2.965175919234752655e-02
2.487339451909065247e-02 2.711143344640731812e-02
2.611504308879375458e-02 2.784533053636550903e-02
2.498059719800949097e-02 2.664574421942234039e-02
2.461370639503002167e-02 2.447804994881153107e-02
2.466234005987644196e-02 2.447186037898063660e-02
2.400200255215167999e-02 2.240932732820510864e-02
2.335536479949951172e-02 2.145470492541790009e-02
2.415451966226100922e-02 2.242352440953254700e-02
2.552527561783790588e-02 2.157437428832054138e-02
2.509009093046188354e-02 2.293082140386104584e-02
2.425689063966274261e-02 2.402714826166629791e-02
2.558967471122741699e-02 2.732960134744644165e-02
2.342892810702323914e-02 2.584582939743995667e-02
2.406787686049938202e-02 3.088787943124771118e-02
2.423168346285820007e-02 3.251836448907852173e-02
2.414061129093170166e-02 3.406576812267303467e-02
2.421958558261394501e-02 3.645816445350646973e-02
2.406932786107063293e-02 4.572569951415061951e-02
2.432198636233806610e-02 4.694954305887222290e-02
2.384446933865547180e-02 4.488378018140792847e-02
2.188642323017120361e-02 4.061319679021835327e-02
1.983717828989028931e-02 4.103967919945716858e-02
2.032683603465557098e-02 3.834802284836769104e-02
1.898117549717426300e-02 3.692869096994400024e-02
1.793991774320602417e-02 3.617008775472640991e-02
2.245678938925266266e-02 3.902298957109451294e-02
2.357357926666736603e-02 3.839312866330146790e-02
2.356582134962081909e-02 3.889916837215423584e-02
2.378152124583721161e-02 4.312601312994956970e-02
2.275701612234115601e-02 3.926915675401687622e-02
2.016611397266387939e-02 3.391182422637939453e-02
1.906447485089302063e-02 3.669214248657226562e-02
1.726034656167030334e-02 3.222167864441871643e-02
2.140606380999088287e-02 3.870157897472381592e-02
1.938100531697273254e-02 2.596266381442546844e-02
2.396724373102188110e-02 3.438924625515937805e-02
2.460929006338119507e-02 3.063813969492912292e-02
2.559069730341434479e-02 3.002579323947429657e-02
2.611670643091201782e-02 3.271290659904479980e-02
2.827096730470657349e-02 3.227654099464416504e-02
2.827659994363784790e-02 3.460913896560668945e-02
2.692794799804687500e-02 3.339710831642150879e-02
2.605747617781162262e-02 3.303182125091552734e-02
2.487155795097351074e-02 3.049530833959579468e-02
2.480203099548816681e-02 2.938101813197135925e-02
2.293049171566963196e-02 3.381860256195068359e-02
2.176602184772491455e-02 2.936196886003017426e-02
2.142146788537502289e-02 2.960090525448322296e-02
2.269525080919265747e-02 3.229697793722152710e-02
2.278421074151992798e-02 3.192989900708198547e-02
2.295048907399177551e-02 3.432887792587280273e-02
2.415801212191581726e-02 3.576517850160598755e-02
2.250527590513229370e-02 3.452126681804656982e-02
2.250335365533828735e-02 3.278705477714538574e-02
2.237809449434280396e-02 3.015303425490856171e-02
2.316853776574134827e-02 2.989319339394569397e-02
2.265264466404914856e-02 3.085335902869701385e-02
2.364829182624816895e-02 3.009968996047973633e-02
2.284904941916465759e-02 2.835588157176971436e-02
2.310713008046150208e-02 3.325740993022918701e-02
2.380467206239700317e-02 3.215494379401206970e-02
2.393134310841560364e-02 3.388451784849166870e-02
2.330064028501510620e-02 3.118015825748443604e-02
2.426956780254840851e-02 3.203835338354110718e-02
2.477889508008956909e-02 3.352912887930870056e-02
2.324000187218189240e-02 3.505818545818328857e-02
2.289605513215065002e-02 3.733627125620841980e-02
2.228539995849132538e-02 4.134573414921760559e-02
2.253420650959014893e-02 4.043312370777130127e-02
2.066680043935775757e-02 4.125306755304336548e-02
2.118398249149322510e-02 4.287234693765640259e-02
1.946593262255191803e-02 4.311339184641838074e-02
1.815788075327873230e-02 4.077659174799919128e-02
1.927830651402473450e-02 3.697730228304862976e-02
1.899109221994876862e-02 3.720694780349731445e-02
2.126372046768665314e-02 3.944619745016098022e-02
2.394102141261100769e-02 3.922745585441589355e-02
2.627872116863727570e-02 4.061779007315635681e-02
2.426784299314022064e-02 3.964005410671234131e-02
2.474027685821056366e-02 3.963856399059295654e-02
2.622591704130172729e-02 4.277592152357101440e-02
2.691588364541530609e-02 4.305636510252952576e-02
2.591161988675594330e-02 3.693607822060585022e-02
2.738758921623229980e-02 3.801245242357254028e-02
2.708674967288970947e-02 3.567892313003540039e-02
2.577720396220684052e-02 3.687300533056259155e-02
2.724188193678855896e-02 3.641675412654876709e-02
2.945952117443084717e-02 3.575501590967178345e-02
2.775100059807300568e-02 3.397701680660247803e-02
2.617482095956802368e-02 3.720448538661003113e-02
2.623778395354747772e-02 3.402404487133026123e-02
2.769709192216396332e-02 3.094367869198322296e-02
2.701837196946144104e-02 3.221552073955535889e-02
2.799858525395393372e-02 3.215560689568519592e-02
3.021940775215625763e-02 3.071920573711395264e-02
3.021440096199512482e-02 3.120377473533153534e-02
2.953012660145759583e-02 3.248485177755355835e-02
2.846086770296096802e-02 3.255396336317062378e-02
2.935604192316532135e-02 3.151804208755493164e-02
2.870090864598751068e-02 2.683201618492603302e-02
2.774576470255851746e-02 2.796420268714427948e-02
2.684372104704380035e-02 2.981588989496231079e-02
2.561152726411819458e-02 3.273939713835716248e-02
2.432842180132865906e-02 3.031868860125541687e-02
2.382687479257583618e-02 2.989911101758480072e-02
2.372140996158123016e-02 2.609352208673954010e-02
2.507830411195755005e-02 2.536328881978988647e-02
2.482824213802814484e-02 2.502621710300445557e-02
2.537562698125839233e-02 2.533146180212497711e-02
2.479197084903717041e-02 2.435023896396160126e-02
2.488450706005096436e-02 2.334498986601829529e-02
2.363189496099948883e-02 2.602955140173435211e-02
2.230121195316314697e-02 2.889058925211429596e-02
2.295203879475593567e-02 2.921912260353565216e-02
2.420145645737648010e-02 2.771278284490108490e-02
2.320067398250102997e-02 2.860487066209316254e-02
2.110397443175315857e-02 3.492398560047149658e-02
1.961453631520271301e-02 3.212627023458480835e-02
2.120878547430038452e-02 3.917060047388076782e-02
2.509217709302902222e-02 4.690931737422943115e-02
2.577179856598377228e-02 4.322735965251922607e-02
2.798182144761085510e-02 4.137444123625755310e-02
2.864225767552852631e-02 3.625658899545669556e-02
2.837524190545082092e-02 3.712412714958190918e-02
2.944632247090339661e-02 3.047649189829826355e-02
3.097079321742057800e-02 3.470348566770553589e-02
3.352129086852073669e-02 3.359455987811088562e-02
3.278485313057899475e-02 3.766275942325592041e-02
3.714669123291969299e-02 3.652743995189666748e-02
3.590448573231697083e-02 3.431190177798271179e-02
3.494672477245330811e-02 3.190351277589797974e-02
3.489653766155242920e-02 3.012403473258018494e-02
3.404669463634490967e-02 3.115453198552131653e-02
3.613516315817832947e-02 3.076547384262084961e-02
3.608437627553939819e-02 2.993923239409923553e-02
3.630842268466949463e-02 3.330223262310028076e-02
3.569128736853599548e-02 2.986073493957519531e-02
3.379353508353233337e-02 2.439018897712230682e-02
3.302900493144989014e-02 2.210924588143825531e-02
3.211851045489311218e-02 2.339148707687854767e-02
3.280897065997123718e-02 2.217294275760650635e-02
3.072697110474109650e-02 2.109919860959053040e-02
3.073676303029060364e-02 2.390731126070022583e-02
2.929332852363586426e-02 2.434858120977878571e-02
2.946232818067073822e-02 2.248082309961318970e-02
2.784930914640426636e-02 2.177959866821765900e-02
2.792155742645263672e-02 2.208647876977920532e-02
2.812330238521099091e-02 2.657198533415794373e-02
2.656072750687599182e-02 2.404526621103286743e-02
2.639483474195003510e-02 2.212693169713020325e-02
2.627436071634292603e-02 2.348724380135536194e-02
2.562713623046875000e-02 2.069633826613426208e-02
2.461620233952999115e-02 2.079278230667114258e-02
2.533958107233047485e-02 2.274153754115104675e-02
2.595751732587814331e-02 2.500034123659133911e-02
2.734993770718574524e-02 2.501076087355613708e-02
2.484772540628910065e-02 2.358008548617362976e-02
2.597430348396301270e-02 2.643669024109840393e-02
2.686719410121440887e-02 2.961254492402076721e-02
2.456666156649589539e-02 3.036683052778244019e-02
2.373130619525909424e-02 3.326602280139923096e-02
2.483568713068962097e-02 3.282763063907623291e-02
2.415808662772178650e-02 3.708026558160781860e-02
2.374239824712276459e-02 4.109163582324981689e-02
2.482646517455577850e-02 4.074754193425178528e-02
2.271976321935653687e-02 5.106758326292037964e-02
2.511930651962757111e-02 5.175828188657760620e-02
2.550784125924110413e-02 5.417411401867866516e-02
2.399621158838272095e-02 5.455658957362174988e-02
2.702458575367927551e-02 5.200649425387382507e-02
2.543875202536582947e-02 5.086487904191017151e-02
2.573500946164131165e-02 4.728385433554649353e-02
2.604697458446025848e-02 4.058674722909927368e-02
2.917816303670406342e-02 4.352743551135063171e-02
2.460611611604690552e-02 4.264888539910316467e-02
2.285166829824447632e-02 4.235606268048286438e-02
2.940991148352622986e-02 5.529693886637687683e-02
2.806689590215682983e-02 5.365603044629096985e-02
2.600475400686264038e-02 4.818531870841979980e-02
2.662755176424980164e-02 4.222507774829864502e-02
2.693209797143936157e-02 4.395705834031105042e-02
2.565484866499900818e-02 4.103872552514076233e-02
2.556546404957771301e-02 2.909230254590511322e-02
2.129736915230751038e-02 2.391578070819377899e-02
2.541949599981307983e-02 2.722182497382164001e-02
1.800071448087692261e-02 2.887147665023803711e-02
2.586420439183712006e-02 4.131823033094406128e-02
2.406687289476394653e-02 3.775478526949882507e-02
2.617910876870155334e-02 4.317089915275573730e-02
2.676388435065746307e-02 4.286818578839302063e-02
2.651445940136909485e-02 3.533682972192764282e-02
2.492712438106536865e-02 3.709826990962028503e-02
2.333688177168369293e-02 3.987896069884300232e-02
2.140529081225395203e-02 2.388628944754600525e-02
2.242940664291381836e-02 2.177486754953861237e-02
2.147987857460975647e-02 2.293287217617034912e-02
2.158138342201709747e-02 2.450224012136459351e-02
1.988991722464561462e-02 2.175741642713546753e-02
2.059821784496307373e-02 2.428772300481796265e-02
2.205706015229225159e-02 2.388671226799488068e-02
2.117605879902839661e-02 2.731870487332344055e-02
2.231359109282493591e-02 2.826699428260326385e-02
1.836765743792057037e-02 3.294232115149497986e-02
1.964214816689491272e-02 1.804741472005844116e-02
1.959418505430221558e-02 1.911314018070697784e-02
2.070409432053565979e-02 2.640142664313316345e-02
2.371299639344215393e-02 2.769250236451625824e-02
2.439299039542675018e-02 2.789676561951637268e-02
2.473925426602363586e-02 2.791322767734527588e-02
2.169644273817539215e-02 1.979264244437217712e-02
2.464446984231472015e-02 2.120309881865978241e-02
2.085208520293235779e-02 1.880685240030288696e-02
2.055584453046321869e-02 1.918599009513854980e-02
1.805351488292217255e-02 1.908483542501926422e-02
2.039840817451477051e-02 1.721798442304134369e-02
2.066563069820404053e-02 2.091603726148605347e-02
2.090978808701038361e-02 3.028788417577743530e-02
1.993840560317039490e-02 3.022923320531845093e-02
2.278328314423561096e-02 3.125860169529914856e-02
2.428849786520004272e-02 4.058807343244552612e-02
2.408665977418422699e-02 3.498537093400955200e-02
2.230644784867763519e-02 3.744262456893920898e-02
2.313228137791156769e-02 3.767332434654235840e-02
2.182747237384319305e-02 3.182314708828926086e-02
2.015306614339351654e-02 3.317704796791076660e-02
2.111266925930976868e-02 3.733663260936737061e-02
1.921059563755989075e-02 3.622965887188911438e-02
1.936625316739082336e-02 3.133483976125717163e-02
2.165214158594608307e-02 3.048886917531490326e-02
2.152946032583713531e-02 3.541228920221328735e-02
2.247535064816474915e-02 3.358763456344604492e-02
2.073422074317932129e-02 3.019280731678009033e-02
2.106416597962379456e-02 2.827529050409793854e-02
1.573970541357994080e-02 2.747661247849464417e-02
1.535577327013015747e-02 2.827120944857597351e-02
1.493535377085208893e-02 2.309969812631607056e-02
1.694810204207897186e-02 2.525686100125312805e-02
1.903991028666496277e-02 2.829251065850257874e-02
1.712171919643878937e-02 2.594308368861675262e-02
1.802561618387699127e-02 2.078521624207496643e-02
1.735680364072322845e-02 2.102000825107097626e-02
1.767368614673614502e-02 2.122440189123153687e-02
1.886744983494281769e-02 2.037648297846317291e-02
1.889544911682605743e-02 2.187605202198028564e-02
1.959190517663955688e-02 2.903197705745697021e-02
2.091187238693237305e-02 3.477790579199790955e-02
2.166285179555416107e-02 3.555872291326522827e-02
2.102886140346527100e-02 3.379441797733306885e-02
2.199774980545043945e-02 3.863747045397758484e-02
2.204844541847705841e-02 3.413646295666694641e-02
2.139165811240673065e-02 3.392545133829116821e-02
2.228414267301559448e-02 3.169181942939758301e-02
2.340500056743621826e-02 2.814073488116264343e-02
2.439657598733901978e-02 2.887873724102973938e-02
2.633519843220710754e-02 2.904583513736724854e-02
2.670570649206638336e-02 2.605531550943851471e-02
2.750709652900695801e-02 2.707785926759243011e-02
2.733577415347099304e-02 2.744461037218570709e-02
2.366306260228157043e-02 2.375920489430427551e-02
1.950127258896827698e-02 1.728668063879013062e-02
1.859753392636775970e-02 1.434821635484695435e-02
2.647206746041774750e-02 1.800685003399848938e-02
2.677963860332965851e-02 1.467643864452838898e-02
2.627689018845558167e-02 1.749270409345626831e-02
2.507390826940536499e-02 1.770188659429550171e-02
2.472428046166896820e-02 1.786579191684722900e-02
2.456534095108509064e-02 2.119760215282440186e-02
2.477504499256610870e-02 2.184156887233257294e-02
2.265103533864021301e-02 1.891351304948329926e-02
2.257741987705230713e-02 1.796148717403411865e-02
2.505270577967166901e-02 1.883550547063350677e-02
2.462732605636119843e-02 1.809339597821235657e-02
2.454256266355514526e-02 1.797816902399063110e-02
2.462930977344512939e-02 1.868170313537120819e-02
2.555298432707786560e-02 2.029653638601303101e-02
2.417121827602386475e-02 1.825315877795219421e-02
2.295691706240177155e-02 1.832238957285881042e-02
2.470455318689346313e-02 2.178232185542583466e-02
2.256343886256217957e-02 2.443163283169269562e-02
2.261899784207344055e-02 2.124905772507190704e-02
2.004465833306312561e-02 2.054211683571338654e-02
2.281486429274082184e-02 3.205780684947967529e-02
2.093142271041870117e-02 2.600611187517642975e-02
2.196998149156570435e-02 3.368425369262695312e-02
2.094348147511482239e-02 3.267692029476165771e-02
1.866180449724197388e-02 2.929381653666496277e-02
1.671291887760162354e-02 2.451117150485515594e-02
1.593455858528614044e-02 1.594690233469009399e-02
1.806489378213882446e-02 2.060792036354541779e-02
1.604522392153739929e-02 1.741627790033817291e-02
1.938824169337749481e-02 2.314415760338306427e-02
1.812149956822395325e-02 2.005545236170291901e-02
2.190279215574264526e-02 2.318280935287475586e-02
2.099162712693214417e-02 2.656671777367591858e-02
2.061382681131362915e-02 2.882053144276142120e-02
1.747491396963596344e-02 2.504917979240417480e-02
1.476733200252056122e-02 2.297992631793022156e-02
1.565155386924743652e-02 2.050086669623851776e-02
1.704653166234493256e-02 2.230440638959407806e-02
1.887457631528377533e-02 2.045839652419090271e-02
1.774748042225837708e-02 1.722721196711063385e-02
1.976661197841167450e-02 2.487223222851753235e-02
2.171275205910205841e-02 1.974619552493095398e-02
2.139370329678058624e-02 2.241284027695655823e-02
2.175649069249629974e-02 2.462808601558208466e-02
2.416199445724487305e-02 2.666558884084224701e-02
2.259191498160362244e-02 2.412394620478153229e-02
2.463542297482490540e-02 2.407029271125793457e-02
2.448642998933792114e-02 2.470108307898044586e-02
2.556231617927551270e-02 2.526487782597541809e-02
2.486636489629745483e-02 2.639896981418132782e-02
2.392107248306274414e-02 2.608871087431907654e-02
2.627275884151458740e-02 2.774346619844436646e-02
3.017336502671241760e-02 2.821987494826316833e-02
2.515154145658016205e-02 2.302774228155612946e-02
2.299162000417709351e-02 2.031981945037841797e-02
