2.806192822754383087e-02 3.794645518064498901e-02
2.827318012714385986e-02 3.780929744243621826e-02
2.860577218234539032e-02 3.878434747457504272e-02
2.850293740630149841e-02 3.952027857303619385e-02
2.934394776821136475e-02 3.820865228772163391e-02
2.959331683814525604e-02 3.901386633515357971e-02
2.833558619022369385e-02 4.064887017011642456e-02
2.763625234365463257e-02 4.079865291714668274e-02
2.794566936790943146e-02 4.018940776586532593e-02
2.806641720235347748e-02 4.016596078872680664e-02
2.780044451355934143e-02 3.844831511378288269e-02
2.595101669430732727e-02 3.947833180427551270e-02
2.618727833032608032e-02 3.852771967649459839e-02
2.664450556039810181e-02 4.321677237749099731e-02
2.670866250991821289e-02 4.154246672987937927e-02
2.649090066552162170e-02 4.175261408090591431e-02
2.653562277555465698e-02 4.041025787591934204e-02
2.707894332706928253e-02 3.895555064082145691e-02
2.611209824681282043e-02 4.022781178355216980e-02
2.712658792734146118e-02 4.087803140282630920e-02
2.792730741202831268e-02 4.104572162032127380e-02
2.759679406881332397e-02 4.070186614990234375e-02
2.798739820718765259e-02 4.040132462978363037e-02
2.680973894894123077e-02 4.093981906771659851e-02
2.856644615530967712e-02 4.230232536792755127e-02
2.882156521081924438e-02 4.241497442126274109e-02
2.756050229072570801e-02 4.234958440065383911e-02
2.821085043251514435e-02 4.252406209707260132e-02
2.610638178884983063e-02 4.086365550756454468e-02
2.693582512438297272e-02 4.140292853116989136e-02
2.676100470125675201e-02 4.096566140651702881e-02
2.863628603518009186e-02 3.935116901993751526e-02
2.796667069196701050e-02 3.855916485190391541e-02
2.783938497304916382e-02 3.916504979133605957e-02
2.825875952839851379e-02 3.885757178068161011e-02
2.746943198144435883e-02 3.847108781337738037e-02
2.759009413421154022e-02 3.772489354014396667e-02
2.732279896736145020e-02 3.852083534002304077e-02
2.620865590870380402e-02 3.956342861056327820e-02
2.841028943657875061e-02 3.975198790431022644e-02
2.595429122447967529e-02 4.048832505941390991e-02
2.556142210960388184e-02 4.020722955465316772e-02
2.532267943024635315e-02 4.022473469376564026e-02
2.667082473635673523e-02 4.043263196945190430e-02
2.691223658621311188e-02 3.985083103179931641e-02
2.611991204321384430e-02 3.976625204086303711e-02
2.604090981185436249e-02 4.015884548425674438e-02
2.695506624877452850e-02 3.873123973608016968e-02
2.862775512039661407e-02 4.053423926234245300e-02
2.680024318397045135e-02 4.059814661741256714e-02
2.705726586282253265e-02 3.844938799738883972e-02
2.830432541668415070e-02 3.757976740598678589e-02
2.649728953838348389e-02 3.885879367589950562e-02
2.800001204013824463e-02 3.847258538007736206e-02
2.760227024555206299e-02 4.150292277336120605e-02
2.594408765435218811e-02 4.132667928934097290e-02
2.765413001179695129e-02 3.872400522232055664e-02
2.749616280198097229e-02 3.912869095802307129e-02
2.652184478938579559e-02 4.034062474966049194e-02
2.874010056257247925e-02 4.179387912154197693e-02
2.893529646098613739e-02 4.143119975924491882e-02
2.918498590588569641e-02 3.993872553110122681e-02
2.942803315818309784e-02 4.011444374918937683e-02
2.897837013006210327e-02 3.971534967422485352e-02
3.073627129197120667e-02 4.248851910233497620e-02
2.880667150020599365e-02 4.201082140207290649e-02
2.863432653248310089e-02 4.069564864039421082e-02
2.830968052148818970e-02 3.970748186111450195e-02
2.897359803318977356e-02 3.947501629590988159e-02
2.698228880763053894e-02 3.964196890592575073e-02
2.812374942004680634e-02 3.764864057302474976e-02
2.859947271645069122e-02 3.728822991251945496e-02
2.884490974247455597e-02 3.801055997610092163e-02
3.084726445376873016e-02 4.158516600728034973e-02
2.871287614107131958e-02 4.173954576253890991e-02
2.903414145112037659e-02 4.311491921544075012e-02
2.939285524189472198e-02 4.121384024620056152e-02
2.992762997746467590e-02 4.203076660633087158e-02
2.750913426280021667e-02 4.073948413133621216e-02
2.734822407364845276e-02 3.894149884581565857e-02
2.588674612343311310e-02 3.647371008992195129e-02
2.975355647504329681e-02 3.959477692842483521e-02
2.800974808633327484e-02 3.717999160289764404e-02
2.706842683255672455e-02 3.695387393236160278e-02
2.826874516904354095e-02 3.857306763529777527e-02
2.480660565197467804e-02 2.985264919698238373e-02
2.870508842170238495e-02 3.748212382197380066e-02
2.687709592282772064e-02 3.212726116180419922e-02
3.020960837602615356e-02 3.745291754603385925e-02
3.011662885546684265e-02 3.763579577207565308e-02
2.917920239269733429e-02 3.625053912401199341e-02
2.833842672407627106e-02 3.864695876836776733e-02
2.818337082862854004e-02 4.013650491833686829e-02
2.810606732964515686e-02 3.945527225732803345e-02
2.863981574773788452e-02 3.927617892622947693e-02
2.703465521335601807e-02 4.137860983610153198e-02
2.780311740934848785e-02 3.959624469280242920e-02
2.832112275063991547e-02 4.011313244700431824e-02
2.869321592152118683e-02 3.954577445983886719e-02
2.842709049582481384e-02 3.754443675279617310e-02
2.750423178076744080e-02 3.873539716005325317e-02
2.786183357238769531e-02 3.671730682253837585e-02
2.852719277143478394e-02 3.717027604579925537e-02
2.829463034868240356e-02 3.660816699266433716e-02
2.880197018384933472e-02 3.745220974087715149e-02
2.707088924944400787e-02 3.825458511710166931e-02
2.809857204556465149e-02 3.880476951599121094e-02
2.917624451220035553e-02 3.989868611097335815e-02
2.825873903930187225e-02 3.961143642663955688e-02
2.795103751122951508e-02 3.935445100069046021e-02
2.859064936637878418e-02 3.806372731924057007e-02
2.861371450126171112e-02 3.799283131957054138e-02
2.787635289132595062e-02 3.792782872915267944e-02
2.790239267051219940e-02 3.750983253121376038e-02
2.775720506906509399e-02 3.675532341003417969e-02
2.823286689817905426e-02 3.749763220548629761e-02
2.827618829905986786e-02 3.745858371257781982e-02
2.784838527441024780e-02 3.916562721133232117e-02
2.847413532435894012e-02 3.823786228895187378e-02
2.804692648351192474e-02 3.655000030994415283e-02
2.720770053565502167e-02 3.650400042533874512e-02
2.779786847531795502e-02 3.731314837932586670e-02
2.683711051940917969e-02 3.599201887845993042e-02
2.654580399394035339e-02 3.624885901808738708e-02
2.795033529400825500e-02 3.661007806658744812e-02
2.775832079350948334e-02 3.676856309175491333e-02
2.713263407349586487e-02 3.833558037877082825e-02
2.712027169764041901e-02 3.903869166970252991e-02
2.547472342848777771e-02 3.973025828599929810e-02
2.655626088380813599e-02 3.970725089311599731e-02
2.621818706393241882e-02 3.877887129783630371e-02
2.714527398347854614e-02 3.842797130346298218e-02
2.831446751952171326e-02 4.126148670911788940e-02
2.707093209028244019e-02 4.055928066372871399e-02
2.822123840451240540e-02 4.099413752555847168e-02
2.732081338763237000e-02 4.397157952189445496e-02
2.768705971539020538e-02 3.974930942058563232e-02
2.714408747851848602e-02 4.091613739728927612e-02
2.798606827855110168e-02 3.867547214031219482e-02
2.733125723898410797e-02 4.002787917852401733e-02
2.683411166071891785e-02 4.011767357587814331e-02
2.729326486587524414e-02 4.169032350182533264e-02
2.702419459819793701e-02 4.071724414825439453e-02
2.731636911630630493e-02 3.822457417845726013e-02
2.918132580816745758e-02 3.840248286724090576e-02
2.841625548899173737e-02 3.857979923486709595e-02
2.912112511694431305e-02 3.719073906540870667e-02
2.877353690564632416e-02 3.709710389375686646e-02
2.887916937470436096e-02 3.899171203374862671e-02
2.750612981617450714e-02 3.608317673206329346e-02
2.878356911242008209e-02 3.897982835769653320e-02
2.887306548655033112e-02 3.787808120250701904e-02
2.756464295089244843e-02 3.699905425310134888e-02
2.747760340571403503e-02 3.620731085538864136e-02
2.770539373159408569e-02 3.642484545707702637e-02
2.817751839756965637e-02 3.679058700799942017e-02
2.803998626768589020e-02 3.688744455575942993e-02
2.868269197642803192e-02 3.628357499837875366e-02
2.877550385892391205e-02 3.590257838368415833e-02
2.922013401985168457e-02 3.851538896560668945e-02
2.974450029432773590e-02 4.007469862699508667e-02
2.994003891944885254e-02 3.859753534197807312e-02
3.107999451458454132e-02 4.351750016212463379e-02
2.955403365194797516e-02 4.102304950356483459e-02
2.875929512083530426e-02 3.848541527986526489e-02
2.835390903055667877e-02 3.675844147801399231e-02
2.960704825818538666e-02 3.924690186977386475e-02
2.964978106319904327e-02 3.802847489714622498e-02
3.032024949789047241e-02 3.927168250083923340e-02
2.853517606854438782e-02 3.730015456676483154e-02
2.960578538477420807e-02 3.945781290531158447e-02
2.958607301115989685e-02 3.898538649082183838e-02
2.857786975800991058e-02 3.612937033176422119e-02
3.029519692063331604e-02 3.859093040227890015e-02
2.999932505190372467e-02 3.713434189558029175e-02
2.885043621063232422e-02 3.712462633848190308e-02
3.000917285680770874e-02 3.867067396640777588e-02
2.815635874867439270e-02 3.690847754478454590e-02
2.916247397661209106e-02 3.966538235545158386e-02
2.830317616462707520e-02 3.906052932143211365e-02
2.807315811514854431e-02 3.696949407458305359e-02
2.851530350744724274e-02 3.732796013355255127e-02
2.610290423035621643e-02 3.817617148160934448e-02
2.884334325790405273e-02 4.102921485900878906e-02
2.903558872640132904e-02 4.148583114147186279e-02
2.842104807496070862e-02 4.052972048521041870e-02
2.709692716598510742e-02 3.996786102652549744e-02
2.683657780289649963e-02 3.758845105767250061e-02
2.753596380352973938e-02 3.698276728391647339e-02
2.513134665787220001e-02 3.599799796938896179e-02
2.593419142067432404e-02 3.710038959980010986e-02
2.679849974811077118e-02 3.542097657918930054e-02
2.805412560701370239e-02 3.767473623156547546e-02
2.722298540174961090e-02 3.704245388507843018e-02
2.650356665253639221e-02 3.861053660511970520e-02
2.757265418767929077e-02 3.809952735900878906e-02
2.928462997078895569e-02 3.880127519369125366e-02
2.978342026472091675e-02 3.911626338958740234e-02
2.924675866961479187e-02 3.827840834856033325e-02
2.866206876933574677e-02 3.934694454073905945e-02
2.911614440381526947e-02 3.991683572530746460e-02
2.719018608331680298e-02 4.096187278628349304e-02
2.783381566405296326e-02 3.617075830698013306e-02
2.089340612292289734e-02 4.868713021278381348e-02
1.765185967087745667e-02 4.916974157094955444e-02
2.550885081291198730e-02 3.709822148084640503e-02
2.583554387092590332e-02 3.315890580415725708e-02
2.991795353591442108e-02 3.550674766302108765e-02
2.966364100575447083e-02 3.954390808939933777e-02
2.747161127626895905e-02 3.687345609068870544e-02
2.891175821423530579e-02 4.019331932067871094e-02
2.688818797469139099e-02 3.801345825195312500e-02
2.705932222306728363e-02 3.805577382445335388e-02
2.527675032615661621e-02 3.651797026395797729e-02
2.769075892865657806e-02 3.972375020384788513e-02
2.905032411217689514e-02 4.116984829306602478e-02
2.924504689872264862e-02 4.315712675452232361e-02
3.019723482429981232e-02 3.886459767818450928e-02
3.081312216818332672e-02 4.194100201129913330e-02
2.965630963444709778e-02 3.974710404872894287e-02
2.879126928746700287e-02 3.863541409373283386e-02
2.892212942242622375e-02 3.833130002021789551e-02
2.717403694987297058e-02 3.751765936613082886e-02
2.775236964225769043e-02 3.759633749723434448e-02
2.799389511346817017e-02 3.847900778055191040e-02
2.641994506120681763e-02 3.464807569980621338e-02
2.646417170763015747e-02 3.542896360158920288e-02
2.850655466318130493e-02 3.649811074137687683e-02
2.743872627615928650e-02 3.684971481561660767e-02
2.912759594619274139e-02 3.833804279565811157e-02
2.591234445571899414e-02 3.744387254118919373e-02
2.663627266883850098e-02 3.684718906879425049e-02
2.618730999529361725e-02 4.031181335449218750e-02
2.930279262363910675e-02 4.067103192210197449e-02
2.786252088844776154e-02 3.862192109227180481e-02
2.779074385762214661e-02 3.710846602916717529e-02
2.903301455080509186e-02 3.846500813961029053e-02
2.786597236990928650e-02 3.668626025319099426e-02
2.791089378297328949e-02 3.815071284770965576e-02
2.824989333748817444e-02 3.791824728250503540e-02
2.888966910541057587e-02 3.842726349830627441e-02
3.011570498347282410e-02 3.717571496963500977e-02
2.831251174211502075e-02 3.700234368443489075e-02
2.873254567384719849e-02 3.799754753708839417e-02
2.928366884589195251e-02 3.736436367034912109e-02
2.992002479732036591e-02 3.949180245399475098e-02
2.815102972090244293e-02 3.895857930183410645e-02
2.853356301784515381e-02 3.799448534846305847e-02
2.846115268766880035e-02 3.906868398189544678e-02
2.930536679923534393e-02 3.848241269588470459e-02
2.834676206111907959e-02 3.832066804170608521e-02
2.767232432961463928e-02 3.819830343127250671e-02
2.841352298855781555e-02 3.878850489854812622e-02
2.819268032908439636e-02 3.945288062095642090e-02
2.907698974013328552e-02 3.795481473207473755e-02
2.945235744118690491e-02 3.838349133729934692e-02
2.767746336758136749e-02 3.867881745100021362e-02
2.676213905215263367e-02 3.938033059239387512e-02
2.984452620148658752e-02 3.816481307148933411e-02
2.877105027437210083e-02 3.896456956863403320e-02
2.920512482523918152e-02 3.867372870445251465e-02
2.868955396115779877e-02 3.721620887517929077e-02
2.934278547763824463e-02 3.947556391358375549e-02
2.904764562845230103e-02 3.933168202638626099e-02
2.869944646954536438e-02 3.793031722307205200e-02
2.710081078112125397e-02 3.860902041196823120e-02
2.701772004365921021e-02 3.828018903732299805e-02
3.014369681477546692e-02 4.289015382528305054e-02
3.087304532527923584e-02 4.351183399558067322e-02
3.083745948970317841e-02 3.994746506214141846e-02
3.017888776957988739e-02 3.976607695221900940e-02
3.019198216497898102e-02 4.018667340278625488e-02
2.970618754625320435e-02 4.122503101825714111e-02
2.798879146575927734e-02 4.089771583676338196e-02
2.991046942770481110e-02 4.164574667811393738e-02
2.686693146824836731e-02 4.011055454611778259e-02
2.606774866580963135e-02 4.183581098914146423e-02
2.738937549293041229e-02 4.390021786093711853e-02
2.724570780992507935e-02 4.512767493724822998e-02
2.839542180299758911e-02 4.465467482805252075e-02
2.915889583528041840e-02 4.172202944755554199e-02
2.946174144744873047e-02 4.006666317582130432e-02
2.924538217484951019e-02 4.277532175183296204e-02
2.915518917143344879e-02 3.965689241886138916e-02
2.898767031729221344e-02 3.873924911022186279e-02
2.632554247975349426e-02 3.845828771591186523e-02
2.709432318806648254e-02 3.756897151470184326e-02
2.740747109055519104e-02 3.998610377311706543e-02
2.849163673818111420e-02 4.139955714344978333e-02
2.982561662793159485e-02 4.630022123456001282e-02
2.921030484139919281e-02 4.280542954802513123e-02
2.729957550764083862e-02 4.126909375190734863e-02
2.903608605265617371e-02 4.466318339109420776e-02
2.834086678922176361e-02 4.391581565141677856e-02
2.748820744454860687e-02 4.281451553106307983e-02
2.853184565901756287e-02 4.348821565508842468e-02
2.979494631290435791e-02 4.508612677454948425e-02
2.978049218654632568e-02 5.117335543036460876e-02
2.740316465497016907e-02 4.584651067852973938e-02
2.607424929738044739e-02 4.507281631231307983e-02
2.664237096905708313e-02 4.013423249125480652e-02
2.701919153332710266e-02 3.728470206260681152e-02
2.731673792004585266e-02 3.991304337978363037e-02
2.537978813052177429e-02 3.879410400986671448e-02
2.806754596531391144e-02 3.966468945145606995e-02
2.872703596949577332e-02 4.000991955399513245e-02
3.036786802113056183e-02 4.227519780397415161e-02
2.980500087141990662e-02 3.760075569152832031e-02
3.019880503416061401e-02 3.839377313852310181e-02
2.949160709977149963e-02 3.735231608152389526e-02
3.005281090736389160e-02 3.866981714963912964e-02
2.868612483143806458e-02 3.669037669897079468e-02
2.674861438572406769e-02 3.392881155014038086e-02
2.957984805107116699e-02 3.629207983613014221e-02
2.908446826040744781e-02 3.906488418579101562e-02
2.948415093123912811e-02 3.995392099022865295e-02
3.101908415555953979e-02 3.957839310169219971e-02
3.177253901958465576e-02 3.860503435134887695e-02
3.124893642961978912e-02 3.968754038214683533e-02
3.154215589165687561e-02 3.913413733243942261e-02
3.086896054446697235e-02 3.714246302843093872e-02
3.026782535016536713e-02 3.770107403397560120e-02
3.025682829320430756e-02 3.767817467451095581e-02
2.899559773504734039e-02 3.921788558363914490e-02
2.849864959716796875e-02 3.740924969315528870e-02
3.039941564202308655e-02 3.926822915673255920e-02
3.014454618096351624e-02 3.783764317631721497e-02
2.944494038820266724e-02 3.833701461553573608e-02
2.925778366625308990e-02 3.810150921344757080e-02
2.990629896521568298e-02 3.832989931106567383e-02
2.959103137254714966e-02 3.785426914691925049e-02
2.864482253789901733e-02 3.894864395260810852e-02
2.934068255126476288e-02 3.911643475294113159e-02
2.962843887507915497e-02 3.919571265578269958e-02
2.990305237472057343e-02 4.010612517595291138e-02
2.969724312424659729e-02 3.802065178751945496e-02
2.924863435328006744e-02 3.922201693058013916e-02
2.979289181530475616e-02 3.806945309042930603e-02
2.922607958316802979e-02 3.768593445420265198e-02
2.853954583406448364e-02 3.570241481065750122e-02
3.061447665095329285e-02 3.864349424839019775e-02
2.975719608366489410e-02 3.995096683502197266e-02
3.084804490208625793e-02 4.032838344573974609e-02
3.010396100580692291e-02 3.896350413560867310e-02
2.928613312542438507e-02 3.982252255082130432e-02
2.968806587159633636e-02 3.875551372766494751e-02
3.030908852815628052e-02 4.032390192151069641e-02
2.997164055705070496e-02 3.775223344564437866e-02
2.887824364006519318e-02 3.751385957002639771e-02
2.848281711339950562e-02 3.872527182102203369e-02
2.747891470789909363e-02 3.890977054834365845e-02
2.708599716424942017e-02 3.693174570798873901e-02
2.687992155551910400e-02 3.721256554126739502e-02
2.602129243314266205e-02 3.654257953166961670e-02
2.651984058320522308e-02 3.546900674700737000e-02
2.784724161028862000e-02 3.850133344531059265e-02
2.884397841989994049e-02 3.739846497774124146e-02
2.802763320505619049e-02 3.766651451587677002e-02
2.894525043666362762e-02 3.981118649244308472e-02
3.074454888701438904e-02 4.057832807302474976e-02
3.241049870848655701e-02 4.371695220470428467e-02
3.102381527423858643e-02 4.440651834011077881e-02
2.915849722921848297e-02 3.867959231138229370e-02
2.990626357495784760e-02 4.009514674544334412e-02
2.989833988249301910e-02 4.144639894366264343e-02
3.022040985524654388e-02 4.085887223482131958e-02
3.008732385933399200e-02 4.046861827373504639e-02
3.009484335780143738e-02 4.106317088007926941e-02
2.837736532092094421e-02 3.996893018484115601e-02
2.764408662915229797e-02 3.734286874532699585e-02
2.801099233329296112e-02 4.244625940918922424e-02
2.834974601864814758e-02 4.104906693100929260e-02
2.866027317941188812e-02 4.154852777719497681e-02
2.967105992138385773e-02 3.910470753908157349e-02
2.818934246897697449e-02 3.888786584138870239e-02
2.850493974983692169e-02 3.961525112390518188e-02
2.900566719472408295e-02 3.877481445670127869e-02
2.945269830524921417e-02 4.026252403855323792e-02
2.941693551838397980e-02 3.951315209269523621e-02
2.949184551835060120e-02 4.087426885962486267e-02
3.038194775581359863e-02 4.265692085027694702e-02
2.968958765268325806e-02 4.034881293773651123e-02
3.109895996749401093e-02 4.149170219898223877e-02
3.161072358489036560e-02 4.147904366254806519e-02
3.121004998683929443e-02 4.162291064858436584e-02
3.089603781700134277e-02 4.225429520010948181e-02
3.133664280176162720e-02 4.271572828292846680e-02
3.152109310030937195e-02 4.256313294172286987e-02
2.955159544944763184e-02 3.994626551866531372e-02
2.963630110025405884e-02 3.885301202535629272e-02
2.617719769477844238e-02 3.610189259052276611e-02
2.753315865993499756e-02 3.750108182430267334e-02
2.977523021399974823e-02 3.755919635295867920e-02
2.948926948010921478e-02 3.832910209894180298e-02
2.764853835105895996e-02 3.832591325044631958e-02
2.824223227798938751e-02 3.866980969905853271e-02
2.864076010882854462e-02 4.006504639983177185e-02
2.873331680893898010e-02 4.107611998915672302e-02
2.753863669931888580e-02 3.906171396374702454e-02
2.761638723313808441e-02 3.990203887224197388e-02
2.707650326192378998e-02 3.833596408367156982e-02
3.075327351689338684e-02 3.890924528241157532e-02
3.014731593430042267e-02 4.051669687032699585e-02
2.921396307647228241e-02 3.909458965063095093e-02
3.024526685476303101e-02 3.964328020811080933e-02
2.886181510984897614e-02 3.993964195251464844e-02
2.796504646539688110e-02 3.912810981273651123e-02
2.833345159888267517e-02 3.910356014966964722e-02
2.797594480216503143e-02 3.915673494338989258e-02
2.798535674810409546e-02 3.965640813112258911e-02
2.833936922252178192e-02 3.886074945330619812e-02
2.835403382778167725e-02 3.821098804473876953e-02
2.845974266529083252e-02 4.036977142095565796e-02
2.991504594683647156e-02 4.202557355165481567e-02
3.077827021479606628e-02 4.050400853157043457e-02
2.927498519420623779e-02 3.941342234611511230e-02
2.999117225408554077e-02 4.185526072978973389e-02
2.929939329624176025e-02 4.125991836190223694e-02
2.909396402537822723e-02 4.070438444614410400e-02
2.776706963777542114e-02 3.934975713491439819e-02
2.869958057999610901e-02 4.013422876596450806e-02
2.941687777638435364e-02 3.995425999164581299e-02
2.575874142348766327e-02 4.649181291460990906e-02
2.697198837995529175e-02 4.167610406875610352e-02
2.796239592134952545e-02 4.156105592846870422e-02
2.875812910497188568e-02 4.070463031530380249e-02
2.773380093276500702e-02 4.071272164583206177e-02
2.965234965085983276e-02 4.172379896044731140e-02
2.772824838757514954e-02 4.238979518413543701e-02
3.058502264320850372e-02 4.168779402971267700e-02
3.020748309791088104e-02 4.113196581602096558e-02
2.843578346073627472e-02 3.883373364806175232e-02
2.996848523616790771e-02 4.170078411698341370e-02
2.936261333525180817e-02 3.995999693870544434e-02
2.958069369196891785e-02 4.097780212759971619e-02
3.002419136464595795e-02 4.043203592300415039e-02
3.207991644740104675e-02 4.586900398135185242e-02
3.099611587822437286e-02 4.236264526844024658e-02
3.007705137133598328e-02 4.137475788593292236e-02
2.984165214002132416e-02 4.108376801013946533e-02
2.996710315346717834e-02 3.878750279545783997e-02
3.071367740631103516e-02 4.027801752090454102e-02
3.023596480488777161e-02 4.025422409176826477e-02
3.089583665132522583e-02 3.771574422717094421e-02
3.117299079895019531e-02 3.951219841837882996e-02
3.086073137819766998e-02 3.943032398819923401e-02
2.819416485726833344e-02 3.736610338091850281e-02
2.711774781346321106e-02 3.750792145729064941e-02
2.928327396512031555e-02 3.869814798235893250e-02
2.969550155103206635e-02 3.709903359413146973e-02
2.974474057555198669e-02 3.651885315775871277e-02
3.047656267881393433e-02 3.813592344522476196e-02
2.879885584115982056e-02 3.814192116260528564e-02
2.861810661852359772e-02 3.821600228548049927e-02
2.899052575230598450e-02 3.860374540090560913e-02
2.891440317034721375e-02 3.779267519712448120e-02
2.954562939703464508e-02 3.872165828943252563e-02
2.838598564267158508e-02 3.769225627183914185e-02
2.883243188261985779e-02 3.740106523036956787e-02
2.900852821767330170e-02 3.755845502018928528e-02
2.954192645847797394e-02 3.740549832582473755e-02
2.953013218939304352e-02 3.964994102716445923e-02
2.994570322334766388e-02 3.953958302736282349e-02
2.986777573823928833e-02 3.825544193387031555e-02
2.908631600439548492e-02 3.935712948441505432e-02
2.960755489766597748e-02 3.904141485691070557e-02
2.964585833251476288e-02 3.924842178821563721e-02
2.872569300234317780e-02 3.922190517187118530e-02
2.884690649807453156e-02 3.812806308269500732e-02
2.885346300899982452e-02 3.813691437244415283e-02
2.800635434687137604e-02 3.788245469331741333e-02
2.828808687627315521e-02 3.811573982238769531e-02
2.728146687150001526e-02 3.729069605469703674e-02
2.666713297367095947e-02 3.757753223180770874e-02
2.726300247013568878e-02 3.893826901912689209e-02
2.675875276327133179e-02 3.775760531425476074e-02
2.756536379456520081e-02 3.926569223403930664e-02
2.861144766211509705e-02 3.801757842302322388e-02
2.788309939205646515e-02 3.887961432337760925e-02
2.689036540687084198e-02 3.691248595714569092e-02
2.679746598005294800e-02 3.774794936180114746e-02
2.594955451786518097e-02 3.791312128305435181e-02
2.761280350387096405e-02 3.874912112951278687e-02
2.867820858955383301e-02 4.018434137105941772e-02
2.838840521872043610e-02 3.862983360886573792e-02
2.923038601875305176e-02 3.973239660263061523e-02
2.670400217175483704e-02 3.777758404612541199e-02
2.633114531636238098e-02 3.714127838611602783e-02
2.781067788600921631e-02 3.805529698729515076e-02
2.658058702945709229e-02 3.805278986692428589e-02
2.770772576332092285e-02 3.870451450347900391e-02
2.585550025105476379e-02 3.921211510896682739e-02
2.790019288659095764e-02 3.886030241847038269e-02
2.820865623652935028e-02 3.789658099412918091e-02
2.717997133731842041e-02 3.881163895130157471e-02
2.844006381928920746e-02 4.125005006790161133e-02
2.318454161286354065e-02 3.587435185909271240e-02
2.442995831370353699e-02 3.484806418418884277e-02
2.638916112482547760e-02 3.627040237188339233e-02
2.667496353387832642e-02 3.633242473006248474e-02
2.787407860159873962e-02 3.684056177735328674e-02
2.782422676682472229e-02 3.684012591838836670e-02
2.948124147951602936e-02 3.896961361169815063e-02
2.845335938036441803e-02 3.994838520884513855e-02
2.721114829182624817e-02 4.114189743995666504e-02
2.577636390924453735e-02 3.784677758812904358e-02
2.639237046241760254e-02 3.923380002379417419e-02
2.841519936919212341e-02 4.167146235704421997e-02
2.643657661974430084e-02 3.852977603673934937e-02
2.640673890709877014e-02 3.818999975919723511e-02
2.685633115470409393e-02 4.088639467954635620e-02
2.773717604577541351e-02 4.056411236524581909e-02
2.789308689534664154e-02 3.967176005244255066e-02
2.992043457925319672e-02 4.416244104504585266e-02
2.736000716686248779e-02 3.965954482555389404e-02
2.714729681611061096e-02 4.036413505673408508e-02
2.654951624572277069e-02 4.354975372552871704e-02
2.561766281723976135e-02 4.234474152326583862e-02
2.358955331146717072e-02 3.597310185432434082e-02
2.565731666982173920e-02 3.420753777027130127e-02
2.551198005676269531e-02 3.805730864405632019e-02
2.296643890440464020e-02 3.714268282055854797e-02
2.719913795590400696e-02 3.670709580183029175e-02
2.668749727308750153e-02 3.629335016012191772e-02
2.663237042725086212e-02 3.509988635778427124e-02
2.676465734839439392e-02 3.530757129192352295e-02
2.938791178166866302e-02 3.585341572761535645e-02
2.771009318530559540e-02 3.736963123083114624e-02
2.744901552796363831e-02 4.089783132076263428e-02
2.740374952554702759e-02 3.990437090396881104e-02
2.758005633950233459e-02 3.763243928551673889e-02
2.447674423456192017e-02 3.902424499392509460e-02
3.134287148714065552e-02 4.541937261819839478e-02
2.881771698594093323e-02 3.985320031642913818e-02
2.751571685075759888e-02 3.915953636169433594e-02
2.619832009077072144e-02 3.826980292797088623e-02
2.558031305670738220e-02 3.678645193576812744e-02
2.476568706333637238e-02 3.666489943861961365e-02
2.296005003154277802e-02 3.067310899496078491e-02
2.660757116973400116e-02 3.510175272822380066e-02
2.533761039376258850e-02 3.223911672830581665e-02
2.627219818532466888e-02 3.389304876327514648e-02
2.766750007867813110e-02 3.419844433665275574e-02
2.742835134267807007e-02 3.790634125471115112e-02
2.809913828969001770e-02 4.055728018283843994e-02
2.859721891582012177e-02 4.155649617314338684e-02
2.612109296023845673e-02 4.097396135330200195e-02
2.566557936370372772e-02 3.825280815362930298e-02
2.896036207675933838e-02 3.945109248161315918e-02
3.002810291945934296e-02 4.040419310331344604e-02
2.917226776480674744e-02 3.828737884759902954e-02
3.143166005611419678e-02 4.104216396808624268e-02
2.988251671195030212e-02 4.132646322250366211e-02
2.952907420694828033e-02 4.095623269677162170e-02
2.911886759102344513e-02 3.978302702307701111e-02
2.913508377969264984e-02 4.127152636647224426e-02
3.038720786571502686e-02 4.235548526048660278e-02
3.021984174847602844e-02 3.822700679302215576e-02
2.798430435359477997e-02 3.709660470485687256e-02
2.942750602960586548e-02 4.212075471878051758e-02
2.886360511183738708e-02 3.851073235273361206e-02
2.646377310156822205e-02 3.575251996517181396e-02
2.758814953267574310e-02 3.764136880636215210e-02
2.893776074051856995e-02 3.866720199584960938e-02
2.924860455095767975e-02 3.929973393678665161e-02
3.111273981630802155e-02 4.088004305958747864e-02
3.174323961138725281e-02 4.204735532402992249e-02
2.903767488896846771e-02 3.901219367980957031e-02
2.873623371124267578e-02 3.987833112478256226e-02
3.252994269132614136e-02 4.271379858255386353e-02
3.238365426659584045e-02 4.241983592510223389e-02
2.878371439874172211e-02 4.021886736154556274e-02
2.928016893565654755e-02 3.798525780439376831e-02
2.951887436211109161e-02 4.073656722903251648e-02
2.911344729363918304e-02 3.684148937463760376e-02
2.936596237123012543e-02 3.988759592175483704e-02
2.818705886602401733e-02 3.813389688730239868e-02
2.877588756382465363e-02 3.823284804821014404e-02
2.713686414062976837e-02 3.655732795596122742e-02
2.823006920516490936e-02 3.671244531869888306e-02
2.748098783195018768e-02 3.620203211903572083e-02
2.919845841825008392e-02 3.972612321376800537e-02
2.942769601941108704e-02 3.902664035558700562e-02
2.748235873878002167e-02 3.585021570324897766e-02
2.807799354195594788e-02 3.736308962106704712e-02
2.596465311944484711e-02 3.595848381519317627e-02
2.537335827946662903e-02 3.410696610808372498e-02
2.909530885517597198e-02 4.009754210710525513e-02
2.829209715127944946e-02 3.785476088523864746e-02
2.829083427786827087e-02 4.071483388543128967e-02
2.890134230256080627e-02 3.840040788054466248e-02
2.769324555993080139e-02 3.560942411422729492e-02
2.891579270362854004e-02 4.125162214040756226e-02
2.916645817458629608e-02 3.905140608549118042e-02
3.012811206281185150e-02 4.230884462594985962e-02
2.921877056360244751e-02 3.836122527718544006e-02
2.862914651632308960e-02 3.834921121597290039e-02
2.837402559816837311e-02 4.026945307850837708e-02
2.799962647259235382e-02 3.892847150564193726e-02
2.908892929553985596e-02 3.904540836811065674e-02
2.766969427466392517e-02 3.966099023818969727e-02
2.812182717025279999e-02 3.873217105865478516e-02
2.814965322613716125e-02 4.089484363794326782e-02
2.783417887985706329e-02 4.171814769506454468e-02
2.825714088976383209e-02 4.090880602598190308e-02
2.641955576837062836e-02 4.117129370570182800e-02
2.805749140679836273e-02 4.004207625985145569e-02
2.535903267562389374e-02 3.854643180966377258e-02
2.653157711029052734e-02 3.922651708126068115e-02
2.532516978681087494e-02 3.795039653778076172e-02
2.658044919371604919e-02 3.740839660167694092e-02
2.833699993789196014e-02 3.993374109268188477e-02
2.678783610463142395e-02 4.022504389286041260e-02
2.741608768701553345e-02 3.854505717754364014e-02
2.708369120955467224e-02 3.826370835304260254e-02
2.857273444533348083e-02 4.052281379699707031e-02
2.814726345241069794e-02 4.030358418822288513e-02
2.826114557683467865e-02 3.974765539169311523e-02
2.912685833871364594e-02 4.100675135850906372e-02
2.801115624606609344e-02 3.884544223546981812e-02
2.835747227072715759e-02 3.832506388425827026e-02
2.777770161628723145e-02 4.071612283587455750e-02
2.805726043879985809e-02 4.121229797601699829e-02
2.931981347501277924e-02 4.114019870758056641e-02
2.857573889195919037e-02 4.124289751052856445e-02
2.786643058061599731e-02 4.101240634918212891e-02
2.860329300165176392e-02 4.383429139852523804e-02
2.841351181268692017e-02 4.095482826232910156e-02
2.736897021532058716e-02 4.253085330128669739e-02
3.003908693790435791e-02 4.107810929417610168e-02
2.674590237438678741e-02 3.976123034954071045e-02
2.846710570156574249e-02 3.916418179869651794e-02
2.980106696486473083e-02 3.784058988094329834e-02
2.870688587427139282e-02 3.850419819355010986e-02
3.096618503332138062e-02 4.051191359758377075e-02
3.102039173245429993e-02 4.067213088274002075e-02
3.036390244960784912e-02 3.824482858180999756e-02
2.990703471004962921e-02 3.959136456251144409e-02
2.963928505778312683e-02 4.161426797509193420e-02
3.023791313171386719e-02 4.300680011510848999e-02
2.987831085920333862e-02 4.142210632562637329e-02
2.769264206290245056e-02 4.016162827610969543e-02
2.937855944037437439e-02 4.101113229990005493e-02
3.145048767328262329e-02 4.702367261052131653e-02
3.180913627147674561e-02 4.451874643564224243e-02
2.969653904438018799e-02 4.558255523443222046e-02
2.979224175214767456e-02 4.425086826086044312e-02
2.828988246619701385e-02 4.571255296468734741e-02
3.078470006585121155e-02 4.790035262703895569e-02
3.190342709422111511e-02 4.656968638300895691e-02
3.678268194198608398e-02 5.058354139328002930e-02
3.710643202066421509e-02 4.659051448106765747e-02
3.022806905210018158e-02 4.044319316744804382e-02
2.960051037371158600e-02 3.731294721364974976e-02
2.700942754745483398e-02 3.771270439028739929e-02
2.540398016571998596e-02 3.541108965873718262e-02
2.961440943181514740e-02 3.555703163146972656e-02
2.577985078096389771e-02 3.211338818073272705e-02
2.519810572266578674e-02 2.961881086230278015e-02
2.432872727513313293e-02 2.775488048791885376e-02
2.197873964905738831e-02 3.657472878694534302e-02
1.733461394906044006e-02 2.861454896628856659e-02
1.205446384847164154e-02 3.086210228502750397e-02
1.017935760319232941e-02 3.330422937870025635e-02
1.156413182616233826e-02 3.181403130292892456e-02
1.773692294955253601e-02 3.906377404928207397e-02
1.987794600427150726e-02 3.997978940606117249e-02
2.305386215448379517e-02 3.980161994695663452e-02
3.168210014700889587e-02 3.952867537736892700e-02
2.669487334787845612e-02 3.725703060626983643e-02
2.321635186672210693e-02 3.280626982450485229e-02
2.130595594644546509e-02 3.092196397483348846e-02
2.391138859093189240e-02 3.451275080442428589e-02
2.401429042220115662e-02 3.457406908273696899e-02
2.844018675386905670e-02 4.066650569438934326e-02
2.762596681714057922e-02 3.960489109158515930e-02
2.983537875115871429e-02 3.312017023563385010e-02
2.723041921854019165e-02 3.026943281292915344e-02
2.529572322964668274e-02 3.594237565994262695e-02
2.173940837383270264e-02 3.251505643129348755e-02
1.993446983397006989e-02 2.852620370686054230e-02
2.043155953288078308e-02 2.241054177284240723e-02
1.996755413711071014e-02 1.769573986530303955e-02
2.032669633626937866e-02 1.924799755215644836e-02
2.095179259777069092e-02 1.667886972427368164e-02
3.239948302507400513e-02 4.046515375375747681e-02
3.205613791942596436e-02 3.979167342185974121e-02
2.280998602509498596e-02 2.006660588085651398e-02
2.255067601799964905e-02 3.394208103418350220e-02
2.145628631114959717e-02 3.218162432312965393e-02
2.811801061034202576e-02 3.917507454752922058e-02
2.639932557940483093e-02 3.840875625610351562e-02
2.508538402616977692e-02 3.915155678987503052e-02
2.527663297951221466e-02 3.869802132248878479e-02
2.427592128515243530e-02 3.859246522188186646e-02
2.624885924160480499e-02 3.859672322869300842e-02
2.732113935053348541e-02 3.847752138972282410e-02
2.581186220049858093e-02 3.814076632261276245e-02
2.673729881644248962e-02 3.868869319558143616e-02
2.758499421179294586e-02 3.963783755898475647e-02
2.666147053241729736e-02 3.785512968897819519e-02
2.710954658687114716e-02 3.772864118218421936e-02
2.694518491625785828e-02 3.880941122770309448e-02
2.674066275358200073e-02 3.879313915967941284e-02
2.718995325267314911e-02 3.799612447619438171e-02
2.832494303584098816e-02 3.699098527431488037e-02
2.739412710070610046e-02 3.608227521181106567e-02
2.628504112362861633e-02 3.508114814758300781e-02
2.326127514243125916e-02 3.197031095623970032e-02
2.485591731965541840e-02 3.283273428678512573e-02
2.158706262707710266e-02 2.690149843692779541e-02
2.467601001262664795e-02 3.514390811324119568e-02
2.626017294824123383e-02 3.616273403167724609e-02
2.537161111831665039e-02 3.847330808639526367e-02
2.632939815521240234e-02 3.705297037959098816e-02
2.399089559912681580e-02 3.549620136618614197e-02
2.548779919743537903e-02 3.519752994179725647e-02
2.395577728748321533e-02 3.312735259532928467e-02
2.701306901872158051e-02 3.382193297147750854e-02
2.564351446926593781e-02 3.285246714949607849e-02
2.435821853578090668e-02 3.138220310211181641e-02
2.765762992203235626e-02 3.544794023036956787e-02
2.423081360757350922e-02 3.487668186426162720e-02
2.900983393192291260e-02 3.849371895194053650e-02
2.855967171490192413e-02 3.871057927608489990e-02
2.641843818128108978e-02 3.642249852418899536e-02
2.570595778524875641e-02 3.685567900538444519e-02
2.622666768729686737e-02 3.602962195873260498e-02
2.723530307412147522e-02 3.727998957037925720e-02
2.531155198812484741e-02 3.489085286855697632e-02
2.823217399418354034e-02 4.036778584122657776e-02
2.798840776085853577e-02 4.089588671922683716e-02
2.753495238721370697e-02 3.936785832047462463e-02
2.765816822648048401e-02 3.876973316073417664e-02
2.718823961913585663e-02 3.840184211730957031e-02
2.851832099258899689e-02 4.140416160225868225e-02
2.798873931169509888e-02 3.995556384325027466e-02
2.834526449441909790e-02 3.987871110439300537e-02
2.679860591888427734e-02 3.914039582014083862e-02
2.660953998565673828e-02 3.842074424028396606e-02
2.516487054526805878e-02 3.743332624435424805e-02
2.532594464719295502e-02 3.686992824077606201e-02
2.668081596493721008e-02 3.659759461879730225e-02
2.710325084626674652e-02 3.685561940073966980e-02
2.677550725638866425e-02 3.590065985918045044e-02
2.803995460271835327e-02 3.831678628921508789e-02
2.856394834816455841e-02 3.904280066490173340e-02
2.867147885262966156e-02 3.793717548251152039e-02
2.741364017128944397e-02 4.051364958286285400e-02
2.716347575187683105e-02 4.200661927461624146e-02
2.859525755047798157e-02 4.036628827452659607e-02
2.910432405769824982e-02 3.916547447443008423e-02
2.792680263519287109e-02 3.896191716194152832e-02
2.953274920582771301e-02 3.888186812400817871e-02
2.970616519451141357e-02 3.986050188541412354e-02
2.777229622006416321e-02 3.864654898643493652e-02
2.907384932041168213e-02 3.919697925448417664e-02
3.086581639945507050e-02 3.954365849494934082e-02
3.041155822575092316e-02 4.174867272377014160e-02
2.990802377462387085e-02 3.932621330022811890e-02
2.977199293673038483e-02 3.808040171861648560e-02
2.994983457028865814e-02 4.019467532634735107e-02
2.958698570728302002e-02 3.963572531938552856e-02
2.951981127262115479e-02 3.864624351263046265e-02
2.999086864292621613e-02 4.023648798465728760e-02
3.021982684731483459e-02 3.864499181509017944e-02
2.905596792697906494e-02 3.984005749225616455e-02
2.926766686141490936e-02 3.786465525627136230e-02
2.883664704859256744e-02 3.792180120944976807e-02
2.847464010119438171e-02 3.848299384117126465e-02
2.828416787087917328e-02 4.032998904585838318e-02
2.951230667531490326e-02 3.987395763397216797e-02
2.979752793908119202e-02 4.072364419698715210e-02
2.855242416262626648e-02 3.968216106295585632e-02
2.765473350882530212e-02 4.137101396918296814e-02
2.818130701780319214e-02 3.830392658710479736e-02
2.880313061177730560e-02 3.950980305671691895e-02
2.963097952306270599e-02 4.250887408852577209e-02
2.812859602272510529e-02 4.043722525238990784e-02
3.053790703415870667e-02 4.071903973817825317e-02
3.094136156141757965e-02 4.023285210132598877e-02
2.987826429307460785e-02 4.054743796586990356e-02
2.926626615226268768e-02 3.908550366759300232e-02
3.033524751663208008e-02 4.003670811653137207e-02
2.986214123666286469e-02 4.167648777365684509e-02
2.944208122789859772e-02 3.840161487460136414e-02
3.015885502099990845e-02 3.753319382667541504e-02
2.957114018499851227e-02 3.847811371088027954e-02
2.937050163745880127e-02 3.825945034623146057e-02
3.011264279484748840e-02 3.767353296279907227e-02
2.928434126079082489e-02 3.818283602595329285e-02
3.033252432942390442e-02 3.765328228473663330e-02
3.017480857670307159e-02 3.818313032388687134e-02
3.056460991501808167e-02 3.881724923849105835e-02
2.795881778001785278e-02 3.837783634662628174e-02
2.802239544689655304e-02 3.755639493465423584e-02
2.933757938444614410e-02 3.828911483287811279e-02
2.867462486028671265e-02 3.959899768233299255e-02
2.920959331095218658e-02 3.986201062798500061e-02
2.990341559052467346e-02 3.994650021195411682e-02
3.055535629391670227e-02 3.820846974849700928e-02
3.013221174478530884e-02 3.757798671722412109e-02
3.032102249562740326e-02 3.579886257648468018e-02
2.765535935759544373e-02 3.368748351931571960e-02
2.921401150524616241e-02 3.377594798803329468e-02
3.111280500888824463e-02 3.886703029274940491e-02
3.230723366141319275e-02 4.064401984214782715e-02
2.845210209488868713e-02 3.192242980003356934e-02
2.579965814948081970e-02 3.042759001255035400e-02
2.843166142702102661e-02 3.266868367791175842e-02
2.931109257042407990e-02 3.679873049259185791e-02
2.790235169231891632e-02 3.739005327224731445e-02
2.933535166084766388e-02 3.873885422945022583e-02
2.950849384069442749e-02 3.443904966115951538e-02
3.192581236362457275e-02 4.209693521261215210e-02
3.111844137310981750e-02 4.330779612064361572e-02
3.013063408434391022e-02 4.108173400163650513e-02
3.036992251873016357e-02 4.067618399858474731e-02
3.066999092698097229e-02 3.998407721519470215e-02
2.848928794264793396e-02 3.548021987080574036e-02
2.903487160801887512e-02 3.645738214254379272e-02
3.186618909239768982e-02 4.243379831314086914e-02
3.065015189349651337e-02 4.066556319594383240e-02
2.890634909272193909e-02 3.751273453235626221e-02
2.860024943947792053e-02 3.728319704532623291e-02
2.907412499189376831e-02 3.845486417412757874e-02
2.883207798004150391e-02 3.786202520132064819e-02
2.917243726551532745e-02 3.776280581951141357e-02
3.030357696115970612e-02 3.906536474823951721e-02
2.708156034350395203e-02 3.663215786218643188e-02
2.898267656564712524e-02 3.748087957501411438e-02
2.961519174277782440e-02 3.997492045164108276e-02
2.674432843923568726e-02 3.784813359379768372e-02
2.708038873970508575e-02 4.144925996661186218e-02
2.972072735428810120e-02 4.079403728246688843e-02
3.010366670787334442e-02 4.146590083837509155e-02
2.786386385560035706e-02 3.793365880846977234e-02
2.925563231110572815e-02 3.945770859718322754e-02
2.765707857906818390e-02 3.713092207908630371e-02
2.781693264842033386e-02 3.496310114860534668e-02
2.506254240870475769e-02 2.994704991579055786e-02
2.724046818912029266e-02 3.421317785978317261e-02
2.941055409610271454e-02 3.815101087093353271e-02
2.675945498049259186e-02 3.649114072322845459e-02
2.947577834129333496e-02 3.741471841931343079e-02
2.950589172542095184e-02 4.014242440462112427e-02
3.048673085868358612e-02 3.965722396969795227e-02
2.868486009538173676e-02 3.974741324782371521e-02
2.548276633024215698e-02 3.500613570213317871e-02
2.701058983802795410e-02 3.622196987271308899e-02
2.777145989239215851e-02 3.941455855965614319e-02
2.911272458732128143e-02 3.957821428775787354e-02
2.670568786561489105e-02 3.618637472391128540e-02
2.494689822196960449e-02 3.232707083225250244e-02
2.439924702048301697e-02 3.397044911980628967e-02
2.694529853761196136e-02 3.588469699025154114e-02
2.486137300729751587e-02 3.220402076840400696e-02
2.824987284839153290e-02 3.626830875873565674e-02
2.813540585339069366e-02 3.761432319879531860e-02
2.921453490853309631e-02 3.926618397235870361e-02
2.773023769259452820e-02 3.697817027568817139e-02
2.883555740118026733e-02 3.697703778743743896e-02
2.776427567005157471e-02 3.335559740662574768e-02
2.801353856921195984e-02 3.592038899660110474e-02
2.845737338066101074e-02 3.923038020730018616e-02
2.989898435771465302e-02 3.689480945467948914e-02
2.998223714530467987e-02 3.799369931221008301e-02
3.042491711676120758e-02 3.944580629467964172e-02
2.899954468011856079e-02 4.094547778367996216e-02
2.775900438427925110e-02 3.723689913749694824e-02
2.812236174941062927e-02 3.698731958866119385e-02
2.823835797607898712e-02 3.794251382350921631e-02
2.972582168877124786e-02 3.836523741483688354e-02
2.978955022990703583e-02 3.712138533592224121e-02
2.960086241364479065e-02 3.547522425651550293e-02
2.976400777697563171e-02 3.711609914898872375e-02
3.007488138973712921e-02 3.934793919324874878e-02
2.939165942370891571e-02 3.527919575572013855e-02
2.946169301867485046e-02 3.415794670581817627e-02
3.087972104549407959e-02 3.865284472703933716e-02
3.089224919676780701e-02 3.925157710909843445e-02
3.041639924049377441e-02 3.891585022211074829e-02
2.672381885349750519e-02 3.361748531460762024e-02
2.948016673326492310e-02 3.735595941543579102e-02
2.840027399361133575e-02 3.839089721441268921e-02
3.043269738554954529e-02 3.832334280014038086e-02
2.963241562247276306e-02 3.788761049509048462e-02
2.891069091856479645e-02 3.774574398994445801e-02
2.663803473114967346e-02 3.934943675994873047e-02
2.752191014587879181e-02 3.864188492298126221e-02
2.792059443891048431e-02 3.926654532551765442e-02
2.935878932476043701e-02 3.902326524257659912e-02
2.931453660130500793e-02 3.917346149682998657e-02
2.844509109854698181e-02 4.044521600008010864e-02
2.896086126565933228e-02 4.148945212364196777e-02
2.831745520234107971e-02 3.952040895819664001e-02
2.596200443804264069e-02 3.912313282489776611e-02
2.806788124144077301e-02 3.765267878770828247e-02
2.857019752264022827e-02 3.834357485175132751e-02
3.006600588560104370e-02 3.841850534081459045e-02
2.930413559079170227e-02 3.698945045471191406e-02
2.919301576912403107e-02 3.763060271739959717e-02
2.876614220440387726e-02 3.702038154006004333e-02
2.946662716567516327e-02 3.697778284549713135e-02
2.433762326836585999e-02 3.456361591815948486e-02
2.621472999453544617e-02 3.590224310755729675e-02
2.852466516196727753e-02 3.797106444835662842e-02
2.833930402994155884e-02 3.822078555822372437e-02
3.017902374267578125e-02 3.999944031238555908e-02
2.988228760659694672e-02 3.918315097689628601e-02
2.811872586607933044e-02 3.887363523244857788e-02
2.937340550124645233e-02 3.916789591312408447e-02
2.976721897721290588e-02 4.037459567189216614e-02
2.797034941613674164e-02 3.958261385560035706e-02
2.740685455501079559e-02 3.933478891849517822e-02
2.758726663887500763e-02 3.917215764522552490e-02
2.873735129833221436e-02 3.952650725841522217e-02
2.829044871032238007e-02 3.993137925863265991e-02
2.978309430181980133e-02 3.906547278165817261e-02
2.986945025622844696e-02 3.978561609983444214e-02
2.864164486527442932e-02 3.802662342786788940e-02
2.942498587071895599e-02 3.785033896565437317e-02
2.936815656721591949e-02 3.741981834173202515e-02
2.922854013741016388e-02 3.767524659633636475e-02
2.881436794996261597e-02 3.758634626865386963e-02
3.017221391201019287e-02 3.726063296198844910e-02
2.890121378004550934e-02 3.724172711372375488e-02
3.062333166599273682e-02 3.854508697986602783e-02
3.001828491687774658e-02 3.859242796897888184e-02
3.008021414279937744e-02 3.746744245290756226e-02
2.942988276481628418e-02 3.928969800472259521e-02
2.818543277680873871e-02 3.883808478713035583e-02
3.040309809148311615e-02 3.876656666398048401e-02
3.038769587874412537e-02 3.978987038135528564e-02
3.004747256636619568e-02 3.974103927612304688e-02
3.014491684734821320e-02 3.986627981066703796e-02
3.032245114445686340e-02 3.923603147268295288e-02
2.931049838662147522e-02 3.971066325902938843e-02
2.889341861009597778e-02 3.905918449163436890e-02
2.934577316045761108e-02 3.967540711164474487e-02
2.820641174912452698e-02 3.933347016572952271e-02
2.846321836113929749e-02 3.888404741883277893e-02
2.806891873478889465e-02 3.874203935265541077e-02
2.946677058935165405e-02 3.849551081657409668e-02
2.836704254150390625e-02 3.823600336909294128e-02
2.903869003057479858e-02 4.032587632536888123e-02
2.934121713042259216e-02 4.057306423783302307e-02
2.945402264595031738e-02 3.986028581857681274e-02
2.907760441303253174e-02 3.987136110663414001e-02
2.946989983320236206e-02 3.973495215177536011e-02
3.150023892521858215e-02 3.908941894769668579e-02
3.068705648183822632e-02 3.917766734957695007e-02
3.144932910799980164e-02 4.025509580969810486e-02
3.099290095269680023e-02 3.962997347116470337e-02
2.961896918714046478e-02 3.841113671660423279e-02
3.063947893679141998e-02 3.887584060430526733e-02
2.957941405475139618e-02 3.822108358144760132e-02
2.940903604030609131e-02 3.933908790349960327e-02
2.884779125452041626e-02 3.917371854186058044e-02
2.947117760777473450e-02 3.942383453249931335e-02
2.887111529707908630e-02 4.018726944923400879e-02
2.915130369365215302e-02 4.051870107650756836e-02
2.889995835721492767e-02 3.931155800819396973e-02
2.969890832901000977e-02 3.912327811121940613e-02
2.951981313526630402e-02 4.060465469956398010e-02
2.935113571584224701e-02 3.993427008390426636e-02
2.937555685639381409e-02 3.877988830208778381e-02
2.968944795429706573e-02 3.907290846109390259e-02
2.845610305666923523e-02 3.905725106596946716e-02
2.898495830595493317e-02 3.840056061744689941e-02
2.959625422954559326e-02 3.856810182332992554e-02
2.955750375986099243e-02 3.892225772142410278e-02
2.913956530392169952e-02 3.826873749494552612e-02
2.812195941805839539e-02 3.727941215038299561e-02
2.961564622819423676e-02 3.819731622934341431e-02
2.894561924040317535e-02 3.852454572916030884e-02
2.904287353157997131e-02 3.765328228473663330e-02
2.893202565610408783e-02 3.763748705387115479e-02
2.834221906960010529e-02 3.815528377890586853e-02
2.832396142184734344e-02 3.799528628587722778e-02
2.794791571795940399e-02 3.857897967100143433e-02
2.881895005702972412e-02 3.978861123323440552e-02
2.889904193580150604e-02 3.833296149969100952e-02
2.932637743651866913e-02 3.843097761273384094e-02
2.872390858829021454e-02 3.819859400391578674e-02
2.833193168044090271e-02 3.789411485195159912e-02
2.809034474194049835e-02 3.897339850664138794e-02
2.614118903875350952e-02 3.940408676862716675e-02
2.805389091372489929e-02 3.834459558129310608e-02
2.799757756292819977e-02 3.852915763854980469e-02
2.767746336758136749e-02 3.844767808914184570e-02
2.864686772227287292e-02 3.850052133202552795e-02
2.790650539100170135e-02 3.785500302910804749e-02
2.860652841627597809e-02 3.893936797976493835e-02
2.882320620119571686e-02 3.618120774626731873e-02
2.807454578578472137e-02 3.441600129008293152e-02
2.747530862689018250e-02 3.723071515560150146e-02
2.917861565947532654e-02 3.691322728991508484e-02
2.791164442896842957e-02 3.653028607368469238e-02
2.729623764753341675e-02 3.710148856043815613e-02
2.925640717148780823e-02 3.897540271282196045e-02
2.966922521591186523e-02 3.937002271413803101e-02
3.111670538783073425e-02 4.158125072717666626e-02
2.741718292236328125e-02 3.250861912965774536e-02
2.716715820133686066e-02 3.344466909766197205e-02
2.676506340503692627e-02 3.387103229761123657e-02
2.818593382835388184e-02 3.628493845462799072e-02
2.960096299648284912e-02 3.909583389759063721e-02
2.761793136596679688e-02 3.543136268854141235e-02
2.749141864478588104e-02 3.726825863122940063e-02
2.710275538265705109e-02 3.768562525510787964e-02
2.861537598073482513e-02 3.789588809013366699e-02
2.887183055281639099e-02 4.123124852776527405e-02
2.864626795053482056e-02 4.224036633968353271e-02
2.873264998197555542e-02 4.147092998027801514e-02
3.030854091048240662e-02 4.096482694149017334e-02
2.837935090065002441e-02 4.083685949444770813e-02
2.864547073841094971e-02 4.013746976852416992e-02
2.772391028702259064e-02 3.962458670139312744e-02
2.817973867058753967e-02 3.825335949659347534e-02
2.783113345503807068e-02 3.641308099031448364e-02
2.886642888188362122e-02 3.763781860470771790e-02
2.831719443202018738e-02 3.828153014183044434e-02
2.966216951608657837e-02 3.872061520814895630e-02
2.993993647396564484e-02 3.846479207277297974e-02
2.985259331762790680e-02 3.675268590450286865e-02
2.907711267471313477e-02 3.686360642313957214e-02
2.978141419589519501e-02 3.667780384421348572e-02
2.904039807617664337e-02 3.672112524509429932e-02
2.873339131474494934e-02 3.714419901371002197e-02
2.741400711238384247e-02 3.804320842027664185e-02
2.619333565235137939e-02 3.692405670881271362e-02
2.669797278940677643e-02 3.671191632747650146e-02
2.829388901591300964e-02 3.626053780317306519e-02
2.793568558990955353e-02 3.519485890865325928e-02
2.713068388402462006e-02 3.589827567338943481e-02
2.785634621977806091e-02 3.608374297618865967e-02
2.742585912346839905e-02 3.638871759176254272e-02
2.843266725540161133e-02 3.606528043746948242e-02
2.823025174438953400e-02 3.806602954864501953e-02
2.760664559900760651e-02 3.754156827926635742e-02
2.560783922672271729e-02 3.401923179626464844e-02
2.359654009342193604e-02 2.744594961404800415e-02
2.600827813148498535e-02 3.113963082432746887e-02
3.131313249468803406e-02 4.306961968541145325e-02
3.049391508102416992e-02 3.800041228532791138e-02
3.114793263375759125e-02 4.014907777309417725e-02
2.911535836756229401e-02 4.122466966509819031e-02
2.925745770335197449e-02 3.702867031097412109e-02
2.827961184084415436e-02 4.094264656305313110e-02
3.046034835278987885e-02 3.655542805790901184e-02
2.906002663075923920e-02 4.030558466911315918e-02
2.572583593428134918e-02 3.231333941221237183e-02
2.709711901843547821e-02 3.307093679904937744e-02
2.194360643625259399e-02 2.890319749712944031e-02
3.141751140356063843e-02 4.302835464477539062e-02
3.022283129394054413e-02 4.088993370532989502e-02
3.241063281893730164e-02 4.027622193098068237e-02
3.086755052208900452e-02 3.758394718170166016e-02
3.264251351356506348e-02 4.417763650417327881e-02
3.174512833356857300e-02 4.369296133518218994e-02
2.946438454091548920e-02 3.719974309206008911e-02
2.889452874660491943e-02 3.790660202503204346e-02
2.590325102210044861e-02 3.106272034347057343e-02
2.988825552165508270e-02 3.883887082338333130e-02
2.729053236544132233e-02 4.106140881776809692e-02
2.624351717531681061e-02 3.687103465199470520e-02
2.727687358856201172e-02 3.641865402460098267e-02
3.049471043050289154e-02 4.290220141410827637e-02
3.150607645511627197e-02 4.406812041997909546e-02
3.134893998503684998e-02 3.614891692996025085e-02
3.190883621573448181e-02 4.086355492472648621e-02
2.882664464414119720e-02 3.708574920892715454e-02
3.034681826829910278e-02 3.989740461111068726e-02
3.126996755599975586e-02 3.952086716890335083e-02
3.084696456789970398e-02 4.211969301104545593e-02
3.011918067932128906e-02 4.413838312029838562e-02
3.157833591103553772e-02 4.376449435949325562e-02
3.146006911993026733e-02 4.247309640049934387e-02
2.978996932506561279e-02 4.062400758266448975e-02
3.062064945697784424e-02 4.373018443584442139e-02
2.890330553054809570e-02 4.411309957504272461e-02
2.947594225406646729e-02 4.237917065620422363e-02
2.996390126645565033e-02 4.085247218608856201e-02
3.074236772954463959e-02 4.110591858625411987e-02
3.054252080619335175e-02 4.038204997777938843e-02
2.960566431283950806e-02 4.120955616235733032e-02
2.998036332428455353e-02 4.087912291288375854e-02
3.079224750399589539e-02 4.160914942622184753e-02
3.075785562396049500e-02 4.125498980283737183e-02
3.082416765391826630e-02 4.160919040441513062e-02
3.003586456179618835e-02 3.943281620740890503e-02
3.107338584959506989e-02 3.996852785348892212e-02
3.141277655959129333e-02 4.189646616578102112e-02
3.081144765019416809e-02 4.074751585721969604e-02
2.960867434740066528e-02 4.011932387948036194e-02
2.935953438282012939e-02 3.948844224214553833e-02
2.963773347437381744e-02 3.865003958344459534e-02
2.766814082860946655e-02 3.764781355857849121e-02
2.678917348384857178e-02 3.751441836357116699e-02
2.999451570212841034e-02 4.076464846730232239e-02
2.794045209884643555e-02 3.904684633016586304e-02
2.906077541410923004e-02 4.013653844594955444e-02
3.051811084151268005e-02 4.141339659690856934e-02
3.065302781760692596e-02 3.900310024619102478e-02
3.034694120287895203e-02 3.757365047931671143e-02
3.156393393874168396e-02 3.856617212295532227e-02
3.155819326639175415e-02 3.921407461166381836e-02
3.182987868785858154e-02 4.092533886432647705e-02
3.189614415168762207e-02 4.174409806728363037e-02
3.078150562942028046e-02 4.392622038722038269e-02
3.084372729063034058e-02 3.950940072536468506e-02
3.134571760892868042e-02 4.014793038368225098e-02
3.147194907069206238e-02 4.175499454140663147e-02
3.097837977111339569e-02 4.054424539208412170e-02
3.055613860487937927e-02 4.008013755083084106e-02
3.154685348272323608e-02 4.169584065675735474e-02
3.068203292787075043e-02 3.932362049818038940e-02
3.074930049479007721e-02 3.983213007450103760e-02
2.936829999089241028e-02 3.925983607769012451e-02
2.990041859447956085e-02 4.034423455595970154e-02
2.846336737275123596e-02 4.034651070833206177e-02
2.618125639855861664e-02 4.033863171935081482e-02
2.892756089568138123e-02 4.282152280211448669e-02
2.771514467895030975e-02 4.261769354343414307e-02
2.635173127055168152e-02 4.112490639090538025e-02
2.846404165029525757e-02 4.027128219604492188e-02
3.084905445575714111e-02 4.079639911651611328e-02
3.048762306571006775e-02 4.001994803547859192e-02
2.972779050469398499e-02 3.649658337235450745e-02
2.938980795443058014e-02 3.904032334685325623e-02
3.115901164710521698e-02 3.940201550722122192e-02
2.966057509183883667e-02 3.921663761138916016e-02
2.938766404986381531e-02 3.932946175336837769e-02
3.041015565395355225e-02 3.871189802885055542e-02
3.065477684140205383e-02 3.818664327263832092e-02
3.160631656646728516e-02 3.827782720327377319e-02
3.004220500588417053e-02 3.960530832409858704e-02
3.061491250991821289e-02 4.004602134227752686e-02
3.053777664899826050e-02 3.788127750158309937e-02
3.138777613639831543e-02 3.660592436790466309e-02
2.900732867419719696e-02 3.726381808519363403e-02
3.162862360477447510e-02 4.068821296095848083e-02
3.023991547524929047e-02 3.929235041141510010e-02
3.058926016092300415e-02 4.043796658515930176e-02
3.080131672322750092e-02 4.039757698774337769e-02
3.147713467478752136e-02 3.936455398797988892e-02
3.039091452956199646e-02 4.012115299701690674e-02
3.014611452817916870e-02 3.862817585468292236e-02
3.030893579125404358e-02 3.737555444240570068e-02
3.032712824642658234e-02 3.953249752521514893e-02
2.988795563578605652e-02 3.842738643288612366e-02
2.985182590782642365e-02 3.811877965927124023e-02
2.978142723441123962e-02 3.738708794116973877e-02
3.032597526907920837e-02 3.775960952043533325e-02
3.061879426240921021e-02 3.609590604901313782e-02
3.004284389317035675e-02 3.504564985632896423e-02
3.089640103280544281e-02 3.508720174431800842e-02
3.153352811932563782e-02 3.468629717826843262e-02
3.029469400644302368e-02 3.404512256383895874e-02
3.074735030531883240e-02 3.572817891836166382e-02
3.004453517496585846e-02 3.728619962930679321e-02
3.067182376980781555e-02 3.763286396861076355e-02
2.948446758091449738e-02 3.778919577598571777e-02
2.998435683548450470e-02 3.820917010307312012e-02
2.950965426862239838e-02 3.834049403667449951e-02
3.016654774546623230e-02 3.882147371768951416e-02
3.003394417464733124e-02 3.760397806763648987e-02
2.999747917056083679e-02 3.827070444822311401e-02
3.084421902894973755e-02 3.829310089349746704e-02
2.988053299486637115e-02 3.935924544930458069e-02
2.999331243336200714e-02 3.713755309581756592e-02
3.099975362420082092e-02 3.904618322849273682e-02
3.072692826390266418e-02 3.973211348056793213e-02
3.120171278715133667e-02 4.110890626907348633e-02
3.040009550750255585e-02 3.860772401094436646e-02
3.040139190852642059e-02 4.008691757917404175e-02
3.038852661848068237e-02 3.969594463706016541e-02
3.144164010882377625e-02 4.024724289774894714e-02
3.013391047716140747e-02 3.715336322784423828e-02
3.069853596389293671e-02 3.590512275695800781e-02
2.989622205495834351e-02 3.705136477947235107e-02
3.018414042890071869e-02 3.781375288963317871e-02
2.948654815554618835e-02 3.818285092711448669e-02
3.013790771365165710e-02 3.873133659362792969e-02
2.988894842565059662e-02 3.833526000380516052e-02
3.085057437419891357e-02 3.827556967735290527e-02
3.024057298898696899e-02 3.786733001470565796e-02
3.045828454196453094e-02 3.917205333709716797e-02
2.919516712427139282e-02 3.773421794176101685e-02
2.954123541712760925e-02 3.738366812467575073e-02
2.970005571842193604e-02 4.003021866083145142e-02
3.051350265741348267e-02 3.861375153064727783e-02
2.994321286678314209e-02 3.900945931673049927e-02
3.023257851600646973e-02 3.908981010317802429e-02
3.021948039531707764e-02 3.971182182431221008e-02
2.897152863442897797e-02 3.778471052646636963e-02
3.008689172565937042e-02 3.813369572162628174e-02
3.022251091897487640e-02 4.000280797481536865e-02
3.035870566964149475e-02 3.797265142202377319e-02
