2.488953992724418640e-02 4.618025943636894226e-02
2.388421818614006042e-02 4.401476308703422546e-02
2.284765616059303284e-02 4.036001116037368774e-02
2.535521052777767181e-02 4.258372634649276733e-02
2.403147518634796143e-02 4.257534071803092957e-02
2.608394250273704529e-02 4.260119423270225525e-02
2.563609182834625244e-02 4.063177108764648438e-02
2.260922826826572418e-02 4.145272821187973022e-02
2.449660003185272217e-02 3.948801010847091675e-02
2.316033095121383667e-02 4.003933817148208618e-02
2.690243348479270935e-02 4.247173294425010681e-02
2.372747845947742462e-02 3.940624371170997620e-02
2.260293066501617432e-02 3.754511848092079163e-02
2.078926749527454376e-02 3.851069137454032898e-02
2.099534310400485992e-02 3.970249742269515991e-02
2.314792945981025696e-02 4.395008832216262817e-02
2.341555617749691010e-02 4.619992896914482117e-02
2.324884384870529175e-02 4.107088223099708557e-02
2.060478925704956055e-02 4.583322629332542419e-02
2.092957496643066406e-02 4.607838764786720276e-02
2.456523105502128601e-02 4.606280475854873657e-02
2.476116269826889038e-02 4.641214758157730103e-02
2.479708567261695862e-02 4.475624486804008484e-02
2.439042739570140839e-02 4.731918871402740479e-02
2.305358648300170898e-02 4.445175454020500183e-02
2.128268592059612274e-02 4.131641238927841187e-02
2.305635809898376465e-02 4.094822704792022705e-02
2.457095310091972351e-02 4.151546210050582886e-02
2.783309668302536011e-02 4.383178427815437317e-02
2.179613150656223297e-02 3.813557699322700500e-02
2.388071641325950623e-02 4.268857464194297791e-02
2.655435167253017426e-02 4.570288583636283875e-02
2.688148804008960724e-02 4.632169008255004883e-02
2.732452750205993652e-02 4.396042972803115845e-02
2.754700183868408203e-02 4.764626920223236084e-02
2.650606259703636169e-02 4.749388247728347778e-02
2.511518262326717377e-02 4.494479671120643616e-02
2.399448677897453308e-02 4.162731766700744629e-02
2.377790212631225586e-02 4.689964279532432556e-02
2.580556459724903107e-02 4.598137736320495605e-02
2.472740039229393005e-02 4.366545379161834717e-02
2.557393908500671387e-02 4.522580653429031372e-02
2.535411529242992401e-02 4.353123158216476440e-02
2.821946889162063599e-02 4.488849267363548279e-02
2.617349475622177124e-02 4.732862859964370728e-02
2.661387808620929718e-02 4.709074646234512329e-02
2.553614228963851929e-02 4.560162499547004700e-02
2.723109908401966095e-02 4.732270911335945129e-02
2.709685266017913818e-02 4.793887585401535034e-02
2.759564667940139771e-02 5.004952847957611084e-02
2.845021896064281464e-02 4.920246452093124390e-02
2.975773997604846954e-02 4.924423247575759888e-02
3.270210325717926025e-02 5.106133967638015747e-02
2.718447521328926086e-02 4.839248955249786377e-02
2.778751961886882782e-02 4.807343706488609314e-02
2.926849573850631714e-02 4.690185189247131348e-02
2.591989375650882721e-02 4.820353910326957703e-02
2.669269777834415436e-02 4.675052314996719360e-02
2.660476602613925934e-02 4.719162359833717346e-02
2.843693457543849945e-02 4.880580678582191467e-02
2.628392726182937622e-02 4.601639881730079651e-02
3.119098767638206482e-02 4.779414087533950806e-02
3.010752052068710327e-02 4.984480515122413635e-02
2.946516312658786774e-02 4.649515822529792786e-02
3.064806573092937469e-02 5.118140578269958496e-02
2.854117006063461304e-02 4.754946380853652954e-02
2.865354344248771667e-02 4.825182259082794189e-02
2.715149149298667908e-02 4.493982344865798950e-02
2.698720246553421021e-02 4.415817558765411377e-02
2.653391659259796143e-02 4.708893969655036926e-02
2.398793958127498627e-02 4.641027748584747314e-02
2.633535489439964294e-02 4.583155363798141479e-02
2.638204209506511688e-02 4.563692584633827209e-02
2.782593294978141785e-02 4.604417830705642700e-02
2.747018262743949890e-02 4.845903813838958740e-02
2.719097957015037537e-02 4.873475432395935059e-02
2.571842260658740997e-02 4.509342834353446960e-02
2.830840647220611572e-02 4.334437847137451172e-02
2.502301335334777832e-02 4.047087207436561584e-02
2.407225966453552246e-02 4.391046613454818726e-02
1.970111764967441559e-02 4.106154665350914001e-02
2.732328325510025024e-02 4.626836627721786499e-02
2.273835986852645874e-02 4.158405214548110962e-02
2.124320529401302338e-02 4.232357069849967957e-02
2.198143675923347473e-02 3.948120772838592529e-02
1.980428025126457214e-02 4.046979174017906189e-02
2.402186580002307892e-02 4.156462848186492920e-02
2.356015145778656006e-02 4.303379729390144348e-02
2.194238826632499695e-02 3.566246852278709412e-02
2.305468171834945679e-02 3.624340891838073730e-02
2.135545201599597931e-02 4.166937619447708130e-02
2.450378239154815674e-02 4.368652030825614929e-02
2.681485936045646667e-02 4.316070675849914551e-02
2.457029558718204498e-02 4.288200661540031433e-02
2.606036327779293060e-02 4.955400153994560242e-02
1.648278161883354187e-02 3.692571073770523071e-02
1.457242853939533234e-02 2.535981684923171997e-02
2.233745530247688293e-02 3.277024254202842712e-02
2.441870421171188354e-02 3.172253072261810303e-02
2.425318956375122070e-02 3.612977638840675354e-02
2.085325494408607483e-02 2.583389356732368469e-02
2.576222270727157593e-02 4.271156340837478638e-02
2.231663838028907776e-02 3.670492395758628845e-02
2.402280643582344055e-02 3.460271656513214111e-02
2.674559876322746277e-02 4.106906056404113770e-02
2.865627035498619080e-02 4.005151987075805664e-02
2.681401371955871582e-02 3.916751593351364136e-02
2.486811578273773193e-02 4.145314916968345642e-02
2.326741069555282593e-02 3.757347166538238525e-02
2.363905496895313263e-02 3.691660612821578979e-02
2.264336869120597839e-02 3.677551448345184326e-02
2.641152590513229370e-02 4.085730016231536865e-02
2.337993681430816650e-02 3.811893239617347717e-02
2.043830789625644684e-02 3.891309350728988647e-02
2.660545147955417633e-02 3.723164275288581848e-02
2.516165375709533691e-02 3.790126740932464600e-02
2.586684003472328186e-02 4.592107981443405151e-02
2.248925715684890747e-02 4.298760741949081421e-02
2.639139257371425629e-02 4.370771721005439758e-02
2.640799991786479950e-02 4.287670180201530457e-02
2.464009635150432587e-02 4.058885574340820312e-02
2.313637360930442810e-02 4.008389636874198914e-02
2.848747931420803070e-02 4.198908805847167969e-02
2.754343301057815552e-02 4.436232894659042358e-02
2.811514213681221008e-02 4.475492984056472778e-02
2.628620155155658722e-02 4.295579344034194946e-02
2.785155549645423889e-02 4.071318358182907104e-02
2.706248313188552856e-02 3.994943574070930481e-02
2.523349225521087646e-02 4.111452028155326843e-02
2.706230990588665009e-02 4.274137318134307861e-02
2.936756238341331482e-02 4.262086749076843262e-02
2.897156588733196259e-02 4.232358932495117188e-02
2.863252721726894379e-02 3.955991193652153015e-02
2.580627053976058960e-02 3.864295780658721924e-02
2.683174423873424530e-02 3.959295898675918579e-02
2.697375230491161346e-02 4.051522165536880493e-02
2.702918834984302521e-02 4.132033139467239380e-02
2.869598381221294403e-02 4.203560948371887207e-02
2.783135324716567993e-02 4.022879898548126221e-02
2.797595597803592682e-02 4.299378022551536560e-02
2.680199220776557922e-02 4.304495453834533691e-02
2.594121545553207397e-02 4.100912436842918396e-02
2.674656547605991364e-02 4.163401573896408081e-02
2.628149092197418213e-02 4.270996898412704468e-02
2.551393024623394012e-02 3.883835673332214355e-02
2.569079957902431488e-02 3.726168721914291382e-02
2.601163461804389954e-02 4.162554442882537842e-02
2.766376547515392303e-02 4.362015798687934875e-02
2.667564153671264648e-02 4.246475547552108765e-02
2.605683356523513794e-02 4.034053534269332886e-02
2.551383897662162781e-02 4.127802699804306030e-02
2.547215297818183899e-02 4.155686125159263611e-02
2.695026621222496033e-02 4.273603856563568115e-02
2.812099643051624298e-02 4.423602670431137085e-02
2.601797506213188171e-02 4.291219264268875122e-02
2.399348095059394836e-02 3.981308639049530029e-02
2.250912040472030640e-02 3.829006105661392212e-02
2.309546247124671936e-02 3.807935118675231934e-02
2.428415603935718536e-02 3.959096223115921021e-02
2.355015464127063751e-02 3.769742697477340698e-02
2.311781048774719238e-02 3.974786028265953064e-02
2.443993836641311646e-02 3.863606229424476624e-02
2.418516762554645538e-02 4.074098542332649231e-02
2.562973089516162872e-02 4.122965037822723389e-02
2.568776160478591919e-02 3.860004618763923645e-02
2.406561747193336487e-02 3.845525532960891724e-02
2.485982328653335571e-02 3.795651346445083618e-02
2.584302052855491638e-02 3.965492546558380127e-02
2.549142017960548401e-02 4.013811796903610229e-02
2.737281285226345062e-02 4.214509576559066772e-02
2.639496698975563049e-02 4.201939702033996582e-02
2.287685871124267578e-02 3.857447206974029541e-02
2.690847776830196381e-02 4.007870331406593323e-02
2.597599662840366364e-02 3.936799988150596619e-02
2.493714913725852966e-02 4.023215919733047485e-02
2.586178295314311981e-02 4.078916460275650024e-02
2.432266995310783386e-02 4.026453942060470581e-02
2.582868002355098724e-02 3.772583603858947754e-02
2.508289739489555359e-02 3.826110064983367920e-02
2.526874467730522156e-02 3.646650910377502441e-02
2.792814746499061584e-02 3.963533043861389160e-02
2.753919735550880432e-02 4.129607230424880981e-02
2.791756018996238708e-02 4.109056666493415833e-02
2.611256204545497894e-02 4.073012247681617737e-02
2.716882526874542236e-02 3.969225287437438965e-02
2.654141187667846680e-02 3.708758950233459473e-02
2.758878469467163086e-02 3.920838236808776855e-02
2.647579461336135864e-02 3.887415677309036255e-02
2.546992525458335876e-02 3.921711072325706482e-02
2.694772183895111084e-02 4.228921234607696533e-02
2.731038816273212433e-02 4.187456518411636353e-02
2.831038832664489746e-02 4.262576252222061157e-02
2.667904831469058990e-02 3.910530358552932739e-02
2.550558745861053467e-02 3.859557956457138062e-02
2.500670403242111206e-02 3.804839774966239929e-02
2.738494426012039185e-02 3.988034650683403015e-02
2.605473622679710388e-02 3.789948672056198120e-02
2.527892962098121643e-02 3.983618319034576416e-02
2.544495090842247009e-02 3.887565433979034424e-02
2.651095762848854065e-02 4.089789837598800659e-02
2.648345194756984711e-02 4.224547743797302246e-02
2.979711443185806274e-02 4.300840198993682861e-02
3.026177175343036652e-02 4.463494569063186646e-02
2.831894904375076294e-02 4.237898439168930054e-02
2.735343575477600098e-02 4.213906824588775635e-02
2.696628309786319733e-02 4.071667045354843140e-02
2.718312479555606842e-02 4.201835766434669495e-02
2.750148437917232513e-02 4.200615361332893372e-02
2.648792229592800140e-02 4.151684790849685669e-02
2.629719488322734833e-02 4.111534357070922852e-02
2.570432797074317932e-02 4.011217504739761353e-02
2.736135013401508331e-02 3.951384872198104858e-02
2.736383862793445587e-02 4.080183804035186768e-02
2.787969820201396942e-02 4.244324192404747009e-02
2.980274893343448639e-02 4.363772273063659668e-02
2.881149388849735260e-02 4.185538738965988159e-02
2.825226821005344391e-02 4.155018553137779236e-02
2.652190811932086945e-02 4.092022404074668884e-02
2.633669786155223846e-02 3.957142680883407593e-02
2.549834549427032471e-02 3.963585197925567627e-02
2.795184031128883362e-02 4.320605099201202393e-02
2.774232439696788788e-02 4.210957139730453491e-02
2.786264568567276001e-02 4.290753975510597229e-02
2.587253786623477936e-02 4.182961583137512207e-02
2.790184691548347473e-02 4.223150014877319336e-02
2.661073207855224609e-02 4.188871383666992188e-02
2.645194157958030701e-02 4.122048243880271912e-02
2.640482783317565918e-02 4.057984426617622375e-02
2.649054676294326782e-02 3.953529894351959229e-02
2.688743546605110168e-02 3.964589536190032959e-02
2.786869741976261139e-02 4.012548923492431641e-02
2.616732753813266754e-02 3.786825388669967651e-02
2.753012254834175110e-02 4.089401289820671082e-02
2.742626331746578217e-02 4.150643944740295410e-02
2.799777872860431671e-02 4.008690267801284790e-02
2.846508473157882690e-02 4.134177416563034058e-02
2.666751295328140259e-02 3.972385078668594360e-02
2.726058661937713623e-02 3.975623846054077148e-02
2.804662846028804779e-02 4.003841429948806763e-02
2.722270786762237549e-02 4.037022590637207031e-02
2.625117078423500061e-02 3.999701514840126038e-02
2.741116285324096680e-02 3.931649774312973022e-02
2.685800567269325256e-02 3.944715484976768494e-02
2.790115959942340851e-02 4.094265028834342957e-02
2.644774690270423889e-02 4.183261469006538391e-02
2.771803736686706543e-02 4.079111665487289429e-02
2.813738957047462463e-02 4.318904131650924683e-02
2.651670947670936584e-02 3.997190296649932861e-02
2.854904532432556152e-02 4.103547334671020508e-02
2.792621031403541565e-02 4.264674335718154907e-02
2.667151018977165222e-02 4.263471439480781555e-02
2.640732936561107635e-02 4.322104901075363159e-02
2.420882135629653931e-02 4.124178737401962280e-02
2.566978335380554199e-02 4.362317919731140137e-02
2.505990676581859589e-02 4.322677105665206909e-02
2.673192881047725677e-02 4.529290646314620972e-02
2.582184411585330963e-02 4.384239390492439270e-02
2.723727747797966003e-02 4.468956217169761658e-02
2.841032668948173523e-02 4.489042237401008606e-02
2.809617854654788971e-02 4.543792828917503357e-02
2.781110256910324097e-02 4.497786611318588257e-02
2.777284383773803711e-02 4.379522055387496948e-02
2.743386849761009216e-02 4.537389427423477173e-02
2.697105519473552704e-02 4.379455745220184326e-02
2.520931325852870941e-02 4.380528628826141357e-02
2.471448853611946106e-02 4.114712774753570557e-02
2.204984612762928009e-02 4.117300733923912048e-02
2.402430400252342224e-02 4.185902327299118042e-02
2.449577860534191132e-02 4.309544712305068970e-02
2.458662912249565125e-02 3.855220228433609009e-02
2.571234107017517090e-02 4.465472325682640076e-02
2.630657330155372620e-02 4.305831342935562134e-02
2.450130879878997803e-02 3.600382804870605469e-02
2.521983534097671509e-02 4.263807460665702820e-02
2.629065886139869690e-02 4.478037357330322266e-02
2.351481094956398010e-02 4.178629070520401001e-02
2.330641448497772217e-02 4.263605922460556030e-02
2.681624703109264374e-02 4.341376572847366333e-02
2.439214102923870087e-02 3.785023093223571777e-02
2.666314318776130676e-02 3.977811709046363831e-02
2.428178116679191589e-02 3.900060057640075684e-02
2.588725462555885315e-02 4.296630620956420898e-02
2.533333376049995422e-02 4.386593028903007507e-02
2.332598343491554260e-02 4.116925597190856934e-02
2.503904700279235840e-02 4.235236346721649170e-02
2.321823686361312866e-02 4.250255599617958069e-02
2.494698390364646912e-02 4.595709592103958130e-02
2.449942380189895630e-02 4.539829865097999573e-02
2.626458555459976196e-02 5.068335682153701782e-02
2.354760468006134033e-02 4.708860814571380615e-02
2.495355159044265747e-02 4.299908131361007690e-02
2.352504618465900421e-02 3.827597945928573608e-02
2.327318862080574036e-02 3.856822848320007324e-02
2.328014001250267029e-02 3.934503346681594849e-02
2.367693185806274414e-02 4.180775582790374756e-02
2.437802031636238098e-02 4.275802895426750183e-02
2.150145359337329865e-02 4.384601116180419922e-02
2.153699286282062531e-02 4.421902447938919067e-02
2.306815981864929199e-02 4.452606663107872009e-02
2.432082407176494598e-02 4.235424101352691650e-02
2.337558940052986145e-02 4.347246885299682617e-02
2.262649312615394592e-02 4.480813816189765930e-02
2.397097274661064148e-02 4.428411647677421570e-02
2.221162617206573486e-02 4.237807542085647583e-02
2.274331822991371155e-02 4.117783159017562866e-02
2.257021516561508179e-02 3.969728946685791016e-02
2.225945517420768738e-02 4.256269708275794983e-02
2.304133586585521698e-02 4.320504516363143921e-02
2.210883982479572296e-02 4.283768311142921448e-02
2.338651940226554871e-02 4.376738518476486206e-02
1.969623751938343048e-02 3.970492631196975708e-02
2.116517163813114166e-02 3.966316580772399902e-02
1.846845820546150208e-02 3.620049357414245605e-02
2.060471475124359131e-02 3.980272263288497925e-02
2.135277912020683289e-02 3.886267542839050293e-02
2.109320089221000671e-02 3.744831681251525879e-02
2.095064893364906311e-02 3.984821587800979614e-02
2.101596444845199585e-02 3.820109739899635315e-02
2.359271422028541565e-02 4.066508263349533081e-02
2.436646819114685059e-02 4.194778949022293091e-02
2.347728423774242401e-02 4.268219321966171265e-02
2.378274127840995789e-02 4.511788487434387207e-02
2.380869537591934204e-02 4.478208348155021667e-02
2.524871006608009338e-02 4.374105855822563171e-02
2.339820191264152527e-02 4.244461283087730408e-02
1.963349245488643646e-02 4.305733367800712585e-02
2.310157939791679382e-02 4.166876152157783508e-02
2.223977074027061462e-02 4.277744889259338379e-02
2.339476533234119415e-02 4.297574982047080994e-02
2.116880193352699280e-02 4.276757314801216125e-02
2.010199986398220062e-02 4.030387848615646362e-02
1.829595863819122314e-02 4.057567194104194641e-02
1.962720230221748352e-02 4.255013912916183472e-02
1.913154311478137970e-02 3.968619555234909058e-02
1.814788579940795898e-02 3.935382515192031860e-02
2.172002568840980530e-02 4.107281193137168884e-02
2.124347165226936340e-02 4.056047275662422180e-02
2.015319839119911194e-02 4.186559841036796570e-02
1.959316432476043701e-02 3.993057832121849060e-02
1.936738193035125732e-02 3.924732655286788940e-02
1.948353089392185211e-02 4.270495474338531494e-02
2.081458829343318939e-02 4.081322252750396729e-02
2.173101156949996948e-02 4.359229281544685364e-02
2.190546691417694092e-02 4.180749505758285522e-02
2.184372395277023315e-02 4.385021701455116272e-02
2.170831151306629181e-02 4.168984293937683105e-02
2.185524441301822662e-02 4.707012325525283813e-02
2.346098795533180237e-02 4.874390363693237305e-02
2.552933245897293091e-02 4.966570436954498291e-02
2.293278276920318604e-02 4.719344154000282288e-02
2.122926898300647736e-02 4.374592378735542297e-02
2.486743219196796417e-02 5.021636560559272766e-02
2.649782784283161163e-02 4.909081757068634033e-02
2.379259467124938965e-02 4.827820137143135071e-02
2.544506080448627472e-02 5.281297117471694946e-02
2.495234087109565735e-02 5.174729600548744202e-02
2.584558911621570587e-02 5.129610374569892883e-02
2.480514720082283020e-02 4.896432906389236450e-02
2.525216341018676758e-02 4.974076896905899048e-02
2.458823285996913910e-02 4.863043874502182007e-02
2.454360201954841614e-02 4.867564514279365540e-02
2.409083768725395203e-02 4.922393336892127991e-02
2.358376234769821167e-02 4.743149131536483765e-02
2.369367703795433044e-02 5.160928890109062195e-02
2.499097585678100586e-02 5.206096172332763672e-02
2.413884736597537994e-02 4.649622738361358643e-02
2.463639341294765472e-02 4.900162294507026672e-02
2.355942688882350922e-02 4.622624069452285767e-02
2.082607895135879517e-02 4.672876745462417603e-02
2.354365214705467224e-02 5.194900184869766235e-02
2.104545570909976959e-02 4.620010778307914734e-02
2.376503497362136841e-02 4.613525420427322388e-02
2.089570090174674988e-02 4.429232329130172729e-02
2.458258345723152161e-02 4.932269081473350525e-02
2.614189125597476959e-02 4.785113036632537842e-02
2.317149937152862549e-02 4.652104154229164124e-02
2.653669938445091248e-02 4.949362576007843018e-02
2.575192227959632874e-02 4.989633709192276001e-02
2.802589908242225647e-02 5.273799225687980652e-02
2.646900899708271027e-02 5.015072599053382874e-02
2.744752727448940277e-02 5.068857967853546143e-02
2.505745738744735718e-02 4.973026365041732788e-02
2.467941492795944214e-02 4.599790275096893311e-02
2.205556072294712067e-02 4.472859576344490051e-02
2.244835533201694489e-02 4.618011042475700378e-02
1.925909146666526794e-02 4.512221366167068481e-02
1.925209723412990570e-02 4.508095234632492065e-02
2.204827219247817993e-02 4.714895412325859070e-02
2.562788873910903931e-02 5.057033151388168335e-02
2.430382184684276581e-02 4.853803291916847229e-02
2.307856082916259766e-02 4.677699133753776550e-02
2.477285265922546387e-02 4.631720483303070068e-02
2.439320087432861328e-02 4.724321514368057251e-02
2.259553223848342896e-02 4.111565649509429932e-02
2.336125448346138000e-02 4.145994782447814941e-02
2.187806740403175354e-02 3.982938081026077271e-02
2.458030357956886292e-02 3.962523490190505981e-02
2.643570303916931152e-02 4.016358032822608948e-02
2.338097803294658661e-02 3.662256151437759399e-02
2.301487326622009277e-02 4.109619557857513428e-02
2.481880411505699158e-02 4.129295051097869873e-02
2.251158654689788818e-02 3.886385634541511536e-02
2.002242393791675568e-02 3.681625053286552429e-02
1.970371976494789124e-02 3.563953936100006104e-02
2.032921090722084045e-02 3.741550445556640625e-02
1.787808537483215332e-02 3.231059387326240540e-02
2.125376835465431213e-02 3.988281637430191040e-02
2.010069601237773895e-02 3.852793946862220764e-02
2.295501157641410828e-02 4.075053706765174866e-02
2.146358601748943329e-02 4.089128226041793823e-02
1.931069418787956238e-02 3.513428568840026855e-02
2.176124602556228638e-02 4.029161483049392700e-02
2.302744425833225250e-02 4.033324122428894043e-02
2.125438116490840912e-02 3.415247425436973572e-02
2.511598914861679077e-02 3.930395096540451050e-02
2.330419421195983887e-02 3.527728468179702759e-02
2.551381662487983704e-02 3.914367780089378357e-02
2.453877776861190796e-02 3.628746792674064636e-02
2.356613054871559143e-02 3.736435621976852417e-02
2.487379126250743866e-02 3.941890969872474670e-02
2.415699139237403870e-02 3.979259729385375977e-02
2.604170516133308411e-02 3.715524822473526001e-02
2.525045350193977356e-02 3.600206598639488220e-02
2.896866947412490845e-02 4.456023499369621277e-02
2.810256183147430420e-02 4.663612321019172668e-02
3.136331960558891296e-02 4.612598195672035217e-02
3.139578551054000854e-02 5.194211006164550781e-02
3.177047148346900940e-02 4.877756536006927490e-02
2.652160637080669403e-02 4.341846704483032227e-02
2.531882934272289276e-02 4.358632490038871765e-02
2.484704554080963135e-02 4.114390164613723755e-02
2.730333618819713593e-02 3.876709938049316406e-02
2.651678211987018585e-02 3.898593783378601074e-02
2.688942477107048035e-02 3.958278149366378784e-02
2.788309194147586823e-02 4.007793962955474854e-02
2.611338533461093903e-02 4.253583401441574097e-02
2.832752652466297150e-02 4.167315363883972168e-02
2.673008665442466736e-02 3.873690217733383179e-02
2.613507770001888275e-02 4.067011177539825439e-02
2.749435603618621826e-02 4.273424297571182251e-02
2.834625728428363800e-02 4.486686363816261292e-02
2.663692645728588104e-02 4.575040563941001892e-02
2.739106863737106323e-02 4.413662850856781006e-02
2.699015475809574127e-02 4.302397370338439941e-02
2.722450904548168182e-02 4.188362509012222290e-02
2.546729147434234619e-02 4.142098873853683472e-02
2.689790911972522736e-02 4.076040536165237427e-02
2.718381583690643311e-02 4.191142320632934570e-02
2.954500913619995117e-02 4.053212329745292664e-02
2.610315196216106415e-02 3.765922039747238159e-02
2.725736238062381744e-02 4.188039898872375488e-02
2.748689427971839905e-02 4.235200583934783936e-02
2.587597072124481201e-02 3.734352067112922668e-02
2.543158829212188721e-02 4.030597954988479614e-02
2.932892367243766785e-02 3.945722803473472595e-02
2.684045210480690002e-02 3.893788158893585205e-02
2.915711142122745514e-02 4.037227854132652283e-02
2.781199477612972260e-02 3.892305865883827209e-02
2.620088122785091400e-02 3.852094337344169617e-02
2.454560250043869019e-02 3.871508315205574036e-02
2.520914003252983093e-02 3.815926983952522278e-02
2.598669938743114471e-02 3.714323788881301880e-02
2.203267067670822144e-02 3.392760455608367920e-02
2.339639514684677124e-02 3.094968385994434357e-02
2.222152799367904663e-02 2.833304367959499359e-02
2.480090595781803131e-02 3.647120296955108643e-02
2.309064753353595734e-02 3.239908814430236816e-02
2.609985694289207458e-02 3.558437153697013855e-02
2.709977142512798309e-02 3.939262777566909790e-02
2.321740239858627319e-02 3.682605922222137451e-02
2.329088002443313599e-02 3.851153329014778137e-02
1.954086497426033020e-02 3.841200843453407288e-02
2.357379347085952759e-02 4.031582921743392944e-02
2.287706732749938965e-02 4.029405862092971802e-02
2.453771792352199554e-02 4.035785794258117676e-02
2.847370319068431854e-02 4.263285174965858459e-02
2.275393903255462646e-02 3.703695908188819885e-02
2.165578119456768036e-02 4.496758803725242615e-02
2.471427246928215027e-02 3.679516911506652832e-02
2.145283669233322144e-02 3.606707975268363953e-02
2.245119586586952209e-02 2.895970828831195831e-02
2.371546253561973572e-02 4.296454787254333496e-02
2.162531204521656036e-02 3.552333265542984009e-02
2.238748408854007721e-02 3.924860060214996338e-02
2.336951345205307007e-02 4.560489952564239502e-02
1.802741363644599915e-02 2.938153035938739777e-02
2.010766416788101196e-02 2.896317094564437866e-02
1.162081770598888397e-02 1.109931711107492447e-02
2.126647345721721649e-02 3.413169085979461670e-02
2.907601185142993927e-02 5.122486129403114319e-02
2.484449930489063263e-02 4.480262473225593567e-02
2.779787406325340271e-02 4.323211312294006348e-02
2.476592548191547394e-02 4.350491985678672791e-02
2.539213374257087708e-02 4.709914326667785645e-02
2.400830760598182678e-02 4.453838616609573364e-02
2.312835119664669037e-02 4.203647375106811523e-02
2.033732458949089050e-02 4.032504558563232422e-02
2.184654027223587036e-02 4.150833562016487122e-02
2.077477425336837769e-02 4.603663086891174316e-02
2.339769341051578522e-02 4.322408884763717651e-02
2.528778463602066040e-02 4.097974300384521484e-02
2.665022760629653931e-02 4.379139468073844910e-02
2.620363235473632812e-02 4.639346525073051453e-02
2.305310219526290894e-02 4.157218709588050842e-02
2.269747667014598846e-02 4.533158615231513977e-02
2.455526776611804962e-02 4.487556964159011841e-02
2.596561983227729797e-02 4.598312452435493469e-02
2.623089030385017395e-02 4.396956041455268860e-02
2.478239871561527252e-02 4.597626626491546631e-02
2.252955734729766846e-02 3.862429410219192505e-02
2.439379319548606873e-02 4.266976192593574524e-02
2.394793927669525146e-02 4.004217684268951416e-02
2.302857860922813416e-02 4.053263738751411438e-02
2.349759638309478760e-02 4.137677699327468872e-02
2.060907892882823944e-02 4.220127314329147339e-02
2.119422890245914459e-02 3.709196671843528748e-02
2.312606945633888245e-02 4.473585262894630432e-02
1.866379752755165100e-02 3.243916109204292297e-02
1.680732518434524536e-02 3.448425978422164917e-02
2.133920602500438690e-02 4.617263376712799072e-02
2.082574926316738129e-02 3.871683403849601746e-02
2.216231077909469604e-02 3.440835699439048767e-02
2.714602090418338776e-02 3.895265609025955200e-02
2.512345090508460999e-02 4.413080215454101562e-02
2.819059230387210846e-02 5.456589907407760620e-02
2.097846195101737976e-02 4.441349953413009644e-02
2.903776057064533234e-02 4.887913540005683899e-02
2.555739320814609528e-02 4.788719117641448975e-02
2.827533148229122162e-02 4.924825578927993774e-02
2.563307620584964752e-02 4.114700108766555786e-02
2.333883568644523621e-02 4.586639255285263062e-02
2.289645560085773468e-02 4.361531138420104980e-02
2.104183658957481384e-02 3.714575245976448059e-02
2.637087926268577576e-02 4.712463915348052979e-02
2.577108517289161682e-02 4.741672426462173462e-02
2.586922235786914825e-02 5.130297318100929260e-02
2.437637560069561005e-02 4.340016096830368042e-02
2.424504421651363373e-02 4.467034712433815002e-02
2.484896406531333923e-02 4.388761520385742188e-02
2.209966257214546204e-02 4.351977258920669556e-02
2.471831813454627991e-02 4.609651118516921997e-02
2.394247986376285553e-02 4.269861429929733276e-02
2.382938191294670105e-02 4.453178495168685913e-02
2.498551830649375916e-02 4.415390640497207642e-02
2.595004066824913025e-02 4.521650075912475586e-02
2.424212917685508728e-02 4.599273949861526489e-02
2.543196268379688263e-02 4.720833152532577515e-02
2.685415185987949371e-02 4.774302244186401367e-02
2.475515939295291901e-02 4.360567778348922729e-02
2.601320855319499969e-02 4.580070078372955322e-02
2.394629269838333130e-02 4.353655502200126648e-02
2.402521856129169464e-02 4.513234272599220276e-02
2.413238957524299622e-02 4.867480695247650146e-02
2.242675051093101501e-02 4.950467124581336975e-02
2.117829956114292145e-02 4.593903571367263794e-02
1.885413005948066711e-02 4.287547245621681213e-02
2.176884748041629791e-02 5.162647739052772522e-02
1.779248937964439392e-02 4.210135713219642639e-02
1.719133928418159485e-02 4.292107000946998596e-02
2.077353559434413910e-02 4.581139236688613892e-02
2.129236236214637756e-02 4.954164102673530579e-02
1.967887021601200104e-02 4.685010015964508057e-02
2.098027616739273071e-02 4.928855970501899719e-02
2.358380705118179321e-02 5.161116644740104675e-02
2.203376591205596924e-02 5.030254274606704712e-02
2.283015102148056030e-02 5.037344247102737427e-02
2.564480714499950409e-02 5.447094887495040894e-02
2.428251504898071289e-02 5.305545777082443237e-02
2.237566560506820679e-02 4.984757304191589355e-02
2.352172136306762695e-02 5.408748984336853027e-02
2.114321663975715637e-02 5.021777004003524780e-02
2.415835671126842499e-02 5.593679100275039673e-02
2.545670419931411743e-02 5.485668778419494629e-02
2.639251388609409332e-02 5.611186102032661438e-02
2.535949461162090302e-02 5.461011826992034912e-02
2.639338374137878418e-02 5.771385505795478821e-02
2.546127513051033020e-02 5.363716557621955872e-02
2.546419948339462280e-02 5.209289863705635071e-02
2.337331697344779968e-02 4.637588560581207275e-02
2.345999144017696381e-02 4.581944644451141357e-02
2.425440959632396698e-02 4.816673323512077332e-02
2.465654537081718445e-02 5.016671493649482727e-02
2.323800139129161835e-02 4.318477213382720947e-02
2.188031747937202454e-02 4.582241922616958618e-02
2.112593501806259155e-02 4.787768796086311340e-02
2.502502128481864929e-02 4.845353960990905762e-02
2.908686362206935883e-02 5.077889561653137207e-02
2.641228772699832916e-02 4.714938253164291382e-02
2.437439933419227600e-02 4.536387324333190918e-02
2.744000032544136047e-02 4.523905366659164429e-02
2.679423615336418152e-02 4.541737586259841919e-02
2.743599750101566315e-02 4.357481002807617188e-02
2.586223930120468140e-02 4.219420626759529114e-02
2.599555812776088715e-02 4.335546121001243591e-02
2.655216678977012634e-02 4.543068259954452515e-02
2.009231038391590118e-02 3.804819285869598389e-02
2.530418522655963898e-02 4.584834724664688110e-02
2.365679107606410980e-02 4.256718605756759644e-02
2.644006162881851196e-02 4.231633245944976807e-02
2.402327209711074829e-02 3.876188769936561584e-02
2.342644520103931427e-02 3.846610710024833679e-02
2.118528634309768677e-02 3.994151577353477478e-02
2.196658588945865631e-02 3.950122743844985962e-02
2.154464833438396454e-02 3.352660685777664185e-02
2.291493117809295654e-02 3.242923691868782043e-02
2.340265549719333649e-02 3.326366841793060303e-02
2.263955026865005493e-02 3.736959025263786316e-02
2.098907344043254852e-02 3.799958527088165283e-02
2.137503586709499359e-02 3.721586242318153381e-02
2.369775250554084778e-02 4.058831557631492615e-02
2.377577684819698334e-02 4.276842623949050903e-02
2.536275610327720642e-02 4.280417785048484802e-02
2.518879063427448273e-02 4.242973402142524719e-02
2.423176169395446777e-02 4.581322520971298218e-02
2.388738282024860382e-02 4.070632159709930420e-02
2.342107892036437988e-02 3.856888413429260254e-02
2.372817508876323700e-02 3.918090462684631348e-02
2.496813796460628510e-02 4.179837554693222046e-02
2.320127934217453003e-02 4.197571054100990295e-02
2.721596322953701019e-02 4.248597472906112671e-02
2.736383676528930664e-02 4.400917887687683105e-02
2.725501731038093567e-02 4.144515097141265869e-02
2.633065916597843170e-02 4.380789026618003845e-02
2.706603705883026123e-02 4.647276550531387329e-02
2.592540532350540161e-02 4.445754364132881165e-02
2.862622588872909546e-02 4.455020278692245483e-02
2.905613556504249573e-02 4.494787752628326416e-02
2.684928849339485168e-02 4.142110422253608704e-02
2.812004461884498596e-02 4.136183485388755798e-02
2.677214704453945160e-02 4.165466502308845520e-02
2.542192675173282623e-02 4.293426126241683960e-02
2.941746450960636139e-02 4.703143611550331116e-02
2.765975892543792725e-02 3.974444419145584106e-02
2.918205969035625458e-02 4.400188475847244263e-02
2.593136020004749298e-02 4.229089617729187012e-02
2.716749161481857300e-02 4.080227762460708618e-02
2.690843865275382996e-02 4.006667435169219971e-02
2.864725328981876373e-02 4.022110253572463989e-02
2.758859284222126007e-02 3.962697088718414307e-02
2.663675695657730103e-02 4.111507907509803772e-02
2.575917541980743408e-02 4.106168076395988464e-02
2.533293515443801880e-02 4.054231569170951843e-02
2.453210577368736267e-02 4.376918822526931763e-02
2.399474009871482849e-02 4.272408038377761841e-02
2.302624285221099854e-02 4.182955250144004822e-02
2.534627728164196014e-02 4.671176522970199585e-02
2.804133854806423187e-02 4.338216409087181091e-02
2.712737396359443665e-02 4.088974744081497192e-02
2.283322066068649292e-02 4.099670052528381348e-02
2.481659688055515289e-02 4.108804464340209961e-02
2.330111712217330933e-02 4.421127960085868835e-02
2.204102277755737305e-02 4.068980365991592407e-02
2.170682325959205627e-02 3.772182017564773560e-02
2.441897988319396973e-02 3.421656787395477295e-02
2.048575691878795624e-02 3.308639675378799438e-02
2.479462884366512299e-02 4.075819998979568481e-02
2.311123162508010864e-02 3.588636964559555054e-02
2.789733372628688812e-02 4.616270214319229126e-02
2.578086964786052704e-02 4.336516931653022766e-02
2.648385427892208099e-02 4.574997350573539734e-02
2.658830583095550537e-02 5.159237980842590332e-02
2.654417976737022400e-02 3.988489881157875061e-02
2.267442643642425537e-02 3.397762775421142578e-02
2.624996379017829895e-02 4.478556662797927856e-02
2.428732439875602722e-02 4.244111105799674988e-02
2.912776172161102295e-02 4.792303219437599182e-02
2.428241819143295288e-02 4.227068275213241577e-02
2.596867270767688751e-02 4.317316412925720215e-02
2.779611945152282715e-02 4.326923191547393799e-02
2.656409889459609985e-02 3.952569887042045593e-02
2.482358552515506744e-02 4.328133165836334229e-02
2.701893821358680725e-02 4.085282981395721436e-02
2.376615256071090698e-02 4.261384531855583191e-02
2.404562011361122131e-02 4.290637746453285217e-02
2.876238524913787842e-02 4.839880391955375671e-02
2.463060617446899414e-02 4.497054964303970337e-02
2.819000370800495148e-02 4.957399144768714905e-02
2.753319032490253448e-02 5.380694568157196045e-02
2.691880613565444946e-02 4.644601047039031982e-02
2.759754844009876251e-02 4.615369811654090881e-02
2.540037967264652252e-02 4.122143983840942383e-02
2.504240721464157104e-02 4.065970703959465027e-02
2.343880198895931244e-02 4.219956696033477783e-02
2.548579871654510498e-02 4.269721359014511108e-02
2.567006088793277740e-02 4.152069985866546631e-02
2.303273975849151611e-02 3.361611068248748779e-02
2.395847812294960022e-02 4.074516147375106812e-02
2.318967506289482117e-02 3.735113143920898438e-02
1.876362785696983337e-02 3.312737494707107544e-02
2.646650746464729309e-02 4.298949241638183594e-02
2.739153616130352020e-02 3.913802653551101685e-02
2.193819172680377960e-02 3.948146849870681763e-02
2.802805230021476746e-02 3.764376789331436157e-02
2.702395245432853699e-02 3.892417997121810913e-02
3.008132800459861755e-02 4.878560081124305725e-02
2.718104049563407898e-02 4.513490945100784302e-02
2.571620792150497437e-02 4.272831976413726807e-02
2.705860137939453125e-02 4.764094948768615723e-02
2.558694407343864441e-02 4.996455460786819458e-02
2.714110165834426880e-02 4.460169374942779541e-02
2.649638429284095764e-02 4.523827135562896729e-02
2.470689453184604645e-02 4.526974633336067200e-02
2.320086397230625153e-02 4.463912174105644226e-02
2.444844320416450500e-02 4.632897675037384033e-02
2.505334466695785522e-02 4.414607584476470947e-02
2.662448957562446594e-02 4.891194403171539307e-02
2.682116627693176270e-02 4.735433682799339294e-02
2.307585813105106354e-02 4.164112731814384460e-02
2.618617564439773560e-02 4.692854359745979309e-02
2.166014909744262695e-02 4.385904222726821899e-02
2.462847903370857239e-02 4.232835024595260620e-02
2.198479324579238892e-02 3.963688015937805176e-02
2.235808782279491425e-02 4.152033105492591858e-02
2.374385111033916473e-02 4.057101160287857056e-02
2.425813302397727966e-02 4.088023304939270020e-02
2.428243681788444519e-02 4.630799964070320129e-02
2.946472540497779846e-02 4.210090637207031250e-02
2.730542793869972229e-02 4.171712696552276611e-02
2.535074017941951752e-02 4.075686633586883545e-02
2.311134710907936096e-02 3.853465616703033447e-02
2.159796655178070068e-02 3.496137261390686035e-02
2.605483494699001312e-02 4.543754458427429199e-02
2.076716721057891846e-02 2.953592315316200256e-02
2.991746179759502411e-02 4.955714568495750427e-02
2.940346114337444305e-02 4.678748175501823425e-02
2.656542882323265076e-02 4.348789528012275696e-02
2.649482339620590210e-02 4.372033476829528809e-02
2.527105808258056641e-02 4.504629597067832947e-02
2.470824494957923889e-02 4.093179851770401001e-02
2.459114417433738708e-02 4.444574564695358276e-02
2.557371184229850769e-02 4.442160204052925110e-02
2.531460113823413849e-02 4.495698213577270508e-02
2.552021667361259460e-02 4.207871854305267334e-02
2.854166366159915924e-02 4.797170311212539673e-02
2.728495001792907715e-02 4.521505534648895264e-02
2.760259807109832764e-02 4.465921223163604736e-02
3.010859899222850800e-02 4.480103775858879089e-02
2.768112346529960632e-02 4.349567368626594543e-02
2.873580530285835266e-02 4.184504225850105286e-02
2.757922373712062836e-02 4.281530529260635376e-02
2.760425955057144165e-02 4.189109429717063904e-02
2.541621774435043335e-02 4.100501909852027893e-02
2.460902743041515350e-02 4.038237780332565308e-02
2.746663242578506470e-02 4.485997557640075684e-02
2.781563997268676758e-02 4.470165073871612549e-02
2.810398489236831665e-02 4.426256194710731506e-02
2.678310498595237732e-02 4.530311375856399536e-02
2.590925991535186768e-02 4.549458995461463928e-02
2.633364871144294739e-02 4.321845248341560364e-02
2.371275983750820160e-02 3.998386114835739136e-02
2.422769367694854736e-02 4.090412706136703491e-02
2.465554513037204742e-02 4.191118851304054260e-02
2.682283520698547363e-02 4.281209781765937805e-02
2.699741907417774200e-02 4.199761152267456055e-02
2.579937130212783813e-02 4.208976775407791138e-02
2.268324792385101318e-02 4.386059194803237915e-02
2.518754638731479645e-02 4.541367292404174805e-02
2.550288289785385132e-02 4.446922987699508667e-02
2.630621939897537231e-02 4.552987962961196899e-02
2.787976711988449097e-02 4.589583724737167358e-02
2.760220505297183990e-02 4.599885269999504089e-02
2.735337801277637482e-02 4.318019002676010132e-02
2.758935838937759399e-02 4.323682188987731934e-02
2.648381516337394714e-02 4.426245018839836121e-02
2.592821605503559113e-02 4.400083422660827637e-02
2.600060217082500458e-02 4.433830082416534424e-02
2.560212835669517517e-02 4.315447062253952026e-02
2.732419408857822418e-02 4.508743062615394592e-02
2.502313628792762756e-02 4.444907605648040771e-02
2.636396698653697968e-02 4.511661455035209656e-02
2.646317891776561737e-02 4.604797810316085815e-02
2.609927020967006683e-02 4.466526210308074951e-02
2.621926553547382355e-02 4.422650113701820374e-02
2.751772478222846985e-02 4.934180900454521179e-02
2.422977052628993988e-02 4.493109881877899170e-02
2.518815919756889343e-02 4.723225533962249756e-02
2.517063356935977936e-02 4.462980479001998901e-02
2.510521933436393738e-02 4.292274639010429382e-02
2.673860266804695129e-02 4.284643381834030151e-02
2.685299515724182129e-02 4.456158354878425598e-02
2.688561752438545227e-02 4.317264258861541748e-02
2.717338316142559052e-02 4.265349358320236206e-02
2.687724307179450989e-02 4.342832788825035095e-02
2.385705150663852692e-02 4.212159290909767151e-02
2.415229752659797668e-02 4.406359046697616577e-02
2.245812490582466125e-02 4.391937702894210815e-02
2.281169407069683075e-02 4.685670882463455200e-02
2.386468276381492615e-02 4.338156431913375854e-02
2.474909275770187378e-02 4.257094115018844604e-02
2.653841301798820496e-02 4.215542599558830261e-02
2.469862252473831177e-02 4.316157847642898560e-02
2.565802633762359619e-02 4.306121543049812317e-02
2.549577690660953522e-02 4.583666846156120300e-02
2.713099494576454163e-02 4.626739770174026489e-02
2.670234441757202148e-02 4.620561748743057251e-02
2.766716666519641876e-02 4.635639116168022156e-02
2.704981528222560883e-02 4.437844455242156982e-02
2.745833992958068848e-02 4.588282853364944458e-02
2.600548788905143738e-02 4.383235424757003784e-02
2.493978664278984070e-02 4.224473237991333008e-02
2.577531337738037109e-02 4.139277338981628418e-02
2.586217038333415985e-02 4.178985208272933960e-02
2.665745466947555542e-02 4.495507851243019104e-02
2.642790414392948151e-02 4.673958569765090942e-02
2.679856866598129272e-02 4.524287581443786621e-02
2.950569801032543182e-02 4.616455361247062683e-02
2.689409442245960236e-02 4.430123418569564819e-02
2.785849757492542267e-02 4.661607369780540466e-02
2.634452655911445618e-02 4.352834820747375488e-02
2.527717128396034241e-02 4.463919997215270996e-02
2.632968872785568237e-02 4.341484978795051575e-02
2.338133379817008972e-02 3.943582624197006226e-02
2.467090263962745667e-02 4.155201092362403870e-02
2.693333476781845093e-02 4.445608705282211304e-02
2.374378964304924011e-02 3.915280848741531372e-02
2.567074820399284363e-02 4.198134317994117737e-02
2.725252695381641388e-02 4.329805821180343628e-02
2.590059489011764526e-02 4.148647189140319824e-02
2.207352221012115479e-02 3.796732425689697266e-02
2.632902935147285461e-02 4.315592348575592041e-02
2.522611245512962341e-02 4.432697966694831848e-02
2.486831881105899811e-02 3.890681266784667969e-02
2.471256628632545471e-02 4.105369001626968384e-02
2.075874432921409607e-02 3.984744101762771606e-02
2.131200022995471954e-02 3.666304051876068115e-02
2.022983692586421967e-02 3.746348619461059570e-02
2.117516659200191498e-02 4.006800800561904907e-02
2.085427008569240570e-02 3.733550384640693665e-02
2.428396418690681458e-02 3.886219859123229980e-02
3.131679818034172058e-02 2.698889747262001038e-02
1.984962075948715210e-02 2.846597135066986084e-02
2.428025752305984497e-02 4.008458182215690613e-02
2.386974729597568512e-02 3.339335322380065918e-02
2.668686397373676300e-02 3.816750273108482361e-02
2.620772831141948700e-02 3.654640167951583862e-02
2.706776559352874756e-02 3.809535503387451172e-02
2.719018794596195221e-02 4.034160822629928589e-02
2.847043611109256744e-02 4.024447873234748840e-02
2.955576591193675995e-02 4.072212427854537964e-02
2.878947556018829346e-02 3.950198367238044739e-02
2.780897729098796844e-02 3.870151191949844360e-02
2.765240706503391266e-02 4.209424182772636414e-02
2.685746178030967712e-02 4.108277708292007446e-02
2.700833231210708618e-02 4.238778352737426758e-02
2.627502195537090302e-02 4.119173809885978699e-02
2.705362066626548767e-02 4.113767668604850769e-02
2.734410762786865234e-02 4.451494663953781128e-02
2.562668733298778534e-02 3.735881298780441284e-02
2.869501151144504547e-02 4.319692403078079224e-02
2.509274333715438843e-02 3.696831315755844116e-02
2.952874265611171722e-02 3.905453532934188843e-02
3.021533787250518799e-02 4.408059269189834595e-02
2.515224367380142212e-02 3.805984556674957275e-02
2.688090689480304718e-02 3.801102936267852783e-02
2.691167220473289490e-02 3.793957084417343140e-02
2.615003101527690887e-02 3.709065914154052734e-02
2.447749115526676178e-02 3.564007952809333801e-02
2.415866404771804810e-02 3.900717198848724365e-02
2.455789595842361450e-02 3.164270520210266113e-02
2.099988050758838654e-02 3.334793075919151306e-02
1.911650411784648895e-02 3.399389609694480896e-02
2.045094594359397888e-02 3.154634311795234680e-02
2.002101019024848938e-02 3.113246150314807892e-02
2.165179513394832611e-02 3.308807685971260071e-02
2.039526961743831635e-02 3.822844475507736206e-02
2.311865612864494324e-02 3.346326574683189392e-02
2.733534947037696838e-02 3.589741885662078857e-02
2.404076233506202698e-02 3.119109570980072021e-02
1.482766028493642807e-02 1.175571139901876450e-02
2.547965198755264282e-02 3.305091336369514465e-02
2.491602487862110138e-02 3.685357794165611267e-02
2.318992093205451965e-02 3.473950177431106567e-02
2.707898989319801331e-02 4.043630138039588928e-02
2.730669081211090088e-02 3.558015450835227966e-02
2.516705542802810669e-02 4.071347415447235107e-02
2.234281785786151886e-02 3.815286234021186829e-02
2.542756870388984680e-02 4.207159578800201416e-02
2.441070601344108582e-02 3.597213327884674072e-02
2.444196492433547974e-02 3.693090379238128662e-02
2.530339919030666351e-02 3.641476482152938843e-02
2.597339823842048645e-02 3.646789491176605225e-02
2.515066973865032196e-02 3.774634748697280884e-02
2.367673814296722412e-02 3.571425005793571472e-02
2.477518469095230103e-02 3.704496100544929504e-02
2.095172554254531860e-02 3.494926542043685913e-02
2.475804835557937622e-02 4.033775627613067627e-02
2.401581406593322754e-02 4.004495218396186829e-02
2.468539774417877197e-02 3.984560072422027588e-02
2.760962769389152527e-02 4.069361835718154907e-02
2.811352908611297607e-02 4.180500656366348267e-02
2.770517766475677490e-02 4.534991830587387085e-02
2.687070518732070923e-02 4.704231023788452148e-02
2.784160152077674866e-02 4.379788786172866821e-02
2.800624258816242218e-02 4.529424011707305908e-02
2.658141404390335083e-02 4.389996081590652466e-02
2.312241494655609131e-02 3.895181417465209961e-02
2.065833657979965210e-02 3.827343881130218506e-02
2.345841750502586365e-02 3.995374590158462524e-02
2.365561202168464661e-02 3.652571141719818115e-02
2.690641209483146667e-02 4.025694727897644043e-02
2.648317813873291016e-02 4.131706804037094116e-02
2.415575459599494934e-02 3.746383264660835266e-02
2.805480919778347015e-02 4.235735908150672913e-02
2.489592321217060089e-02 3.935502097010612488e-02
2.571377903223037720e-02 4.298271238803863525e-02
2.654009871184825897e-02 3.968134149909019470e-02
2.538064680993556976e-02 3.354342281818389893e-02
2.697757817804813385e-02 4.326657950878143311e-02
2.366114966571331024e-02 3.801464289426803589e-02
2.698237076401710510e-02 4.453837871551513672e-02
2.683027274906635284e-02 4.689283668994903564e-02
2.465486526489257812e-02 4.638613015413284302e-02
2.502505294978618622e-02 4.436136037111282349e-02
2.446983568370342255e-02 3.845905512571334839e-02
2.059240080416202545e-02 3.449832648038864136e-02
2.839433401823043823e-02 4.380375891923904419e-02
2.492267079651355743e-02 4.568620398640632629e-02
1.757833734154701233e-02 2.612216956913471222e-02
1.802967488765716553e-02 3.147767111659049988e-02
2.653710916638374329e-02 4.625698179006576538e-02
2.527169510722160339e-02 3.703644871711730957e-02
1.796826533973217010e-02 3.797341510653495789e-02
2.621687576174736023e-02 3.453997522592544556e-02
3.303984552621841431e-02 5.270098149776458740e-02
2.182725071907043457e-02 3.875343874096870422e-02
2.521404623985290527e-02 3.960939496755599976e-02
2.569689974188804626e-02 3.940968587994575500e-02
2.439947426319122314e-02 3.978854417800903320e-02
2.968453615903854370e-02 4.473348334431648254e-02
2.582266181707382202e-02 4.553865641355514526e-02
2.472249791026115417e-02 3.946108371019363403e-02
2.488063834607601166e-02 3.942432254552841187e-02
2.650487236678600311e-02 4.094462469220161438e-02
2.553049474954605103e-02 4.127506911754608154e-02
2.410570718348026276e-02 4.244069010019302368e-02
2.314104884862899780e-02 3.785802423954010010e-02
2.632316388189792633e-02 4.472297430038452148e-02
2.168986201286315918e-02 3.127187862992286682e-02
2.908236347138881683e-02 4.429998993873596191e-02
2.738637849688529968e-02 4.326596111059188843e-02
2.903111465275287628e-02 4.918637126684188843e-02
2.582137100398540497e-02 4.707926884293556213e-02
2.839152328670024872e-02 4.631158709526062012e-02
2.475224062800407410e-02 4.408134892582893372e-02
2.758568525314331055e-02 4.400508850812911987e-02
2.898761630058288574e-02 4.180745780467987061e-02
2.771683223545551300e-02 4.096159338951110840e-02
2.824991755187511444e-02 4.108129441738128662e-02
2.775757573544979095e-02 4.146640747785568237e-02
2.355813980102539062e-02 3.813976421952247620e-02
2.440744265913963318e-02 3.976567089557647705e-02
2.456369623541831970e-02 3.939017653465270996e-02
2.627931162714958191e-02 4.186707735061645508e-02
2.539305016398429871e-02 3.956870734691619873e-02
2.386095747351646423e-02 3.834823518991470337e-02
2.294110879302024841e-02 3.685130178928375244e-02
2.568429149687290192e-02 3.939279168844223022e-02
2.299920096993446350e-02 4.045312851667404175e-02
2.176521159708499908e-02 4.278374463319778442e-02
2.380803599953651428e-02 4.377346113324165344e-02
2.346177399158477783e-02 4.129259660840034485e-02
2.625850401818752289e-02 4.356542229652404785e-02
2.473631314933300018e-02 4.317853599786758423e-02
2.380177751183509827e-02 4.154426604509353638e-02
2.752042934298515320e-02 4.303614050149917603e-02
2.738472819328308105e-02 4.095302522182464600e-02
2.558646537363529205e-02 4.342114180326461792e-02
2.346994169056415558e-02 3.871090337634086609e-02
2.187666855752468109e-02 3.952595591545104980e-02
2.436807006597518921e-02 4.101460799574851990e-02
2.248429693281650543e-02 4.442345723509788513e-02
2.209830656647682190e-02 4.071687161922454834e-02
2.575503662228584290e-02 4.147892817854881287e-02
2.440509200096130371e-02 4.332562536001205444e-02
2.540919557213783264e-02 4.641160368919372559e-02
2.177667059004306793e-02 4.194585606455802917e-02
2.504167705774307251e-02 4.194851964712142944e-02
2.436911687254905701e-02 3.828873112797737122e-02
2.374843508005142212e-02 3.718490898609161377e-02
2.317545190453529358e-02 3.767126798629760742e-02
2.106808498501777649e-02 3.850441426038742065e-02
2.224206924438476562e-02 3.854852169752120972e-02
2.408583834767341614e-02 4.085077345371246338e-02
2.720451541244983673e-02 4.129818454384803772e-02
2.535867691040039062e-02 3.696470335125923157e-02
2.494410239160060883e-02 3.525622934103012085e-02
2.688023075461387634e-02 3.591972216963768005e-02
2.716011926531791687e-02 3.719796240329742432e-02
2.730627730488777161e-02 3.511878848075866699e-02
2.321885153651237488e-02 3.302929922938346863e-02
2.610348165035247803e-02 3.814263641834259033e-02
2.374080009758472443e-02 3.424211964011192322e-02
2.403906546533107758e-02 3.780661895871162415e-02
2.655594050884246826e-02 3.768169134855270386e-02
2.251887135207653046e-02 3.777873143553733826e-02
2.416754141449928284e-02 3.976560384035110474e-02
2.501465752720832825e-02 3.955448418855667114e-02
2.578860521316528320e-02 4.536783695220947266e-02
2.917534671723842621e-02 4.026285186409950256e-02
2.377959340810775757e-02 4.018692672252655029e-02
2.399084530770778656e-02 3.847239166498184204e-02
2.698112092912197113e-02 3.804624453186988831e-02
2.799483016133308411e-02 4.080881550908088684e-02
2.552755922079086304e-02 4.016906023025512695e-02
2.674204297363758087e-02 4.066577926278114319e-02
2.676185965538024902e-02 4.139761626720428467e-02
2.591587603092193604e-02 4.101830720901489258e-02
2.657528966665267944e-02 4.207076132297515869e-02
2.680417895317077637e-02 4.506823793053627014e-02
2.739762514829635620e-02 4.504571482539176941e-02
2.692314051091670990e-02 4.476116225123405457e-02
3.154718503355979919e-02 4.735217988491058350e-02
3.085709922015666962e-02 4.381943494081497192e-02
2.951902151107788086e-02 3.976803272962570190e-02
2.963241189718246460e-02 4.156547412276268005e-02
3.129464015364646912e-02 4.387978464365005493e-02
3.149381652474403381e-02 4.481394216418266296e-02
2.769747376441955566e-02 4.174167290329933167e-02
2.850613370537757874e-02 4.370670393109321594e-02
2.615938335657119751e-02 3.891387954354286194e-02
2.862280793488025665e-02 4.069286212325096130e-02
3.013471700251102448e-02 4.131383076310157776e-02
3.025899827480316162e-02 3.828277066349983215e-02
3.015241771936416626e-02 3.768587857484817505e-02
3.077436052262783051e-02 4.078060016036033630e-02
2.958931028842926025e-02 3.943049535155296326e-02
2.751088328659534454e-02 3.785205259919166565e-02
2.984343655407428741e-02 4.397477954626083374e-02
2.938136644661426544e-02 4.296377301216125488e-02
2.620483748614788055e-02 4.100499674677848816e-02
2.848188392817974091e-02 4.124039411544799805e-02
2.187101170420646667e-02 3.577205911278724670e-02
2.422210201621055603e-02 3.788248822093009949e-02
2.260420285165309906e-02 3.864820301532745361e-02
2.505283430218696594e-02 4.096238687634468079e-02
2.705009281635284424e-02 4.297539964318275452e-02
2.561991661787033081e-02 3.786744177341461182e-02
2.695805206894874573e-02 3.882349282503128052e-02
2.654147520661354065e-02 3.937199711799621582e-02
2.975285984575748444e-02 4.256003722548484802e-02
2.581999637186527252e-02 4.180942475795745850e-02
2.278545871376991272e-02 3.928581625223159790e-02
2.547375112771987915e-02 3.964387625455856323e-02
2.563764899969100952e-02 3.979501128196716309e-02
2.516475319862365723e-02 3.754616156220436096e-02
2.340604364871978760e-02 3.607407212257385254e-02
2.476519718766212463e-02 3.660615906119346619e-02
2.537881210446357727e-02 3.770675137639045715e-02
2.555249258875846863e-02 3.874033316969871521e-02
2.500230818986892700e-02 3.932086750864982605e-02
2.720592916011810303e-02 4.041885957121849060e-02
2.768014371395111084e-02 4.546684026718139648e-02
2.490671165287494659e-02 4.008107632398605347e-02
2.426655404269695282e-02 3.897245973348617554e-02
2.480856329202651978e-02 4.191717505455017090e-02
2.313823625445365906e-02 3.755928575992584229e-02
2.299504727125167847e-02 3.979018330574035645e-02
2.476086094975471497e-02 4.468137025833129883e-02
2.490817755460739136e-02 4.468853026628494263e-02
2.433950081467628479e-02 4.025327041745185852e-02
2.203387580811977386e-02 4.044222831726074219e-02
2.564481645822525024e-02 4.103969782590866089e-02
1.963317953050136566e-02 3.683088719844818115e-02
2.069853991270065308e-02 4.079464823007583618e-02
2.139596827328205109e-02 3.669586777687072754e-02
2.074676007032394409e-02 3.521380946040153503e-02
2.557836286723613739e-02 3.887319564819335938e-02
2.306981943547725677e-02 3.696407750248908997e-02
2.564557269215583801e-02 3.762187436223030090e-02
2.467480301856994629e-02 3.582907095551490784e-02
2.578459493815898895e-02 4.073721542954444885e-02
2.540858834981918335e-02 3.744439780712127686e-02
2.255805954337120056e-02 3.507443144917488098e-02
2.446112595498561859e-02 3.555451333522796631e-02
1.839382015168666840e-02 2.983499318361282349e-02
2.411466278135776520e-02 3.459976986050605774e-02
2.298532798886299133e-02 3.379160538315773010e-02
2.367606759071350098e-02 3.599800914525985718e-02
2.138441428542137146e-02 3.781960532069206238e-02
2.282961085438728333e-02 3.451118618249893188e-02
2.414175868034362793e-02 3.485298901796340942e-02
2.494336292147636414e-02 3.692384436726570129e-02
2.156049385666847229e-02 3.561171144247055054e-02
2.306966856122016907e-02 3.414600715041160583e-02
2.120284363627433777e-02 3.544482588768005371e-02
2.590869739651679993e-02 3.820278123021125793e-02
2.746274322271347046e-02 4.226591438055038452e-02
2.738235518336296082e-02 4.263311997056007385e-02
2.631004527211189270e-02 4.242308065295219421e-02
2.738752961158752441e-02 4.296290129423141479e-02
2.504136413335800171e-02 3.955204039812088013e-02
2.596500702202320099e-02 3.874575346708297729e-02
2.303985878825187683e-02 3.691693022847175598e-02
2.591187506914138794e-02 3.980581462383270264e-02
2.172113955020904541e-02 3.963340818881988525e-02
2.071925811469554901e-02 3.215502947568893433e-02
1.994480751454830170e-02 3.437512367963790894e-02
2.356953732669353485e-02 3.595512732863426208e-02
2.112110704183578491e-02 3.520371019840240479e-02
2.060039527714252472e-02 3.839540481567382812e-02
2.110802195966243744e-02 3.909720480442047119e-02
2.075056172907352448e-02 3.594338893890380859e-02
2.183893695473670959e-02 3.734854608774185181e-02
2.053816616535186768e-02 3.546055778861045837e-02
1.943580806255340576e-02 2.623282372951507568e-02
1.726906374096870422e-02 3.028399124741554260e-02
1.730863004922866821e-02 2.633053436875343323e-02
2.145298197865486145e-02 3.350181132555007935e-02
2.142486162483692169e-02 2.926160022616386414e-02
2.013164199888706207e-02 2.889816835522651672e-02
2.148159779608249664e-02 3.007116168737411499e-02
2.082564122974872589e-02 3.002925217151641846e-02
2.199715189635753632e-02 2.886031568050384521e-02
2.047567628324031830e-02 2.550591528415679932e-02
2.199213020503520966e-02 3.181624785065650940e-02
2.269594743847846985e-02 3.193472698330879211e-02
2.436337247490882874e-02 4.327961057424545288e-02
2.312166243791580200e-02 3.689178451895713806e-02
2.567443624138832092e-02 4.276648908853530884e-02
2.257084101438522339e-02 3.850530087947845459e-02
2.694861963391304016e-02 4.211623594164848328e-02
2.771354466676712036e-02 4.290971904993057251e-02
2.886976860463619232e-02 3.764418140053749084e-02
2.360651455819606781e-02 3.291601687669754028e-02
2.492379955947399139e-02 4.059378802776336670e-02
2.084246277809143066e-02 2.744463086128234863e-02
2.453136444091796875e-02 3.279693424701690674e-02
2.577375620603561401e-02 3.642342984676361084e-02
2.648457884788513184e-02 3.876800090074539185e-02
2.500481903553009033e-02 3.671866655349731445e-02
2.408843114972114563e-02 4.046323522925376892e-02
2.531274035573005676e-02 4.161611199378967285e-02
2.507182583212852478e-02 4.217005521059036255e-02
2.558848075568675995e-02 3.874924778938293457e-02
2.529079839587211609e-02 3.692812472581863403e-02
2.394224330782890320e-02 3.686970472335815430e-02
2.092378214001655579e-02 3.367939591407775879e-02
2.170507051050662994e-02 3.233632817864418030e-02
2.318659797310829163e-02 3.662808984518051147e-02
2.218139916658401489e-02 3.841591998934745789e-02
2.059853635728359222e-02 3.571502864360809326e-02
1.762196049094200134e-02 3.701649606227874756e-02
2.365451678633689880e-02 3.878022357821464539e-02
2.000514790415763855e-02 3.747798874974250793e-02
1.976239122450351715e-02 3.419193625450134277e-02
1.940950751304626465e-02 3.729004040360450745e-02
2.304456010460853577e-02 3.721743449568748474e-02
2.251035906374454498e-02 3.637710213661193848e-02
1.759867183864116669e-02 3.241418302059173584e-02
2.104697003960609436e-02 4.085677862167358398e-02
2.481845580041408539e-02 3.986797109246253967e-02
2.392170950770378113e-02 3.996589779853820801e-02
2.108715102076530457e-02 3.449374437332153320e-02
2.835958823561668396e-02 4.173130542039871216e-02
2.424707822501659393e-02 3.651804849505424500e-02
2.797221764922142029e-02 4.805872589349746704e-02
2.488419786095619202e-02 4.372653365135192871e-02
2.734513394534587860e-02 5.035924166440963745e-02
2.801842428743839264e-02 4.667700827121734619e-02
2.581101469695568085e-02 4.405261948704719543e-02
2.753905765712261200e-02 4.400829970836639404e-02
2.342802099883556366e-02 3.838760033249855042e-02
2.867397107183933258e-02 4.305757582187652588e-02
2.539393492043018341e-02 4.085592180490493774e-02
2.225932478904724121e-02 3.739632666110992432e-02
2.546560950577259064e-02 3.883479535579681396e-02
2.763804048299789429e-02 4.461235553026199341e-02
2.379004843533039093e-02 3.952500969171524048e-02
2.349360287189483643e-02 3.663450852036476135e-02
2.702630311250686646e-02 4.347318783402442932e-02
1.976878941059112549e-02 3.782272711396217346e-02
2.213687449693679810e-02 3.849314153194427490e-02
2.099778503179550171e-02 4.248914495110511780e-02
2.014536783099174500e-02 3.570182621479034424e-02
1.983960717916488647e-02 3.964895382523536682e-02
2.040657401084899902e-02 3.263049945235252380e-02
2.461052685976028442e-02 3.927846997976303101e-02
2.239455655217170715e-02 4.181679710745811462e-02
2.090208791196346283e-02 3.628592938184738159e-02
2.357603237032890320e-02 4.240656271576881409e-02
2.331325039267539978e-02 4.177769273519515991e-02
2.498325332999229431e-02 4.367776587605476379e-02
2.519524097442626953e-02 4.341439157724380493e-02
2.475042082369327545e-02 4.091896861791610718e-02
2.174092642962932587e-02 4.195800423622131348e-02
2.222625724971294403e-02 4.436427354812622070e-02
2.181356213986873627e-02 4.152800142765045166e-02
2.144708484411239624e-02 4.276866465806961060e-02
1.999079808592796326e-02 3.566241264343261719e-02
2.444379217922687531e-02 4.286178946495056152e-02
2.369824424386024475e-02 4.297985136508941650e-02
2.018474601209163666e-02 3.979535400867462158e-02
1.428884081542491913e-02 3.204480558633804321e-02
2.146780863404273987e-02 4.224180430173873901e-02
2.302862703800201416e-02 4.970856010913848877e-02
1.834068819880485535e-02 4.293953627347946167e-02
2.299836650490760803e-02 4.482810944318771362e-02
2.131090871989727020e-02 4.807458072900772095e-02
2.010075934231281281e-02 3.895910456776618958e-02
2.237533219158649445e-02 4.502185434103012085e-02
