6.972890347242355347e-03 3.430651128292083740e-02
1.157220639288425446e-02 3.720353543758392334e-02
1.426035910844802856e-02 3.502599895000457764e-02
1.669499464333057404e-02 4.099836573004722595e-02
1.537173800170421600e-02 4.277706891298294067e-02
1.396485976874828339e-02 3.059478849172592163e-02
1.921702921390533447e-02 3.562052175402641296e-02
1.941576041281223297e-02 3.924920409917831421e-02
2.043437585234642029e-02 3.866066038608551025e-02
1.657522097229957581e-02 4.247780889272689819e-02
1.846122555434703827e-02 3.423162549734115601e-02
2.026969008147716522e-02 3.766620159149169922e-02
1.637365110218524933e-02 2.793310955166816711e-02
1.644444465637207031e-02 3.858893364667892456e-02
1.688538119196891785e-02 4.085852950811386108e-02
1.686621084809303284e-02 4.082561284303665161e-02
1.263290457427501678e-02 4.526974260807037354e-02
1.039148773998022079e-02 3.826392441987991333e-02
1.501560863107442856e-02 4.301651567220687866e-02
1.344585511833429337e-02 4.325427487492561340e-02
1.528312265872955322e-02 4.892668500542640686e-02
1.474357023835182190e-02 5.349020287394523621e-02
1.302032172679901123e-02 4.817039519548416138e-02
1.171189825981855392e-02 4.780010879039764404e-02
1.581650786101818085e-02 4.891174286603927612e-02
1.663451083004474640e-02 5.319663882255554199e-02
1.495325937867164612e-02 5.044952034950256348e-02
1.000446453690528870e-02 4.799740016460418701e-02
1.522284932434558868e-02 5.169396847486495972e-02
1.227047294378280640e-02 4.718653112649917603e-02
1.658972352743148804e-02 4.524271935224533081e-02
1.300862710922956467e-02 4.271847009658813477e-02
1.189229544252157211e-02 4.246973246335983276e-02
1.684882119297981262e-02 4.611306264996528625e-02
1.667524501681327820e-02 4.513267055153846741e-02
1.724606938660144806e-02 5.148072540760040283e-02
1.828554645180702209e-02 5.229575186967849731e-02
1.977583952248096466e-02 5.573306977748870850e-02
1.708062179386615753e-02 5.408550798892974854e-02
1.816161721944808960e-02 5.068456381559371948e-02
1.672360487282276154e-02 5.088747292757034302e-02
2.129046991467475891e-02 5.269632488489151001e-02
1.724945008754730225e-02 4.815716296434402466e-02
1.875107362866401672e-02 4.916871339082717896e-02
1.343644224107265472e-02 4.381194710731506348e-02
1.175327505916357040e-02 4.006363078951835632e-02
1.066946052014827728e-02 4.458115994930267334e-02
1.039119064807891846e-02 4.565788805484771729e-02
1.144808623939752579e-02 4.943530261516571045e-02
1.492504402995109558e-02 5.276040732860565186e-02
9.343847632408142090e-03 4.217749461531639099e-02
9.794704616069793701e-03 4.217861592769622803e-02
9.536789730191230774e-03 3.995497524738311768e-02
9.557969868183135986e-03 3.905697539448738098e-02
8.751109242439270020e-03 3.874510526657104492e-02
8.783342316746711731e-03 3.584986925125122070e-02
8.149705827236175537e-03 3.504800796508789062e-02
9.947063401341438293e-03 3.158648684620857239e-02
8.021309971809387207e-03 3.436424955725669861e-02
9.479558095335960388e-03 3.300625458359718323e-02
7.690049707889556885e-03 3.460610657930374146e-02
7.647369056940078735e-03 3.448961675167083740e-02
8.191086351871490479e-03 3.357476741075515747e-02
8.149378001689910889e-03 3.372096642851829529e-02
7.369119673967361450e-03 3.491537272930145264e-02
8.918941020965576172e-03 3.804653882980346680e-02
9.283466264605522156e-03 3.452928736805915833e-02
8.617613464593887329e-03 3.354189544916152954e-02
1.072464697062969208e-02 3.613351285457611084e-02
7.651640102267265320e-03 3.591608628630638123e-02
9.073225781321525574e-03 3.837245702743530273e-02
1.000405102968215942e-02 3.439636155962944031e-02
8.566882461309432983e-03 3.569573909044265747e-02
9.463950991630554199e-03 3.639373555779457092e-02
9.556675329804420471e-03 3.612512722611427307e-02
1.056158356368541718e-02 3.875930607318878174e-02
9.961044415831565857e-03 3.757411614060401917e-02
8.767031133174896240e-03 3.649862855672836304e-02
7.797442376613616943e-03 3.453242033720016479e-02
9.029470384120941162e-03 3.443590179085731506e-02
1.021444611251354218e-02 3.604582697153091431e-02
9.499212726950645447e-03 3.507768362760543823e-02
1.242331229150295258e-02 3.629658743739128113e-02
1.275169849395751953e-02 4.071925580501556396e-02
1.153003051877021790e-02 3.932293504476547241e-02
1.149321720004081726e-02 3.861388936638832092e-02
1.081595011055469513e-02 3.732638433575630188e-02
1.102504692971706390e-02 3.599038720130920410e-02
1.052935980260372162e-02 3.539526090025901794e-02
1.110807061195373535e-02 3.722602874040603638e-02
1.227427646517753601e-02 3.669776022434234619e-02
1.208880543708801270e-02 3.513874113559722900e-02
1.296997629106044769e-02 3.549035638570785522e-02
1.065098308026790619e-02 3.698034211993217468e-02
1.354628428816795349e-02 3.604564070701599121e-02
1.475404296070337296e-02 3.530395030975341797e-02
1.460168231278657913e-02 3.636550158262252808e-02
1.158071216195821762e-02 3.432089835405349731e-02
1.304310560226440430e-02 3.618227690458297729e-02
1.302133873105049133e-02 3.588651120662689209e-02
1.365702971816062927e-02 3.148307278752326965e-02
1.307554170489311218e-02 3.223967552185058594e-02
1.466058567166328430e-02 3.664325922727584839e-02
1.525958906859159470e-02 3.798983246088027954e-02
1.687222719192504883e-02 3.453294932842254639e-02
1.581810414791107178e-02 3.907437250018119812e-02
1.474276930093765259e-02 3.197818621993064880e-02
1.693719998002052307e-02 3.678013011813163757e-02
1.806499063968658447e-02 3.503578156232833862e-02
1.563532091677188873e-02 3.705632686614990234e-02
1.801905594766139984e-02 3.766141086816787720e-02
1.647947728633880615e-02 3.606202453374862671e-02
1.618798449635505676e-02 3.553292155265808105e-02
1.784845069050788879e-02 3.379476815462112427e-02
1.584854349493980408e-02 3.763170540332794189e-02
1.841948553919792175e-02 3.452070429921150208e-02
1.793623901903629303e-02 3.326218575239181519e-02
1.864898949861526489e-02 3.424807265400886536e-02
1.748288795351982117e-02 3.887402266263961792e-02
1.824200153350830078e-02 3.781490772962570190e-02
1.686011813580989838e-02 3.350025787949562073e-02
1.770601235330104828e-02 3.321447968482971191e-02
1.650222018361091614e-02 3.933310881257057190e-02
1.736195757985115051e-02 3.062893263995647430e-02
1.726671680808067322e-02 3.428609669208526611e-02
1.721581816673278809e-02 3.442578017711639404e-02
1.744528673589229584e-02 3.121925517916679382e-02
1.726225391030311584e-02 3.784772008657455444e-02
1.879194378852844238e-02 3.471029549837112427e-02
1.725697517395019531e-02 3.385031595826148987e-02
1.707723177969455719e-02 3.386388346552848816e-02
1.675112918019294739e-02 3.413508832454681396e-02
1.689279265701770782e-02 3.000148572027683258e-02
1.707439124584197998e-02 3.339657932519912720e-02
1.775018684566020966e-02 3.303807601332664490e-02
1.679978519678115845e-02 3.374338150024414062e-02
1.782847568392753601e-02 3.614830225706100464e-02
1.881566084921360016e-02 3.194337338209152222e-02
1.771868206560611725e-02 3.417558968067169189e-02
1.853468641638755798e-02 3.348029777407646179e-02
1.782477833330631256e-02 3.606699779629707336e-02
1.544639095664024353e-02 3.195979818701744080e-02
1.618514209985733032e-02 3.293944522738456726e-02
1.752765849232673645e-02 3.441371396183967590e-02
1.662058569490909576e-02 3.464531898498535156e-02
1.597388647496700287e-02 3.139591217041015625e-02
1.914718560874462128e-02 3.375511243939399719e-02
1.798217743635177612e-02 3.631223365664482117e-02
1.796959526836872101e-02 3.256326913833618164e-02
1.860486343502998352e-02 3.513454645872116089e-02
1.811732538044452667e-02 3.204760700464248657e-02
2.050735056400299072e-02 3.155782818794250488e-02
1.956266164779663086e-02 3.330501168966293335e-02
1.782875508069992065e-02 3.124198317527770996e-02
1.829646527767181396e-02 3.099041432142257690e-02
1.949381642043590546e-02 3.292189911007881165e-02
1.935693249106407166e-02 3.199695795774459839e-02
1.987967267632484436e-02 3.150926530361175537e-02
1.879142224788665771e-02 3.525501117110252380e-02
1.841469109058380127e-02 3.178389370441436768e-02
1.711352728307247162e-02 3.491228073835372925e-02
1.623366586863994598e-02 3.147688880562782288e-02
1.639017462730407715e-02 3.041836991906166077e-02
1.690709218382835388e-02 2.898735366761684418e-02
1.788527704775333405e-02 2.788507565855979919e-02
1.820334419608116150e-02 2.740569412708282471e-02
1.624554581940174103e-02 2.870953641831874847e-02
1.800406351685523987e-02 2.742267586290836334e-02
1.778601296246051788e-02 3.233212605118751526e-02
1.717249862849712372e-02 2.658585086464881897e-02
1.662821881473064423e-02 2.689409814774990082e-02
1.799978129565715790e-02 2.733113616704940796e-02
1.669752597808837891e-02 2.877180278301239014e-02
1.577120088040828705e-02 2.912693843245506287e-02
1.539413630962371826e-02 3.328294679522514343e-02
1.515747606754302979e-02 3.246118873357772827e-02
1.361308805644512177e-02 3.064172901213169098e-02
1.536850910633802414e-02 3.159479424357414246e-02
1.445108558982610703e-02 3.224068880081176758e-02
1.509514264762401581e-02 3.339345008134841919e-02
1.469913683831691742e-02 3.326915577054023743e-02
1.429035700857639313e-02 2.860486879944801331e-02
1.552389003336429596e-02 3.284331038594245911e-02
1.625371910631656647e-02 3.031625039875507355e-02
1.663616672158241272e-02 2.857830375432968140e-02
1.616788096725940704e-02 2.905804105103015900e-02
1.567492261528968811e-02 3.115459159016609192e-02
1.550734788179397583e-02 2.916864119470119476e-02
1.382264681160449982e-02 3.180536627769470215e-02
1.546863187104463577e-02 3.068693168461322784e-02
1.646993495523929596e-02 3.293428197503089905e-02
1.560568436980247498e-02 3.398711234331130981e-02
1.739307306706905365e-02 3.229166567325592041e-02
1.689720526337623596e-02 3.221736475825309753e-02
1.752069033682346344e-02 3.279910981655120850e-02
1.570822671055793762e-02 3.204315528273582458e-02
1.447423361241817474e-02 3.324156999588012695e-02
1.566316746175289154e-02 3.541327267885208130e-02
1.469899341464042664e-02 3.300552070140838623e-02
1.562860980629920959e-02 3.163577616214752197e-02
1.635885238647460938e-02 3.670352697372436523e-02
1.756137982010841370e-02 3.664793074131011963e-02
1.854945719242095947e-02 3.738869726657867432e-02
1.660264655947685242e-02 3.485357761383056641e-02
1.760848052799701691e-02 3.710167855024337769e-02
1.737937889993190765e-02 3.611577302217483521e-02
1.841861382126808167e-02 3.527094423770904541e-02
1.771008223295211792e-02 3.508000075817108154e-02
1.841391995549201965e-02 3.543640673160552979e-02
1.649648696184158325e-02 3.758956864476203918e-02
1.676433160901069641e-02 3.308882936835289001e-02
1.712966710329055786e-02 3.573039174079895020e-02
1.493914984166622162e-02 3.429608047008514404e-02
1.547648198902606964e-02 3.560644015669822693e-02
1.511628180742263794e-02 3.828442841768264771e-02
1.663019880652427673e-02 3.206065669655799866e-02
1.532556489109992981e-02 3.502813726663589478e-02
1.750225014984607697e-02 3.579600900411605835e-02
1.913309283554553986e-02 3.573552519083023071e-02
1.957192085683345795e-02 3.623219579458236694e-02
2.000775560736656189e-02 3.524465858936309814e-02
2.102131582796573639e-02 3.678762912750244141e-02
2.053556032478809357e-02 3.878336399793624878e-02
2.036277391016483307e-02 3.580674156546592712e-02
2.130342274904251099e-02 3.639714419841766357e-02
2.074024267494678497e-02 3.782263025641441345e-02
2.027823589742183685e-02 4.328167438507080078e-02
2.200488001108169556e-02 3.943340480327606201e-02
2.079251036047935486e-02 3.915720805525779724e-02
2.262447401881217957e-02 3.947917371988296509e-02
2.069910801947116852e-02 3.859685361385345459e-02
2.352523803710937500e-02 3.749712556600570679e-02
2.182307466864585876e-02 3.507304191589355469e-02
2.546999603509902954e-02 4.360581189393997192e-02
2.506069466471672058e-02 4.167332500219345093e-02
2.321096323430538177e-02 4.297995567321777344e-02
2.463445812463760376e-02 3.877101838588714600e-02
2.242441102862358093e-02 3.783503919839859009e-02
2.222776599228382111e-02 4.084384813904762268e-02
2.112309262156486511e-02 3.451377153396606445e-02
1.959208026528358459e-02 3.402649611234664917e-02
2.220301702618598938e-02 3.692569583654403687e-02
2.182149887084960938e-02 3.513598442077636719e-02
2.221446856856346130e-02 3.591927886009216309e-02
2.057170122861862183e-02 3.754451498389244080e-02
2.110529690980911255e-02 3.312126547098159790e-02
2.142663672566413879e-02 3.656063973903656006e-02
2.256479859352111816e-02 3.807929158210754395e-02
2.103968523442745209e-02 3.992129862308502197e-02
2.638391405344009399e-02 4.060993716120719910e-02
2.341364510357379913e-02 3.959987685084342957e-02
2.438540011644363403e-02 3.773136436939239502e-02
2.240845188498497009e-02 3.832929581403732300e-02
2.313583903014659882e-02 3.922575339674949646e-02
2.212034724652767181e-02 3.979640826582908630e-02
2.042916044592857361e-02 4.349770396947860718e-02
2.089692465960979462e-02 3.736631572246551514e-02
1.907353103160858154e-02 3.102422319352626801e-02
1.964860036969184875e-02 3.754092380404472351e-02
1.812616735696792603e-02 3.675156086683273315e-02
1.850582472980022430e-02 3.533077239990234375e-02
1.850803568959236145e-02 3.610821068286895752e-02
2.051384560763835907e-02 3.782921656966209412e-02
1.921121031045913696e-02 4.362958669662475586e-02
1.860924251377582550e-02 3.844431787729263306e-02
1.732833869755268097e-02 3.548122197389602661e-02
1.892315223813056946e-02 3.742311149835586548e-02
1.574856974184513092e-02 3.740714490413665771e-02
1.941070705652236938e-02 3.933533281087875366e-02
1.827839389443397522e-02 3.961857035756111145e-02
1.752032712101936340e-02 3.729134798049926758e-02
1.976132020354270935e-02 3.830546140670776367e-02
2.040337398648262024e-02 3.624784573912620544e-02
1.893674395978450775e-02 3.520243614912033081e-02
1.829922571778297424e-02 3.693940490484237671e-02
9.020909667015075684e-03 4.704795777797698975e-02
9.686496108770370483e-03 4.502490907907485962e-02
1.472283992916345596e-02 4.385948926210403442e-02
1.250059437006711960e-02 4.458082467317581177e-02
1.792383193969726562e-02 3.805351257324218750e-02
1.565886288881301880e-02 3.875448554754257202e-02
1.588044315576553345e-02 3.864561021327972412e-02
2.097976021468639374e-02 4.046704247593879700e-02
1.795538142323493958e-02 3.794036805629730225e-02
1.704321987926959991e-02 3.944581747055053711e-02
1.756747439503669739e-02 4.038122668862342834e-02
1.413264963775873184e-02 3.944719955325126648e-02
1.562800444662570953e-02 4.154831916093826294e-02
1.561839506030082703e-02 4.039836674928665161e-02
1.645668968558311462e-02 4.235480725765228271e-02
1.680692471563816071e-02 4.199704900383949280e-02
1.656535081565380096e-02 4.145437479019165039e-02
1.598062552511692047e-02 3.857675939798355103e-02
1.449710689485073090e-02 3.552221506834030151e-02
1.447330228984355927e-02 3.632689267396926880e-02
1.460887677967548370e-02 3.795334696769714355e-02
1.324382796883583069e-02 3.635251522064208984e-02
1.396084018051624298e-02 3.771588578820228577e-02
1.193863898515701294e-02 4.161194339394569397e-02
1.225643418729305267e-02 3.732752054929733276e-02
1.517995633184909821e-02 3.924939408898353577e-02
1.506198849529027939e-02 3.838126361370086670e-02
1.427995599806308746e-02 3.752178326249122620e-02
1.423662994056940079e-02 3.789371624588966370e-02
1.327747665345668793e-02 3.636461123824119568e-02
1.427900418639183044e-02 3.551541641354560852e-02
1.431838050484657288e-02 3.562770783901214600e-02
1.176106464117765427e-02 3.419195115566253662e-02
1.238601747900247574e-02 3.507319092750549316e-02
1.390824280679225922e-02 3.671327978372573853e-02
1.457898505032062531e-02 3.612179309129714966e-02
1.626021228730678558e-02 3.677231818437576294e-02
1.584272272884845734e-02 3.937092795968055725e-02
1.626717299222946167e-02 4.043022915720939636e-02
1.660693623125553131e-02 4.280751198530197144e-02
1.807025820016860962e-02 4.013598710298538208e-02
1.773691549897193909e-02 4.132751375436782837e-02
1.632670313119888306e-02 3.790752589702606201e-02
1.725240610539913177e-02 4.022526741027832031e-02
1.735418662428855896e-02 4.007454216480255127e-02
1.787305250763893127e-02 3.898054361343383789e-02
2.077605947852134705e-02 4.001230746507644653e-02
2.021053805947303772e-02 3.816109150648117065e-02
1.993542909622192383e-02 3.890294581651687622e-02
2.015191316604614258e-02 4.067433625459671021e-02
2.063870057463645935e-02 3.698870167136192322e-02
1.934919133782386780e-02 3.800488263368606567e-02
1.893809437751770020e-02 3.850733488798141479e-02
1.816450990736484528e-02 3.756183385848999023e-02
2.085900679230690002e-02 3.755626827478408813e-02
1.798534765839576721e-02 3.837233781814575195e-02
1.934985443949699402e-02 3.688301146030426025e-02
1.816991716623306274e-02 3.508727252483367920e-02
1.819512434303760529e-02 3.607270121574401855e-02
1.855318993330001831e-02 3.595129400491714478e-02
1.732295565307140350e-02 3.696876019239425659e-02
1.955576986074447632e-02 3.909464925527572632e-02
1.592607423663139343e-02 3.324010595679283142e-02
1.775929518043994904e-02 3.430999070405960083e-02
1.664481312036514282e-02 3.402287513017654419e-02
1.595989800989627838e-02 3.719874471426010132e-02
1.675279438495635986e-02 3.630843758583068848e-02
1.761291548609733582e-02 3.707755729556083679e-02
1.773858815431594849e-02 3.764577582478523254e-02
1.716543734073638916e-02 3.548594564199447632e-02
1.670444943010807037e-02 3.820389509201049805e-02
2.022837102413177490e-02 4.058023169636726379e-02
1.975311338901519775e-02 4.259477183222770691e-02
1.989734172821044922e-02 4.148959368467330933e-02
2.071682363748550415e-02 4.192510247230529785e-02
2.085576206445693970e-02 3.994002565741539001e-02
2.101969718933105469e-02 4.377553984522819519e-02
2.090641856193542480e-02 4.320587217807769775e-02
1.886773109436035156e-02 4.426676779985427856e-02
1.876312494277954102e-02 4.184511303901672363e-02
2.009695768356323242e-02 4.287089407444000244e-02
1.950104534626007080e-02 4.257194697856903076e-02
1.742197573184967041e-02 4.165977984666824341e-02
1.594285108149051666e-02 3.940902650356292725e-02
1.718629524111747742e-02 4.046550393104553223e-02
1.893447712063789368e-02 4.108255356550216675e-02
1.742606610059738159e-02 3.623569756746292114e-02
1.722487621009349823e-02 3.690779954195022583e-02
1.761028543114662170e-02 3.680350258946418762e-02
1.592264324426651001e-02 3.878676146268844604e-02
1.886561699211597443e-02 3.965698555111885071e-02
1.791651919484138489e-02 3.974627703428268433e-02
1.529965735971927643e-02 3.818226978182792664e-02
1.782623305916786194e-02 3.892482817173004150e-02
1.685248687863349915e-02 4.008034989237785339e-02
1.696728169918060303e-02 3.816521912813186646e-02
1.720247790217399597e-02 3.712767362594604492e-02
1.661759801208972931e-02 3.872529417276382446e-02
1.640594750642776489e-02 3.628116473555564880e-02
1.615977846086025238e-02 3.687682002782821655e-02
1.626703515648841858e-02 4.001356661319732666e-02
1.650024950504302979e-02 4.035087302327156067e-02
1.792570948600769043e-02 4.188539832830429077e-02
1.722328737378120422e-02 4.209026694297790527e-02
1.677747629582881927e-02 3.656928986310958862e-02
1.621096022427082062e-02 3.722886741161346436e-02
1.751271076500415802e-02 3.907711803913116455e-02
1.723080128431320190e-02 3.761304914951324463e-02
1.524897105991840363e-02 3.726311400532722473e-02
1.482406072318553925e-02 3.644824028015136719e-02
1.672632060945034027e-02 3.642822802066802979e-02
1.763044856488704681e-02 3.969504684209823608e-02
1.603309065103530884e-02 3.847890347242355347e-02
1.685975678265094757e-02 3.611434251070022583e-02
1.686537265777587891e-02 3.820678591728210449e-02
1.496798358857631683e-02 3.796901181340217590e-02
1.579474098980426788e-02 3.915461152791976929e-02
1.572100259363651276e-02 3.924325853586196899e-02
1.579050160944461823e-02 3.670798242092132568e-02
1.679315045475959778e-02 3.886394202709197998e-02
1.486850436776876450e-02 3.598464652895927429e-02
1.514485292136669159e-02 3.598754853010177612e-02
1.497971266508102417e-02 3.897816315293312073e-02
1.516800187528133392e-02 3.961503878235816956e-02
1.480065286159515381e-02 3.866279125213623047e-02
1.309153065085411072e-02 3.486788272857666016e-02
1.529109291732311249e-02 3.884915262460708618e-02
1.662187650799751282e-02 3.824780136346817017e-02
1.611985638737678528e-02 3.865085542201995850e-02
1.690008863806724548e-02 3.892448171973228455e-02
1.626749895513057709e-02 3.866849094629287720e-02
1.511054392904043198e-02 3.932755440473556519e-02
1.553791388869285583e-02 3.663415461778640747e-02
1.542351674288511276e-02 3.480989485979080200e-02
1.600129529833793640e-02 3.781666234135627747e-02
1.525552943348884583e-02 3.764184564352035522e-02
1.472977362573146820e-02 3.633109480142593384e-02
1.545177027583122253e-02 3.537002205848693848e-02
1.462824083864688873e-02 3.521293401718139648e-02
1.450090110301971436e-02 3.495035320520401001e-02
1.565916091203689575e-02 3.790761902928352356e-02
1.580742746591567993e-02 3.746321797370910645e-02
1.533346250653266907e-02 3.566768765449523926e-02
1.429097726941108704e-02 3.824358433485031128e-02
1.474372111260890961e-02 3.991529345512390137e-02
1.529713720083236694e-02 3.968797996640205383e-02
1.629344746470451355e-02 3.679732978343963623e-02
1.622988656163215637e-02 3.807454556226730347e-02
1.592070795595645905e-02 3.742427378892898560e-02
1.560831721872091293e-02 4.143406450748443604e-02
1.567912101745605469e-02 4.068143293261528015e-02
1.565579324960708618e-02 3.927721083164215088e-02
1.511938218027353287e-02 3.838495910167694092e-02
1.621192693710327148e-02 3.838126361370086670e-02
1.414888631552457809e-02 3.674141317605972290e-02
1.673760265111923218e-02 3.704544156789779663e-02
1.738749444484710693e-02 3.646395355463027954e-02
1.864213496446609497e-02 3.624832630157470703e-02
1.937870308756828308e-02 3.974398970603942871e-02
1.988074928522109985e-02 4.032646119594573975e-02
1.951279863715171814e-02 4.118855297565460205e-02
1.734638586640357971e-02 4.380086064338684082e-02
1.518366392701864243e-02 3.862307965755462646e-02
1.525029633194208145e-02 3.892030194401741028e-02
1.553082093596458435e-02 3.850188851356506348e-02
1.690063253045082092e-02 3.736255317926406860e-02
1.671639643609523773e-02 4.017125070095062256e-02
1.497050561010837555e-02 4.116522520780563354e-02
1.837854832410812378e-02 3.933476656675338745e-02
1.732391677796840668e-02 4.072917252779006958e-02
1.459544803947210312e-02 3.891025483608245850e-02
1.406133174896240234e-02 3.699630498886108398e-02
1.388440188020467758e-02 3.871036320924758911e-02
1.475265808403491974e-02 3.844210878014564514e-02
1.264005433768033981e-02 3.917779400944709778e-02
1.391071267426013947e-02 4.003517329692840576e-02
1.194050535559654236e-02 3.704834729433059692e-02
1.456789113581180573e-02 4.050152003765106201e-02
1.383202709257602692e-02 3.966468572616577148e-02
1.499211881309747696e-02 3.667682409286499023e-02
1.534195058047771454e-02 3.524285927414894104e-02
1.630866341292858124e-02 3.454468026757240295e-02
1.822765544056892395e-02 3.612398728728294373e-02
1.994761824607849121e-02 3.713349997997283936e-02
1.729780063033103943e-02 3.449028357863426208e-02
1.785334199666976929e-02 3.675816580653190613e-02
1.744777895510196686e-02 3.348736837506294250e-02
1.857208460569381714e-02 3.805988281965255737e-02
1.788463443517684937e-02 3.611445426940917969e-02
1.746177300810813904e-02 3.515719622373580933e-02
1.668335497379302979e-02 3.438503295183181763e-02
1.699910685420036316e-02 3.612966090440750122e-02
1.824920997023582458e-02 3.416856005787849426e-02
1.772018149495124817e-02 3.948620334267616272e-02
1.849249377846717834e-02 3.721439838409423828e-02
1.779988966882228851e-02 3.470861911773681641e-02
1.692738011479377747e-02 3.438984230160713196e-02
1.768566295504570007e-02 3.230180591344833374e-02
1.609623432159423828e-02 3.632606938481330872e-02
1.650333963334560394e-02 3.585224598646163940e-02
1.741480268537998199e-02 4.050029069185256958e-02
1.594472303986549377e-02 3.993105143308639526e-02
1.652478985488414764e-02 4.050289839506149292e-02
1.858434453606605530e-02 4.318822175264358521e-02
1.699933037161827087e-02 3.959061205387115479e-02
1.716168224811553955e-02 3.964836522936820984e-02
1.885081455111503601e-02 3.830046951770782471e-02
1.937553472816944122e-02 3.715319186449050903e-02
1.794988289475440979e-02 3.417854011058807373e-02
1.722994260489940643e-02 3.434001654386520386e-02
1.663298159837722778e-02 3.449290990829467773e-02
1.622720248997211456e-02 3.759128600358963013e-02
1.583747565746307373e-02 3.558765351772308350e-02
1.774102821946144104e-02 3.873048722743988037e-02
1.852108538150787354e-02 3.866849839687347412e-02
1.780177652835845947e-02 3.534495830535888672e-02
1.629346795380115509e-02 3.517873957753181458e-02
1.644262671470642090e-02 3.526259586215019226e-02
1.666085422039031982e-02 3.359203785657882690e-02
1.586083509027957916e-02 3.186157345771789551e-02
1.588301174342632294e-02 3.241270408034324646e-02
1.632032170891761780e-02 3.301910683512687683e-02
1.590789481997489929e-02 3.383918851613998413e-02
1.569105684757232666e-02 3.536291792988777161e-02
1.664637215435504913e-02 3.565401583909988403e-02
1.808014884591102600e-02 3.546351939439773560e-02
1.743042469024658203e-02 3.413783758878707886e-02
1.623074524104595184e-02 3.215505927801132202e-02
1.566496305167675018e-02 3.330565616488456726e-02
1.452124491333961487e-02 3.302361816167831421e-02
1.688355579972267151e-02 3.462206572294235229e-02
1.620331406593322754e-02 3.568465262651443481e-02
1.616866514086723328e-02 3.254062682390213013e-02
1.770838350057601929e-02 3.359440714120864868e-02
1.669184118509292603e-02 3.210812434554100037e-02
1.716517098248004913e-02 3.559158369898796082e-02
1.492910739034414291e-02 3.036423400044441223e-02
1.561707630753517151e-02 3.219451010227203369e-02
1.652407273650169373e-02 3.440397977828979492e-02
1.549022551625967026e-02 3.238232806324958801e-02
1.476143859326839447e-02 3.293687850236892700e-02
1.616024412214756012e-02 3.679738193750381470e-02
1.569153368473052979e-02 3.448928147554397583e-02
1.587218791246414185e-02 3.682111948728561401e-02
1.672385446727275848e-02 3.431900963187217712e-02
1.916153542697429657e-02 3.521562740206718445e-02
1.829123869538307190e-02 3.046667575836181641e-02
1.892935857176780701e-02 2.741470932960510254e-02
1.936346665024757385e-02 2.969041652977466583e-02
2.051852457225322723e-02 3.036925010383129120e-02
1.669656112790107727e-02 2.467323280870914459e-02
1.994961313903331757e-02 2.852054126560688019e-02
1.886345073580741882e-02 3.110662847757339478e-02
1.922710426151752472e-02 2.992395125329494476e-02
1.930178329348564148e-02 2.931421622633934021e-02
1.989731565117835999e-02 3.357376158237457275e-02
2.150610834360122681e-02 3.201570361852645874e-02
1.823105663061141968e-02 3.551088273525238037e-02
2.067729830741882324e-02 3.375251218676567078e-02
2.238256484270095825e-02 3.408447653055191040e-02
2.048797532916069031e-02 3.101989626884460449e-02
2.055738493800163269e-02 3.117434307932853699e-02
2.056094259023666382e-02 3.559975326061248779e-02
2.042594924569129944e-02 3.516617789864540100e-02
1.542031019926071167e-02 3.926005959510803223e-02
1.502395421266555786e-02 4.012893512845039368e-02
1.553054712712764740e-02 3.930671513080596924e-02
1.412476040422916412e-02 3.836094960570335388e-02
1.440068893134593964e-02 3.890185058116912842e-02
1.482469309121370316e-02 4.600236564874649048e-02
1.402576081454753876e-02 4.513588547706604004e-02
1.350959483534097672e-02 4.509559273719787598e-02
1.419450156390666962e-02 4.973721504211425781e-02
1.392310298979282379e-02 4.663288593292236328e-02
1.087226532399654388e-02 4.072260484099388123e-02
9.455684572458267212e-03 3.774341195821762085e-02
1.110080815851688385e-02 3.869058564305305481e-02
1.063721813261508942e-02 3.955893963575363159e-02
1.009266451001167297e-02 3.815615549683570862e-02
1.078774128109216690e-02 3.823989629745483398e-02
1.050532981753349304e-02 3.670222312211990356e-02
1.050478592514991760e-02 3.680283576250076294e-02
1.096861809492111206e-02 3.431297093629837036e-02
9.164944291114807129e-03 3.651317581534385681e-02
1.017334125936031342e-02 3.698143362998962402e-02
9.076636284589767456e-03 3.484661132097244263e-02
9.791783988475799561e-03 3.236349299550056458e-02
9.683879092335700989e-03 3.298072144389152527e-02
1.062364969402551651e-02 3.323343023657798767e-02
1.064856164157390594e-02 3.315383940935134888e-02
1.104968041181564331e-02 3.516293317079544067e-02
1.120895519852638245e-02 3.526605293154716492e-02
1.031278166919946671e-02 3.532472252845764160e-02
9.719483554363250732e-03 3.485260158777236938e-02
1.024594157934188843e-02 3.427603468298912048e-02
1.143269427120685577e-02 3.316926583647727966e-02
1.117160357534885406e-02 3.351659327745437622e-02
1.021080650389194489e-02 3.201613202691078186e-02
9.739421308040618896e-03 3.166044130921363831e-02
1.416673325002193451e-02 3.415392339229583740e-02
1.173638459295034409e-02 3.385552763938903809e-02
1.165177300572395325e-02 3.339859843254089355e-02
1.274368353188037872e-02 3.519383817911148071e-02
1.027101837098598480e-02 3.344528004527091980e-02
1.037756353616714478e-02 3.293767571449279785e-02
1.032510027289390564e-02 3.405087441205978394e-02
8.944312110543251038e-03 3.299754112958908081e-02
7.720310240983963013e-03 3.113425150513648987e-02
8.964080363512039185e-03 3.195084631443023682e-02
8.227391168475151062e-03 3.167239949107170105e-02
7.540069520473480225e-03 3.081203997135162354e-02
9.061291813850402832e-03 3.018436767160892487e-02
9.128563106060028076e-03 3.120120242238044739e-02
9.626954793930053711e-03 3.140294179320335388e-02
9.151091799139976501e-03 2.894891612231731415e-02
1.001046597957611084e-02 2.663890086114406586e-02
1.059251558035612106e-02 2.764703892171382904e-02
1.048203185200691223e-02 2.883318811655044556e-02
1.127254590392112732e-02 2.925214543938636780e-02
1.133731566369533539e-02 3.049860894680023193e-02
1.246901322156190872e-02 3.431850671768188477e-02
1.251629646867513657e-02 3.512036427855491638e-02
1.205688528716564178e-02 3.373685106635093689e-02
1.288414373993873596e-02 3.299873322248458862e-02
1.314632780849933624e-02 3.348087891936302185e-02
1.542548276484012604e-02 3.649525344371795654e-02
1.551842130720615387e-02 3.274970501661300659e-02
1.908604055643081665e-02 3.521026670932769775e-02
1.818827912211418152e-02 3.624898195266723633e-02
1.767279952764511108e-02 3.244342282414436340e-02
1.848130114376544952e-02 3.532457724213600159e-02
2.040865272283554077e-02 3.619172051548957825e-02
1.716945692896842957e-02 3.362160176038742065e-02
1.592558808624744415e-02 3.109814971685409546e-02
1.293612830340862274e-02 3.164998069405555725e-02
1.364604942500591278e-02 3.087373450398445129e-02
1.435539498925209045e-02 3.161402791738510132e-02
1.474454440176486969e-02 3.614934533834457397e-02
1.397865451872348785e-02 3.381051868200302124e-02
1.492198929190635681e-02 3.275743126869201660e-02
1.749286055564880371e-02 3.588755428791046143e-02
1.924589462578296661e-02 3.320864588022232056e-02
1.701525971293449402e-02 2.619646303355693817e-02
1.714554801583290100e-02 2.856062911450862885e-02
1.510373130440711975e-02 2.470159716904163361e-02
1.958232186734676361e-02 2.832275070250034332e-02
1.843588799238204956e-02 2.619398012757301331e-02
1.899103261530399323e-02 2.702740021049976349e-02
1.589575037360191345e-02 2.570652216672897339e-02
1.499876938760280609e-02 2.474187873303890228e-02
1.761858910322189331e-02 2.782353758811950684e-02
1.400700397789478302e-02 2.653830870985984802e-02
1.185678783804178238e-02 2.879914455115795135e-02
1.258398499339818954e-02 2.957741916179656982e-02
1.288266852498054504e-02 3.287851065397262573e-02
1.401485875248908997e-02 3.611605986952781677e-02
1.473385840654373169e-02 3.555488958954811096e-02
1.827204599976539612e-02 3.926976025104522705e-02
1.520972512662410736e-02 3.316475450992584229e-02
1.346551813185214996e-02 3.156995028257369995e-02
1.561526395380496979e-02 3.571997210383415222e-02
1.469500362873077393e-02 3.513513132929801941e-02
1.562545821070671082e-02 3.714906051754951477e-02
1.347574125975370407e-02 4.099887236952781677e-02
1.876940950751304626e-02 3.714065253734588623e-02
1.787250488996505737e-02 4.000720381736755371e-02
1.355344429612159729e-02 3.884665668010711670e-02
1.329968869686126709e-02 4.007068276405334473e-02
1.215878222137689590e-02 3.414938598871231079e-02
1.153485849499702454e-02 3.760891407728195190e-02
1.373063959181308746e-02 4.149964451789855957e-02
1.495104841887950897e-02 4.287565127015113831e-02
1.197284925729036331e-02 3.539736196398735046e-02
1.523775886744260788e-02 3.784335032105445862e-02
1.313626766204833984e-02 3.572487458586692810e-02
1.491496153175830841e-02 3.917056322097778320e-02
1.533343084156513214e-02 3.995647281408309937e-02
1.489095296710729599e-02 4.166836664080619812e-02
1.350471004843711853e-02 3.696421906352043152e-02
1.613027602434158325e-02 3.950526565313339233e-02
1.600189507007598877e-02 4.185856878757476807e-02
1.352032739669084549e-02 3.449194133281707764e-02
1.767983660101890564e-02 3.819791227579116821e-02
1.510160602629184723e-02 3.451856970787048340e-02
1.491872966289520264e-02 3.313240408897399902e-02
1.431498304009437561e-02 3.723128139972686768e-02
1.763062179088592529e-02 4.249658435583114624e-02
1.802209764719009399e-02 4.041124880313873291e-02
1.749459654092788696e-02 3.728459775447845459e-02
1.549534313380718231e-02 3.440855443477630615e-02
1.445165276527404785e-02 3.466773405671119690e-02
1.419027149677276611e-02 3.594094514846801758e-02
1.616784185171127319e-02 4.224877804517745972e-02
1.584024727344512939e-02 3.822102770209312439e-02
1.686942763626575470e-02 3.951823711395263672e-02
1.391004398465156555e-02 3.460181504487991333e-02
1.396562159061431885e-02 3.302083164453506470e-02
1.336726266890764236e-02 3.421057760715484619e-02
1.233807206153869629e-02 3.657560050487518311e-02
1.347679831087589264e-02 3.439956158399581909e-02
1.473737042397260666e-02 3.674726560711860657e-02
1.577800884842872620e-02 3.707742691040039062e-02
1.609215885400772095e-02 3.817666321992874146e-02
1.761556230485439301e-02 4.041757807135581970e-02
1.289382483810186386e-02 3.086978942155838013e-02
1.524672284722328186e-02 3.736032918095588684e-02
1.433249562978744507e-02 3.796040639281272888e-02
1.444950886070728302e-02 3.837395086884498596e-02
1.550136879086494446e-02 3.968916460871696472e-02
1.393265277147293091e-02 3.769403696060180664e-02
1.493951771408319473e-02 3.613191097974777222e-02
1.424202416092157364e-02 3.806776180863380432e-02
1.541964989155530930e-02 4.216773062944412231e-02
1.682724244892597198e-02 4.260678216814994812e-02
1.586927101016044617e-02 4.220459610223770142e-02
1.439606025815010071e-02 3.231730312108993530e-02
1.306040585041046143e-02 3.598804026842117310e-02
1.217881776392459869e-02 3.529447317123413086e-02
1.166519522666931152e-02 3.635027259588241577e-02
9.821813553571701050e-03 3.403553739190101624e-02
1.124093495309352875e-02 3.623789176344871521e-02
1.224153302609920502e-02 3.532580658793449402e-02
1.236370764672756195e-02 3.731213882565498352e-02
1.340737752616405487e-02 3.705693036317825317e-02
1.389955542981624603e-02 3.874090686440467834e-02
1.053743809461593628e-02 3.432782366871833801e-02
1.074617449194192886e-02 3.380030393600463867e-02
1.314668636769056320e-02 3.590143471956253052e-02
1.247903052717447281e-02 3.010354191064834595e-02
1.163627207279205322e-02 3.475193306803703308e-02
1.242155488580465317e-02 3.819244727492332458e-02
1.369406469166278839e-02 4.011256992816925049e-02
1.465504430234432220e-02 4.188597947359085083e-02
1.508576236665248871e-02 4.206042736768722534e-02
1.732832193374633789e-02 4.010992497205734253e-02
1.634152047336101532e-02 4.048117995262145996e-02
1.590097136795520782e-02 4.457291960716247559e-02
1.712604239583015442e-02 3.963337838649749756e-02
1.613524556159973145e-02 4.141410440206527710e-02
1.627797074615955353e-02 4.033454507589340210e-02
1.428008731454610825e-02 3.445519506931304932e-02
1.450339145958423615e-02 4.070510715246200562e-02
1.575473323464393616e-02 4.843472689390182495e-02
1.429999060928821564e-02 4.499725252389907837e-02
1.501129008829593658e-02 4.629491269588470459e-02
1.349513977766036987e-02 4.725797474384307861e-02
1.561482530087232590e-02 5.010695010423660278e-02
1.623093150556087494e-02 4.421626776456832886e-02
1.592623069882392883e-02 5.024538934230804443e-02
1.579767465591430664e-02 4.905443638563156128e-02
1.621662825345993042e-02 4.945191740989685059e-02
1.575391925871372223e-02 5.145048350095748901e-02
1.481266506016254425e-02 4.897928982973098755e-02
1.363706029951572418e-02 4.572685807943344116e-02
1.153992116451263428e-02 4.100505262613296509e-02
1.420030929148197174e-02 4.569879546761512756e-02
1.496822666376829147e-02 4.593038186430931091e-02
1.372797600924968719e-02 4.492247849702835083e-02
1.513557881116867065e-02 4.751553386449813843e-02
1.650996506214141846e-02 4.715998470783233643e-02
1.475426182150840759e-02 4.242258518934249878e-02
1.587247475981712341e-02 4.677495360374450684e-02
1.732797175645828247e-02 4.881057888269424438e-02
1.746644265949726105e-02 4.327769950032234192e-02
1.688093692064285278e-02 4.961844533681869507e-02
1.694941893219947815e-02 5.171255022287368774e-02
1.792582124471664429e-02 5.196685343980789185e-02
1.861796900629997253e-02 4.384627938270568848e-02
1.677790842950344086e-02 4.706966131925582886e-02
1.666150428354740143e-02 4.610627144575119019e-02
1.675982028245925903e-02 4.593909531831741333e-02
1.658448949456214905e-02 4.506914317607879639e-02
1.850781403481960297e-02 4.501244425773620605e-02
1.862115785479545593e-02 4.565894603729248047e-02
1.718212291598320007e-02 3.682998195290565491e-02
1.793625205755233765e-02 4.174386709928512573e-02
1.712633669376373291e-02 4.231386631727218628e-02
1.698604039847850800e-02 3.722949326038360596e-02
1.636751368641853333e-02 3.800781816244125366e-02
1.636099070310592651e-02 3.736251592636108398e-02
1.819059625267982483e-02 3.714375197887420654e-02
1.872912421822547913e-02 3.165170177817344666e-02
1.706562377512454987e-02 3.254151344299316406e-02
1.745584048330783844e-02 3.385008871555328369e-02
1.723396778106689453e-02 3.402417153120040894e-02
1.703038066625595093e-02 3.462638333439826965e-02
1.877941563725471497e-02 4.098301753401756287e-02
1.969235390424728394e-02 4.034222662448883057e-02
2.091361023485660553e-02 3.936161100864410400e-02
1.992700248956680298e-02 3.741973638534545898e-02
1.982935890555381775e-02 4.010687395930290222e-02
1.919365674257278442e-02 4.255704581737518311e-02
1.960502751171588898e-02 3.982182964682579041e-02
2.010382711887359619e-02 4.104220494627952576e-02
1.677129231393337250e-02 4.245372116565704346e-02
1.822594739496707916e-02 4.535524547100067139e-02
1.443756185472011566e-02 3.839097172021865845e-02
1.234621554613113403e-02 3.470457345247268677e-02
1.725596375763416290e-02 4.283628612756729126e-02
1.573898829519748688e-02 4.247535765171051025e-02
1.507760863751173019e-02 3.615863621234893799e-02
1.747404225170612335e-02 4.182027652859687805e-02
1.358680985867977142e-02 3.076758049428462982e-02
1.657190732657909393e-02 3.150251135230064392e-02
1.321464683860540390e-02 2.536454051733016968e-02
1.245777122676372528e-02 3.091057389974594116e-02
1.375018805265426636e-02 3.037477843463420868e-02
1.584885641932487488e-02 3.799565881490707397e-02
1.612584665417671204e-02 3.839942067861557007e-02
1.656408980488777161e-02 3.834346309304237366e-02
1.530263759195804596e-02 3.881427645683288574e-02
1.370200049132108688e-02 3.785480186343193054e-02
1.337672211229801178e-02 3.537448868155479431e-02
1.687270030379295349e-02 4.330360144376754761e-02
1.399486139416694641e-02 3.890813142061233521e-02
1.765968650579452515e-02 4.624482244253158569e-02
1.630833931267261505e-02 4.524121433496475220e-02
1.682882569730281830e-02 4.380140453577041626e-02
1.679943874478340149e-02 4.386417567729949951e-02
1.694621704518795013e-02 4.559304565191268921e-02
1.547145843505859375e-02 4.460884630680084229e-02
1.515193469822406769e-02 3.969388455152511597e-02
1.435266435146331787e-02 4.413564503192901611e-02
1.291265524923801422e-02 3.991612792015075684e-02
1.442174054682254791e-02 4.120226204395294189e-02
1.544904336333274841e-02 4.576629400253295898e-02
1.277670823037624359e-02 3.901690244674682617e-02
1.220541447401046753e-02 3.534199297428131104e-02
1.407223939895629883e-02 4.152191802859306335e-02
1.352123636752367020e-02 4.395014047622680664e-02
1.420620363205671310e-02 4.744130373001098633e-02
1.347950845956802368e-02 4.432529956102371216e-02
1.196887157857418060e-02 4.018954187631607056e-02
1.100437901914119720e-02 4.073352366685867310e-02
1.285647880285978317e-02 4.355908930301666260e-02
1.214725617319345474e-02 3.881933912634849548e-02
1.352053694427013397e-02 3.981353715062141418e-02
1.344661042094230652e-02 4.210550710558891296e-02
1.344037801027297974e-02 4.676613956689834595e-02
1.458816044032573700e-02 4.716879874467849731e-02
1.400250475853681564e-02 4.870718717575073242e-02
1.400780677795410156e-02 5.053006112575531006e-02
1.278168894350528717e-02 4.801942408084869385e-02
1.446252595633268356e-02 4.363602399826049805e-02
1.443558372557163239e-02 4.419426620006561279e-02
1.219488494098186493e-02 4.305065423250198364e-02
1.477351691573858261e-02 4.613918066024780273e-02
1.488323323428630829e-02 4.292720556259155273e-02
1.501252315938472748e-02 4.136119782924652100e-02
1.620910316705703735e-02 4.776578396558761597e-02
1.571347936987876892e-02 4.656931757926940918e-02
1.354853063821792603e-02 4.384595528244972229e-02
1.098495908081531525e-02 4.359950125217437744e-02
1.096057891845703125e-02 3.958830982446670532e-02
9.361676871776580811e-03 3.758356720209121704e-02
8.790165185928344727e-03 3.666146472096443176e-02
1.358092390000820160e-02 4.065599292516708374e-02
1.291204243898391724e-02 4.245649278163909912e-02
1.570143550634384155e-02 4.563951492309570312e-02
1.383138634264469147e-02 4.749257862567901611e-02
1.284537464380264282e-02 4.084325581789016724e-02
1.184858474880456924e-02 4.095979779958724976e-02
1.399023458361625671e-02 4.274636507034301758e-02
1.312136277556419373e-02 3.914862126111984253e-02
1.230193302035331726e-02 3.241094201803207397e-02
1.162891183048486710e-02 2.940031699836254120e-02
1.056444458663463593e-02 3.506705164909362793e-02
1.381279528141021729e-02 3.875694423913955688e-02
1.240123528987169266e-02 2.853552438318729401e-02
1.504344120621681213e-02 2.722906135022640228e-02
1.359728816896677017e-02 2.769948542118072510e-02
1.332799065858125687e-02 2.817609533667564392e-02
1.279843878000974655e-02 2.669858001172542572e-02
1.458856929093599319e-02 2.941339090466499329e-02
1.430495642125606537e-02 2.847248315811157227e-02
1.350143551826477051e-02 2.830088883638381958e-02
1.416410878300666809e-02 3.369237110018730164e-02
1.155547797679901123e-02 2.342203818261623383e-02
9.827001020312309265e-03 2.285902947187423706e-02
1.063829381018877029e-02 2.445041947066783905e-02
1.063157245516777039e-02 2.802773192524909973e-02
1.146873086690902710e-02 2.793878503143787384e-02
1.199500821530818939e-02 2.967627719044685364e-02
1.169985532760620117e-02 2.751616947352886200e-02
1.106700301170349121e-02 2.816005609929561615e-02
1.217186078429222107e-02 2.976282499730587006e-02
1.168801821768283844e-02 2.913936041295528412e-02
1.146442070603370667e-02 2.945864573121070862e-02
1.145030744373798370e-02 3.156674280762672424e-02
9.004561230540275574e-03 2.982342429459095001e-02
1.011692918837070465e-02 3.020344674587249756e-02
1.114274468272924423e-02 3.191953152418136597e-02
9.643014520406723022e-03 2.846742048859596252e-02
9.259827435016632080e-03 2.675210498273372650e-02
1.085916161537170410e-02 2.950354106724262238e-02
1.018278673291206360e-02 3.221682459115982056e-02
1.276719011366367340e-02 3.789848834276199341e-02
1.294179074466228485e-02 3.377991914749145508e-02
1.085431221872568130e-02 3.266676887869834900e-02
9.129913523793220520e-03 2.795015275478363037e-02
7.588284090161323547e-03 2.692713029682636261e-02
9.462630376219749451e-03 2.979636192321777344e-02
1.034183986485004425e-02 3.022650070488452911e-02
8.774805814027786255e-03 3.197481110692024231e-02
8.182507008314132690e-03 3.261161968111991882e-02
9.318483993411064148e-03 3.385505825281143188e-02
9.752398356795310974e-03 3.222604468464851379e-02
9.044118225574493408e-03 3.483983874320983887e-02
9.729109704494476318e-03 3.480054065585136414e-02
7.664147764444351196e-03 3.235718607902526855e-02
9.043164551258087158e-03 3.221406787633895874e-02
8.503474295139312744e-03 3.290454298257827759e-02
8.198475465178489685e-03 3.125785663723945618e-02
1.038437709212303162e-02 3.262677043676376343e-02
9.345557540655136108e-03 3.063021041452884674e-02
1.132430415600538254e-02 3.277653083205223083e-02
1.060287654399871826e-02 3.122640028595924377e-02
1.113404426723718643e-02 3.122491948306560516e-02
1.131846103817224503e-02 3.150718286633491516e-02
1.069881953299045563e-02 3.138592466711997986e-02
1.103469356894493103e-02 2.991807460784912109e-02
1.210685819387435913e-02 3.098599798977375031e-02
1.149625331163406372e-02 3.159813955426216125e-02
1.136256568133831024e-02 3.090780228376388550e-02
1.166500896215438843e-02 3.251375257968902588e-02
1.281008031219244003e-02 3.012314811348915100e-02
1.380057074129581451e-02 3.065682575106620789e-02
1.378349773585796356e-02 3.147652745246887207e-02
1.489320956170558929e-02 3.092601895332336426e-02
1.322985999286174774e-02 3.139901906251907349e-02
1.340185664594173431e-02 3.048197366297245026e-02
1.352339144796133041e-02 3.200133889913558960e-02
1.238635182380676270e-02 3.013871610164642334e-02
1.306289993226528168e-02 3.062316402792930603e-02
1.140398345887660980e-02 3.091870993375778198e-02
1.211314834654331207e-02 2.972917072474956512e-02
1.366117037832736969e-02 3.056675940752029419e-02
1.317826006561517715e-02 2.914640866219997406e-02
1.270063314586877823e-02 3.118951618671417236e-02
1.371683739125728607e-02 2.961304225027561188e-02
1.370092853903770447e-02 3.051929548382759094e-02
1.188631448894739151e-02 3.203329443931579590e-02
1.219718437641859055e-02 3.320267051458358765e-02
1.153336092829704285e-02 3.229304775595664978e-02
1.176839321851730347e-02 3.107584267854690552e-02
1.207655295729637146e-02 3.318654000759124756e-02
1.042598672211170197e-02 3.460643440485000610e-02
9.784096851944923401e-03 3.346508741378784180e-02
1.114175096154212952e-02 3.306576237082481384e-02
1.028543710708618164e-02 3.295012563467025757e-02
9.932175278663635254e-03 3.417447954416275024e-02
9.802311658859252930e-03 3.493637591600418091e-02
1.093089394271373749e-02 3.753351420164108276e-02
1.024615205824375153e-02 3.662393242120742798e-02
1.084205321967601776e-02 3.659987822175025940e-02
1.052137464284896851e-02 3.629298508167266846e-02
9.074203670024871826e-03 3.494649380445480347e-02
9.396377950906753540e-03 3.116874583065509796e-02
9.448144584894180298e-03 3.529015928506851196e-02
1.126793585717678070e-02 3.484392911195755005e-02
1.109526865184307098e-02 3.561950102448463440e-02
1.558462530374526978e-02 4.047200828790664673e-02
1.599291712045669556e-02 3.939593583345413208e-02
1.607049070298671722e-02 3.734280914068222046e-02
1.485847774893045425e-02 3.758048266172409058e-02
1.402907166630029678e-02 3.545533865690231323e-02
1.334863714873790741e-02 3.589749708771705627e-02
1.392220798879861832e-02 3.563610464334487915e-02
1.557700615376234055e-02 4.110127314925193787e-02
1.361670251935720444e-02 3.786969929933547974e-02
1.266442704945802689e-02 3.550147637724876404e-02
1.124421041458845139e-02 3.715278953313827515e-02
1.263108290731906891e-02 3.568942099809646606e-02
1.441996078938245773e-02 3.729454427957534790e-02
1.337647065520286560e-02 3.506240248680114746e-02
1.324616000056266785e-02 3.441257402300834656e-02
1.199708785861730576e-02 3.397619724273681641e-02
1.217613182961940765e-02 3.161354735493659973e-02
1.106616668403148651e-02 3.106405586004257202e-02
1.182668656110763550e-02 3.150752186775207520e-02
1.273446157574653625e-02 3.355535492300987244e-02
1.241501513868570328e-02 3.241024538874626160e-02
1.424995437264442444e-02 3.222705423831939697e-02
1.435358822345733643e-02 3.386672213673591614e-02
1.242712698876857758e-02 3.186473622918128967e-02
1.193318981677293777e-02 3.142030909657478333e-02
1.157865487039089203e-02 3.223559260368347168e-02
1.276875939220190048e-02 3.369119018316268921e-02
9.768476709723472595e-03 2.956175059080123901e-02
8.865909650921821594e-03 3.066139295697212219e-02
1.008612662553787231e-02 3.314709663391113281e-02
9.397327899932861328e-03 3.216056525707244873e-02
9.851070120930671692e-03 3.397521376609802246e-02
1.038634218275547028e-02 3.665254265069961548e-02
8.094072341918945312e-03 3.308555111289024353e-02
1.209660153836011887e-02 3.281076997518539429e-02
1.107263006269931793e-02 3.333854302763938904e-02
1.134328264743089676e-02 3.348473832011222839e-02
1.341524813324213028e-02 3.317077085375785828e-02
8.911568671464920044e-03 3.469437733292579651e-02
9.536169469356536865e-03 3.285036608576774597e-02
1.171029452234506607e-02 3.407209739089012146e-02
1.227586437016725540e-02 3.578295558691024780e-02
1.482276245951652527e-02 3.554555028676986694e-02
1.506063062697649002e-02 3.657792508602142334e-02
1.460784487426280975e-02 3.841981291770935059e-02
1.618349552154541016e-02 3.785321861505508423e-02
1.491632778197526932e-02 3.892740607261657715e-02
1.190846413373947144e-02 3.969513624906539917e-02
1.283728703856468201e-02 4.481682926416397095e-02
1.271481346338987350e-02 3.991794213652610779e-02
1.350119151175022125e-02 4.436317086219787598e-02
1.317703910171985626e-02 4.132806509733200073e-02
1.360727660357952118e-02 3.930015861988067627e-02
1.271975226700305939e-02 3.655834123492240906e-02
1.002575457096099854e-02 3.433815017342567444e-02
7.392182946205139160e-03 3.238596022129058838e-02
8.815646171569824219e-03 3.539723902940750122e-02
9.516730904579162598e-03 4.123578220605850220e-02
1.036102976649999619e-02 3.974706679582595825e-02
9.654339402914047241e-03 3.925061598420143127e-02
8.344341069459915161e-03 3.636710345745086670e-02
8.759018033742904663e-03 3.634367510676383972e-02
9.870762005448341370e-03 3.677471727132797241e-02
6.986252963542938232e-03 3.961870446801185608e-02
8.154120296239852905e-03 3.855989128351211548e-02
7.682651281356811523e-03 4.153789579868316650e-02
7.650403305888175964e-03 4.092804342508316040e-02
6.491737440228462219e-03 4.023456573486328125e-02
6.344418972730636597e-03 4.057570546865463257e-02
5.898937582969665527e-03 3.277830407023429871e-02
4.567455500364303589e-03 3.280514478683471680e-02
6.341103464365005493e-03 3.183614090085029602e-02
6.152801215648651123e-03 3.507090359926223755e-02
4.672564566135406494e-03 3.035382926464080811e-02
8.972935378551483154e-03 2.910414151847362518e-02
1.078907772898674011e-02 3.269521147012710571e-02
9.778644889593124390e-03 3.477667272090911865e-02
8.492894470691680908e-03 3.192873299121856689e-02
8.138973265886306763e-03 3.540656715631484985e-02
6.806075572967529297e-03 3.171053901314735413e-02
7.000859826803207397e-03 3.263935074210166931e-02
7.196802645921707153e-03 3.279698267579078674e-02
6.325323134660720825e-03 3.312928602099418640e-02
6.637249141931533813e-03 3.161458671092987061e-02
8.554004132747650146e-03 3.145223855972290039e-02
8.665174245834350586e-03 3.062630258500576019e-02
1.102478802204132080e-02 2.939919568598270416e-02
6.963392719626426697e-03 3.522939607501029968e-02
8.002538233995437622e-03 3.240183368325233459e-02
9.021889418363571167e-03 3.487906605005264282e-02
8.856762200593948364e-03 3.238379210233688354e-02
6.860606372356414795e-03 3.142040967941284180e-02
8.497916162014007568e-03 3.366553038358688354e-02
7.832519710063934326e-03 2.977182343602180481e-02
1.066941022872924805e-02 3.787129744887351990e-02
1.295477896928787231e-02 3.752465546131134033e-02
1.390157453715801239e-02 3.894341737031936646e-02
1.625514775514602661e-02 4.481668025255203247e-02
1.694382540881633759e-02 4.428092390298843384e-02
1.573307998478412628e-02 4.400923848152160645e-02
1.161580346524715424e-02 3.908716887235641479e-02
1.109912991523742676e-02 3.822131082415580750e-02
9.819313883781433105e-03 3.730292618274688721e-02
9.524989873170852661e-03 3.931175917387008667e-02
9.747078642249107361e-03 3.832615911960601807e-02
1.006522029638290405e-02 3.906511515378952026e-02
9.142678231000900269e-03 4.024320468306541443e-02
8.908301591873168945e-03 4.060788080096244812e-02
1.055221352726221085e-02 4.270933568477630615e-02
1.059170253574848175e-02 4.320403188467025757e-02
1.223890390247106552e-02 4.421593993902206421e-02
1.346518378704786301e-02 4.616995155811309814e-02
1.322912238538265228e-02 4.265482723712921143e-02
1.144374348223209381e-02 3.655666112899780273e-02
1.165183447301387787e-02 3.743550553917884827e-02
1.264139264822006226e-02 3.825179859995841980e-02
1.211800333112478256e-02 3.857265412807464600e-02
7.361797615885734558e-03 3.662817180156707764e-02
6.601270288228988647e-03 3.691900521516799927e-02
9.758424013853073120e-03 3.997875005006790161e-02
9.985473006963729858e-03 4.372953251004219055e-02
1.026090607047080994e-02 4.680360853672027588e-02
7.791588082909584045e-03 4.066732898354530334e-02
6.721109151840209961e-03 3.201562911272048950e-02
6.385887041687965393e-03 2.845821902155876160e-02
1.140285190194845200e-02 2.667029760777950287e-02
8.427821099758148193e-03 2.265192382037639618e-02
7.132552564144134521e-03 2.131147868931293488e-02
4.505421966314315796e-03 2.582469768822193146e-02
3.459326922893524170e-03 2.834299392998218536e-02
8.040264248847961426e-03 3.052396140992641449e-02
1.208590157330036163e-02 3.244302421808242798e-02
1.720429584383964539e-02 3.544424846768379211e-02
2.169754728674888611e-02 4.607743769884109497e-02
1.714512705802917480e-02 4.292422533035278320e-02
1.272447034716606140e-02 4.232360422611236572e-02
1.533050928264856339e-02 4.479859024286270142e-02
1.543078012764453888e-02 4.634895920753479004e-02
1.544011384248733521e-02 4.456536471843719482e-02
1.493800245225429535e-02 4.465015605092048645e-02
1.061349734663963318e-02 4.450183361768722534e-02
9.630912914872169495e-03 4.338619858026504517e-02
9.578393772244453430e-03 4.274630546569824219e-02
1.062406785786151886e-02 4.235915839672088623e-02
1.336525939404964447e-02 4.515857994556427002e-02
1.476349588483572006e-02 4.680054634809494019e-02
1.442007720470428467e-02 4.594014585018157959e-02
1.243599131703376770e-02 4.251699149608612061e-02
1.040776353329420090e-02 4.422359168529510498e-02
1.011124625802040100e-02 4.261380806565284729e-02
9.804539382457733154e-03 4.298440366983413696e-02
9.087182581424713135e-03 4.156639426946640015e-02
7.283288985490798950e-03 3.881926089525222778e-02
7.941203191876411438e-03 3.853264451026916504e-02
8.550167083740234375e-03 3.845280036330223083e-02
7.955648005008697510e-03 3.879582881927490234e-02
7.942505180835723877e-03 3.912047296762466431e-02
8.457008749246597290e-03 4.017705842852592468e-02
8.408162742853164673e-03 3.879988938570022583e-02
1.119335927069187164e-02 3.733039647340774536e-02
1.078434195369482040e-02 3.605544939637184143e-02
9.237570688128471375e-03 3.779799118638038635e-02
1.085749827325344086e-02 3.881857544183731079e-02
1.105262152850627899e-02 4.160922765731811523e-02
1.254380866885185242e-02 4.215766489505767822e-02
1.221760828047990799e-02 4.239392280578613281e-02
1.167803537100553513e-02 4.307866841554641724e-02
1.156550273299217224e-02 4.318210482597351074e-02
1.141628343611955643e-02 4.234451055526733398e-02
1.093601062893867493e-02 4.244823008775711060e-02
1.231148838996887207e-02 4.103532060980796814e-02
1.174404099583625793e-02 4.043717682361602783e-02
1.189700979739427567e-02 4.393210262060165405e-02
1.409116759896278381e-02 4.072731733322143555e-02
1.298141758888959885e-02 4.278117790818214417e-02
1.594572886824607849e-02 3.983925655484199524e-02
1.429876498878002167e-02 3.897358477115631104e-02
1.443914417177438736e-02 3.696256875991821289e-02
1.067061163485050201e-02 3.989929705858230591e-02
1.376286894083023071e-02 3.554466366767883301e-02
1.111904531717300415e-02 4.138115420937538147e-02
1.595400087535381317e-02 3.878019750118255615e-02
1.029136404395103455e-02 4.048609361052513123e-02
1.225491613149642944e-02 3.958323597908020020e-02
9.998232126235961914e-03 3.990709036588668823e-02
1.005248539149761200e-02 3.934209421277046204e-02
1.037611067295074463e-02 3.891838714480400085e-02
9.789984673261642456e-03 4.160907492041587830e-02
1.040747575461864471e-02 4.232643544673919678e-02
1.191772893071174622e-02 4.034753143787384033e-02
1.131960190832614899e-02 4.154365137219429016e-02
1.011075451970100403e-02 3.899180144071578979e-02
1.056419871747493744e-02 4.014372825622558594e-02
1.163462270051240921e-02 3.998138010501861572e-02
1.250574924051761627e-02 4.085438326001167297e-02
1.060062833130359650e-02 3.936830908060073853e-02
1.020969264209270477e-02 3.693792596459388733e-02
1.090267300605773926e-02 3.810158371925354004e-02
1.153718121349811554e-02 3.868315368890762329e-02
1.233388669788837433e-02 4.101835563778877258e-02
1.182720810174942017e-02 3.790652006864547729e-02
1.124178059399127960e-02 3.818630427122116089e-02
1.072678156197071075e-02 3.688589483499526978e-02
1.152231264859437943e-02 3.900967165827751160e-02
1.258753892034292221e-02 4.155007377266883850e-02
1.078190840780735016e-02 3.984838724136352539e-02
8.362952619791030884e-03 3.969751670956611633e-02
1.096961740404367447e-02 4.130247235298156738e-02
1.077595353126525879e-02 4.150220751762390137e-02
1.343333628028631210e-02 4.499085247516632080e-02
1.208689715713262558e-02 4.357672855257987976e-02
1.207778230309486389e-02 4.538564383983612061e-02
1.145797688513994217e-02 4.459997266530990601e-02
1.242951583117246628e-02 4.501430690288543701e-02
1.292707584798336029e-02 4.427126795053482056e-02
1.253361999988555908e-02 4.428514838218688965e-02
9.667087346315383911e-03 4.164790362119674683e-02
1.019186899065971375e-02 4.291500896215438843e-02
9.636767208576202393e-03 4.289577156305313110e-02
9.436488151550292969e-03 4.399091005325317383e-02
1.171246357262134552e-02 4.330715537071228027e-02
1.148574706166982651e-02 3.842386603355407715e-02
1.115595176815986633e-02 4.068775475025177002e-02
1.072068139910697937e-02 4.366882145404815674e-02
1.119393203407526016e-02 4.084828495979309082e-02
1.313880458474159241e-02 3.916635364294052124e-02
1.356631144881248474e-02 3.965415060520172119e-02
1.406099367886781693e-02 3.856115043163299561e-02
1.578014716506004333e-02 4.215162247419357300e-02
1.481276005506515503e-02 4.065687581896781921e-02
1.114569976925849915e-02 3.731012344360351562e-02
1.327374763786792755e-02 3.774064779281616211e-02
1.378257572650909424e-02 4.002998769283294678e-02
1.311362721025943756e-02 3.941962867975234985e-02
1.242378167808055878e-02 4.185739904642105103e-02
1.410959661006927490e-02 4.200121760368347168e-02
1.248375978320837021e-02 4.167395085096359253e-02
1.075366325676441193e-02 4.108627140522003174e-02
9.802926331758499146e-03 4.032595083117485046e-02
1.137628592550754547e-02 3.814341500401496887e-02
1.265362650156021118e-02 3.869013488292694092e-02
1.475681271404027939e-02 4.065753147006034851e-02
1.457190141081809998e-02 4.171307012438774109e-02
1.528802607208490372e-02 3.944899514317512512e-02
1.614494994282722473e-02 3.913005441427230835e-02
1.490812841802835464e-02 3.608502820134162903e-02
1.720112562179565430e-02 3.907430171966552734e-02
1.662043295800685883e-02 4.180426895618438721e-02
1.461749523878097534e-02 3.830464929342269897e-02
1.629744842648506165e-02 3.989849612116813660e-02
1.670005545020103455e-02 3.978920355439186096e-02
1.568072661757469177e-02 3.944650292396545410e-02
1.359723322093486786e-02 4.042761027812957764e-02
1.231706701219081879e-02 3.654991090297698975e-02
8.862474933266639709e-03 3.430436179041862488e-02
8.346578106284141541e-03 3.960841149091720581e-02
9.701505303382873535e-03 4.127665609121322632e-02
1.131228823214769363e-02 3.981148824095726013e-02
1.181421242654323578e-02 4.311459511518478394e-02
1.121222414076328278e-02 4.221048951148986816e-02
1.131926849484443665e-02 4.188439249992370605e-02
9.855331853032112122e-03 4.174149036407470703e-02
1.263634394854307175e-02 4.382702708244323730e-02
1.251662336289882660e-02 4.276928305625915527e-02
