1.309036277234554291e-02 4.159199446439743042e-02
1.543004717677831650e-02 3.820311650633811951e-02
1.494712196290493011e-02 3.821585327386856079e-02
1.551556400954723358e-02 3.997160494327545166e-02
1.419062912464141846e-02 3.911513835191726685e-02
1.370550692081451416e-02 3.590083494782447815e-02
1.523092947900295258e-02 3.735490143299102783e-02
1.301332004368305206e-02 3.889319300651550293e-02
1.264143176376819611e-02 3.968087211251258850e-02
1.363632455468177795e-02 4.114595428109169006e-02
1.238497998565435410e-02 4.035973176360130310e-02
1.531225070357322693e-02 3.730943799018859863e-02
1.494940370321273804e-02 3.607881814241409302e-02
1.402950100600719452e-02 3.754573687911033630e-02
1.457249931991100311e-02 4.073565453290939331e-02
1.428958121687173843e-02 4.089476168155670166e-02
1.438595354557037354e-02 4.020055383443832397e-02
1.245757844299077988e-02 3.840615972876548767e-02
1.255531050264835358e-02 4.073625057935714722e-02
1.254260912537574768e-02 4.164180904626846313e-02
1.224196143448352814e-02 4.328623414039611816e-02
1.150114089250564575e-02 4.566255956888198853e-02
9.499132633209228516e-03 4.150619357824325562e-02
1.005789823830127716e-02 3.941937536001205444e-02
1.232460327446460724e-02 4.351514577865600586e-02
1.161790639162063599e-02 4.460161924362182617e-02
1.115842908620834351e-02 4.259083420038223267e-02
1.232469640672206879e-02 4.769448935985565186e-02
1.077791210263967514e-02 3.944479674100875854e-02
9.826024994254112244e-03 3.808988258242607117e-02
1.186094060540199280e-02 4.225554317235946655e-02
9.692035615444183350e-03 3.658297285437583923e-02
8.863072842359542847e-03 4.024298489093780518e-02
1.008335128426551819e-02 4.331094026565551758e-02
1.128336414694786072e-02 4.217416793107986450e-02
1.020059175789356232e-02 4.262392222881317139e-02
1.107712369412183762e-02 4.073951020836830139e-02
1.071914657950401306e-02 4.156013205647468567e-02
1.046710088849067688e-02 4.137311130762100220e-02
1.314317993819713593e-02 4.118860512971878052e-02
1.329713128507137299e-02 4.021408408880233765e-02
1.161350682377815247e-02 4.126759618520736694e-02
1.255947444587945938e-02 4.153277724981307983e-02
1.083561405539512634e-02 3.894752264022827148e-02
1.230304501950740814e-02 4.132575914263725281e-02
1.479730010032653809e-02 4.089801758527755737e-02
1.107845269143581390e-02 3.909570351243019104e-02
1.452514808624982834e-02 4.011461138725280762e-02
1.699244230985641479e-02 4.346443712711334229e-02
1.401997637003660202e-02 4.098719358444213867e-02
1.667819172143936157e-02 4.183767735958099365e-02
1.733464747667312622e-02 4.115667194128036499e-02
1.446594297885894775e-02 3.871778398752212524e-02
1.398092135787010193e-02 3.920429944992065430e-02
1.529260631650686264e-02 3.868444263935089111e-02
1.614434830844402313e-02 4.289683699607849121e-02
1.759544946253299713e-02 4.419406503438949585e-02
1.396115124225616455e-02 4.068857431411743164e-02
1.773725636303424835e-02 4.700475186109542847e-02
1.544785127043724060e-02 4.536280408501625061e-02
1.410551182925701141e-02 4.229269176721572876e-02
1.367567107081413269e-02 4.565327614545822144e-02
1.552949845790863037e-02 4.616639018058776855e-02
1.796766743063926697e-02 4.786914587020874023e-02
1.781764253973960876e-02 5.029634013772010803e-02
1.701933145523071289e-02 5.068709701299667358e-02
1.681432500481605530e-02 5.134241282939910889e-02
1.641958393156528473e-02 4.577148705720901489e-02
1.584602706134319305e-02 5.118283629417419434e-02
2.019555307924747467e-02 4.148592799901962280e-02
1.205017790198326111e-02 3.644508868455886841e-02
1.327118277549743652e-02 2.811081334948539734e-02
1.991334557533264160e-02 5.336211621761322021e-02
1.889448799192905426e-02 5.013427883386611938e-02
1.969598233699798584e-02 5.239312350749969482e-02
1.014609821140766144e-02 2.612013369798660278e-02
1.349634211510419846e-02 4.050980880856513977e-02
1.778580434620380402e-02 4.711993038654327393e-02
1.584858447313308716e-02 4.744935035705566406e-02
1.386653073132038116e-02 4.391423612833023071e-02
1.525489054620265961e-02 4.690559208393096924e-02
1.521663554012775421e-02 4.616090655326843262e-02
1.464253291487693787e-02 4.711908847093582153e-02
1.603149622678756714e-02 4.683295637369155884e-02
1.392434258013963699e-02 4.328282922506332397e-02
1.276088505983352661e-02 4.535562545061111450e-02
1.486418768763542175e-02 4.484295472502708435e-02
1.475519035011529922e-02 4.062486067414283752e-02
1.663115620613098145e-02 4.427870362997055054e-02
1.482145953923463821e-02 4.246195778250694275e-02
1.640145480632781982e-02 4.458519071340560913e-02
1.657985709607601166e-02 4.199635982513427734e-02
1.666378229856491089e-02 4.200097173452377319e-02
1.535452529788017273e-02 4.115483909845352173e-02
1.485756225883960724e-02 4.294224083423614502e-02
1.506954245269298553e-02 4.137280583381652832e-02
1.592051796615123749e-02 4.331195354461669922e-02
1.325506158173084259e-02 4.051569476723670959e-02
1.363044418394565582e-02 4.317846894264221191e-02
1.436612196266651154e-02 4.307915270328521729e-02
1.493527460843324661e-02 4.258482158184051514e-02
1.595550216734409332e-02 4.205654561519622803e-02
1.620328240096569061e-02 4.301560297608375549e-02
1.725043356418609619e-02 4.300727695226669312e-02
1.640414074063301086e-02 4.025277495384216309e-02
1.681863516569137573e-02 4.134900122880935669e-02
1.700771227478981018e-02 4.163559526205062866e-02
1.815323531627655029e-02 4.445277154445648193e-02
1.603955030441284180e-02 4.244422167539596558e-02
1.765739172697067261e-02 4.033721238374710083e-02
1.768875494599342346e-02 4.247526079416275024e-02
1.730395853519439697e-02 4.311560839414596558e-02
1.600943692028522491e-02 4.129115492105484009e-02
1.536021754145622253e-02 3.916595503687858582e-02
1.601667702198028564e-02 4.004325717687606812e-02
1.801974698901176453e-02 4.358991235494613647e-02
1.857453957200050354e-02 4.243496805429458618e-02
1.877388730645179749e-02 4.229432716965675354e-02
1.820967905223369598e-02 4.023133218288421631e-02
1.587011292576789856e-02 4.198902845382690430e-02
1.661615818738937378e-02 4.050668329000473022e-02
1.517770625650882721e-02 4.084721580147743225e-02
1.559711061418056488e-02 4.126401245594024658e-02
1.553479954600334167e-02 3.938755020499229431e-02
1.709462329745292664e-02 4.000186175107955933e-02
1.556273456662893295e-02 4.219957441091537476e-02
1.732164062559604645e-02 3.915642201900482178e-02
1.615559682250022888e-02 4.171849787235260010e-02
1.832274161279201508e-02 3.915672004222869873e-02
1.642380654811859131e-02 4.068258032202720642e-02
1.751021109521389008e-02 4.282773286104202271e-02
1.725190877914428711e-02 4.285685345530509949e-02
1.503130793571472168e-02 4.111488163471221924e-02
1.568886823952198029e-02 4.055367410182952881e-02
1.413068734109401703e-02 4.259826987981796265e-02
1.617756113409996033e-02 4.435358941555023193e-02
1.488659344613552094e-02 4.397425800561904907e-02
1.768215559422969818e-02 4.455132782459259033e-02
1.618521846830844879e-02 4.202866554260253906e-02
1.693826355040073395e-02 4.688685387372970581e-02
1.805924624204635620e-02 4.487525671720504761e-02
1.843432337045669556e-02 4.616019129753112793e-02
1.528275385499000549e-02 4.238527268171310425e-02
1.528755389153957367e-02 4.428282380104064941e-02
1.846212521195411682e-02 4.870306700468063354e-02
1.970239728689193726e-02 4.460668563842773438e-02
1.699672080576419830e-02 4.176913946866989136e-02
1.855644024908542633e-02 4.312267154455184937e-02
1.716617867350578308e-02 4.364524781703948975e-02
1.732339151203632355e-02 4.363641142845153809e-02
1.747079193592071533e-02 4.399280250072479248e-02
1.644773222506046295e-02 4.404280334711074829e-02
1.848812960088253021e-02 4.471907019615173340e-02
1.788897998631000519e-02 4.401552677154541016e-02
1.859233155846595764e-02 4.256258904933929443e-02
1.502777542918920517e-02 4.280097782611846924e-02
1.684037223458290100e-02 4.161293804645538330e-02
1.795355975627899170e-02 4.346514493227005005e-02
1.550274714827537537e-02 4.603417217731475830e-02
1.362722739577293396e-02 4.368515312671661377e-02
1.171077601611614227e-02 3.885000944137573242e-02
1.732762344181537628e-02 4.812031239271163940e-02
1.581622287631034851e-02 4.607223719358444214e-02
1.688656210899353027e-02 4.918984323740005493e-02
1.438027061522006989e-02 4.549263417720794678e-02
1.552199386060237885e-02 4.494734108448028564e-02
1.804230734705924988e-02 4.438228905200958252e-02
1.842346973717212677e-02 4.527552425861358643e-02
1.648508384823799133e-02 3.574830666184425354e-02
2.008275501430034637e-02 4.778737574815750122e-02
2.073469758033752441e-02 5.053013563156127930e-02
2.063962072134017944e-02 4.897585138678550720e-02
1.878763921558856964e-02 4.168806225061416626e-02
1.597392186522483826e-02 3.575396537780761719e-02
2.002513967454433441e-02 4.600016772747039795e-02
2.063922211527824402e-02 4.070030897855758667e-02
1.437705568969249725e-02 4.083766788244247437e-02
1.905255019664764404e-02 4.808428138494491577e-02
1.782492920756340027e-02 4.910039901733398438e-02
1.540788076817989349e-02 4.668793827295303345e-02
1.781283318996429443e-02 4.592562466859817505e-02
1.637321338057518005e-02 4.134314507246017456e-02
1.889971457421779633e-02 4.621151089668273926e-02
1.843707263469696045e-02 4.635426402091979980e-02
2.159029245376586914e-02 4.629842191934585571e-02
2.188846841454505920e-02 4.733040183782577515e-02
2.441240288317203522e-02 4.967046529054641724e-02
2.185003459453582764e-02 4.876308143138885498e-02
1.960198208689689636e-02 4.413145780563354492e-02
1.826979592442512512e-02 4.722194001078605652e-02
2.002664282917976379e-02 4.828996956348419189e-02
1.842688024044036865e-02 4.228969663381576538e-02
2.106029167771339417e-02 4.781732335686683655e-02
1.846587471663951874e-02 4.505962133407592773e-02
2.192386612296104431e-02 4.815533757209777832e-02
1.937923952937126160e-02 4.564009606838226318e-02
1.863739639520645142e-02 4.204614460468292236e-02
1.949773728847503662e-02 4.320295155048370361e-02
1.831476017832756042e-02 4.163096100091934204e-02
2.041487395763397217e-02 4.347314685583114624e-02
1.873608864843845367e-02 4.364002496004104614e-02
1.668944209814071655e-02 4.404743760824203491e-02
1.934218034148216248e-02 4.611424729228019714e-02
1.723775267601013184e-02 4.539016634225845337e-02
1.660639233887195587e-02 4.522436857223510742e-02
1.669644191861152649e-02 4.512555897235870361e-02
1.519654877483844757e-02 4.162353277206420898e-02
1.410242356359958649e-02 4.545164853334426880e-02
1.900056563317775726e-02 5.036614090204238892e-02
1.664102636277675629e-02 4.584092646837234497e-02
1.597878709435462952e-02 4.076410830020904541e-02
1.887183822691440582e-02 4.127918928861618042e-02
1.696134731173515320e-02 4.169590771198272705e-02
2.100034803152084351e-02 4.240834712982177734e-02
2.235929667949676514e-02 4.798102378845214844e-02
2.115844562649726868e-02 4.775799810886383057e-02
2.169209346175193787e-02 4.408407211303710938e-02
1.892375573515892029e-02 4.350570589303970337e-02
2.179869636893272400e-02 4.637829214334487915e-02
2.025343663990497589e-02 4.282120242714881897e-02
2.155956253409385681e-02 4.578656703233718872e-02
2.484856173396110535e-02 4.826784133911132812e-02
2.111183851957321167e-02 4.721446335315704346e-02
2.096237242221832275e-02 4.604846611618995667e-02
2.144634351134300232e-02 4.910428076982498169e-02
1.909864321351051331e-02 4.902137070894241333e-02
2.035026997327804565e-02 4.932307451963424683e-02
2.023582346737384796e-02 4.510900378227233887e-02
2.146333456039428711e-02 5.070439726114273071e-02
1.850200630724430084e-02 4.670950770378112793e-02
1.896192878484725952e-02 4.376956075429916382e-02
1.872210763394832611e-02 4.539038985967636108e-02
1.357958000153303146e-02 4.220183193683624268e-02
1.398098282516002655e-02 4.219931364059448242e-02
1.347569841891527176e-02 4.297945648431777954e-02
1.265156827867031097e-02 4.023582488298416138e-02
1.497774757444858551e-02 4.466455429792404175e-02
1.631879992783069611e-02 4.416552931070327759e-02
1.744972914457321167e-02 4.119090735912322998e-02
1.484552491456270218e-02 4.332279413938522339e-02
1.611644402146339417e-02 5.175559222698211670e-02
2.027238160371780396e-02 5.318394303321838379e-02
1.774936169385910034e-02 4.871614277362823486e-02
1.967964693903923035e-02 4.908102005720138550e-02
1.748922094702720642e-02 5.015617609024047852e-02
9.387146681547164917e-03 3.747906535863876343e-02
1.328184269368648529e-02 4.208196699619293213e-02
1.173029839992523193e-02 4.161716252565383911e-02
1.232861913740634918e-02 3.830138593912124634e-02
9.139744564890861511e-03 3.819761052727699280e-02
1.248251833021640778e-02 3.903357312083244324e-02
1.696806401014328003e-02 5.098219960927963257e-02
9.598636999726295471e-03 3.120793029665946960e-02
1.271947845816612244e-02 4.001884162425994873e-02
1.482577063143253326e-02 4.032093286514282227e-02
1.602644100785255432e-02 4.043010249733924866e-02
1.447900757193565369e-02 4.037193208932876587e-02
1.574411988258361816e-02 4.130596667528152466e-02
1.718213036656379700e-02 4.360526800155639648e-02
1.468323823064565659e-02 4.167628288269042969e-02
1.350066158920526505e-02 3.933824971318244934e-02
1.378809940069913864e-02 4.066048935055732727e-02
1.450738497078418732e-02 4.061064496636390686e-02
1.572940498590469360e-02 3.718549758195877075e-02
1.537830196321010590e-02 3.528574109077453613e-02
1.422750577330589294e-02 3.669054061174392700e-02
1.578653417527675629e-02 3.754887729883193970e-02
1.454820111393928528e-02 3.837372735142707825e-02
1.230152137577533722e-02 3.970325738191604614e-02
1.144226826727390289e-02 3.992243856191635132e-02
1.367481797933578491e-02 3.973083198070526123e-02
1.500813011080026627e-02 3.970710933208465576e-02
1.568697951734066010e-02 3.968983143568038940e-02
1.422527432441711426e-02 3.922951966524124146e-02
1.475585252046585083e-02 4.030562564730644226e-02
1.340802293270826340e-02 4.168573021888732910e-02
1.295282039791345596e-02 4.025721177458763123e-02
1.630100980401039124e-02 4.150666296482086182e-02
1.736486889421939850e-02 4.315146803855895996e-02
1.456611044704914093e-02 4.090331494808197021e-02
1.440550573170185089e-02 3.994419425725936890e-02
1.591954380273818970e-02 4.438501596450805664e-02
1.839525252580642700e-02 4.255440086126327515e-02
1.747034117579460144e-02 4.291162639856338501e-02
1.363715622574090958e-02 4.143032431602478027e-02
1.524908095598220825e-02 3.879676386713981628e-02
1.469982974231243134e-02 3.767425939440727234e-02
1.478716079145669937e-02 3.698198497295379639e-02
1.258520502597093582e-02 3.887335956096649170e-02
1.198422722518444061e-02 3.857261314988136292e-02
1.179069560021162033e-02 3.947886824607849121e-02
1.299945265054702759e-02 3.735063970088958740e-02
9.353078901767730713e-03 4.118878766894340515e-02
8.568923920392990112e-03 4.186803102493286133e-02
6.783768534660339355e-03 3.990940749645233154e-02
1.135917566716670990e-02 4.479725658893585205e-02
1.231157314032316208e-02 4.605434834957122803e-02
1.164516434073448181e-02 4.452609270811080933e-02
1.105236634612083435e-02 4.597688466310501099e-02
9.631397202610969543e-03 4.000582545995712280e-02
1.490590721368789673e-02 4.720912873744964600e-02
1.406410802155733109e-02 3.545514866709709167e-02
1.010160148143768311e-02 3.766380622982978821e-02
9.398613125085830688e-03 2.704519033432006836e-02
1.642677187919616699e-02 4.466087371110916138e-02
1.633584871888160706e-02 4.391913861036300659e-02
1.674364879727363586e-02 4.893594980239868164e-02
8.920282125473022461e-03 2.555766329169273376e-02
1.115997135639190674e-02 4.052319377660751343e-02
1.892282068729400635e-02 4.759615659713745117e-02
1.464953180402517319e-02 5.086254328489303589e-02
1.023099943995475769e-02 4.271776974201202393e-02
1.312810741364955902e-02 4.719366878271102905e-02
1.448472309857606888e-02 4.825090616941452026e-02
1.187379099428653717e-02 4.636152833700180054e-02
9.846471250057220459e-03 3.974828124046325684e-02
1.254617422819137573e-02 4.265356436371803284e-02
1.283693127334117889e-02 4.567274451255798340e-02
1.370254065841436386e-02 3.968434035778045654e-02
1.432808302342891693e-02 3.976790606975555420e-02
1.516413874924182892e-02 3.980508074164390564e-02
1.368737965822219849e-02 3.963351249694824219e-02
1.217653974890708923e-02 4.127130657434463501e-02
1.335991639643907547e-02 4.123612493276596069e-02
1.407771557569503784e-02 3.988610208034515381e-02
1.414502039551734924e-02 4.247883707284927368e-02
1.692818105220794678e-02 4.377837479114532471e-02
1.560594514012336731e-02 4.226415976881980896e-02
1.362228579819202423e-02 3.863404691219329834e-02
1.580610685050487518e-02 3.849773481488227844e-02
1.582030951976776123e-02 4.032362625002861023e-02
1.546302810311317444e-02 3.979794681072235107e-02
1.277608890086412430e-02 3.941223025321960449e-02
1.339549012482166290e-02 4.052817821502685547e-02
1.474929787218570709e-02 4.155691713094711304e-02
1.454956550151109695e-02 4.109150916337966919e-02
1.299982797354459763e-02 3.938082605600357056e-02
1.457932218909263611e-02 3.981731459498405457e-02
1.364944875240325928e-02 4.054350778460502625e-02
1.637838035821914673e-02 4.007260501384735107e-02
1.731827855110168457e-02 4.285759478807449341e-02
1.432112138718366623e-02 4.308576136827468872e-02
1.647093519568443298e-02 4.350116103887557983e-02
1.508761197328567505e-02 4.240003228187561035e-02
1.274362485855817795e-02 4.173102229833602905e-02
1.453179866075515747e-02 4.437196999788284302e-02
1.617563143372535706e-02 4.315565899014472961e-02
1.694524288177490234e-02 4.552022367715835571e-02
1.681842282414436340e-02 4.698054492473602295e-02
1.592617295682430267e-02 4.645793512463569641e-02
1.478612236678600311e-02 4.084121063351631165e-02
1.432142686098814011e-02 4.408709704875946045e-02
1.284548919647932053e-02 4.119750484824180603e-02
1.574124582111835480e-02 4.702794551849365234e-02
1.190977357327938080e-02 4.479709267616271973e-02
1.250058412551879883e-02 4.544527083635330200e-02
9.708581492304801941e-03 4.372496902942657471e-02
1.012866571545600891e-02 3.434174880385398865e-02
1.064755022525787354e-02 3.114276006817817688e-02
9.413573890924453735e-03 3.655631840229034424e-02
7.610581815242767334e-03 3.549243882298469543e-02
9.547399356961250305e-03 3.976582735776901245e-02
1.419258490204811096e-02 4.791688174009323120e-02
1.265424862504005432e-02 4.238576442003250122e-02
1.335209235548973083e-02 4.181147366762161255e-02
1.337652187794446945e-02 4.244411364197731018e-02
1.188153401017189026e-02 4.100311547517776489e-02
1.440900191664695740e-02 4.130514711141586304e-02
1.237880066037178040e-02 4.046841710805892944e-02
1.307164132595062256e-02 3.936284035444259644e-02
1.171160116791725159e-02 3.903753682971000671e-02
1.325380336493253708e-02 4.177897423505783081e-02
1.078066416084766388e-02 4.027529433369636536e-02
1.292642764747142792e-02 4.173815250396728516e-02
1.502936147153377533e-02 4.174354672431945801e-02
1.219787262380123138e-02 4.199990630149841309e-02
1.313935592770576477e-02 4.163419455289840698e-02
1.275784242898225784e-02 4.134513437747955322e-02
1.537351775914430618e-02 4.852114617824554443e-02
1.766047999262809753e-02 4.822835326194763184e-02
1.551987789571285248e-02 4.525792598724365234e-02
1.200030744075775146e-02 4.318618774414062500e-02
1.025684736669063568e-02 4.070669040083885193e-02
1.212209835648536682e-02 4.297399520874023438e-02
1.431250013411045074e-02 4.118355363607406616e-02
1.350778713822364807e-02 4.253547638654708862e-02
1.275991741567850113e-02 4.191003739833831787e-02
1.440684311091899872e-02 4.333981126546859741e-02
1.207257807254791260e-02 4.283230379223823547e-02
1.333369500935077667e-02 4.380600526928901672e-02
1.351407729089260101e-02 4.482305794954299927e-02
1.442547515034675598e-02 4.556699842214584351e-02
1.398108061403036118e-02 4.417905211448669434e-02
1.267738640308380127e-02 4.233391210436820984e-02
1.153609436005353928e-02 4.369209334254264832e-02
1.555985957384109497e-02 4.313436895608901978e-02
1.403965242207050323e-02 4.064144566655158997e-02
1.500443369150161743e-02 4.104595631361007690e-02
1.367286127060651779e-02 4.350544512271881104e-02
1.389031670987606049e-02 4.259750992059707642e-02
1.199197210371494293e-02 4.109210893511772156e-02
1.363179832696914673e-02 4.067955538630485535e-02
1.385672949254512787e-02 4.356874525547027588e-02
1.433432660996913910e-02 3.923050686717033386e-02
1.403969991952180862e-02 4.021586105227470398e-02
1.414397917687892914e-02 4.180160909891128540e-02
1.513589359819889069e-02 4.256666451692581177e-02
1.351254060864448547e-02 4.223155230283737183e-02
1.463786698877811432e-02 4.367890954017639160e-02
1.561800390481948853e-02 4.569298028945922852e-02
1.699344441294670105e-02 4.133164137601852417e-02
1.626043953001499176e-02 4.320662468671798706e-02
1.568485796451568604e-02 4.490073025226593018e-02
1.643711328506469727e-02 4.221808910369873047e-02
1.674055121839046478e-02 4.221526533365249634e-02
1.596521958708763123e-02 4.153027385473251343e-02
1.644974574446678162e-02 4.157710820436477661e-02
1.430214941501617432e-02 4.360684752464294434e-02
1.336889714002609253e-02 4.283289611339569092e-02
1.445317175239324570e-02 4.073254391551017761e-02
1.260823477059602737e-02 4.045915603637695312e-02
1.635647192597389221e-02 4.276314377784729004e-02
1.454241201281547546e-02 4.157993942499160767e-02
1.568478718400001526e-02 3.988026082515716553e-02
1.375528424978256226e-02 3.990033641457557678e-02
1.146442629396915436e-02 4.053243622183799744e-02
1.213496923446655273e-02 3.985840827226638794e-02
1.223567500710487366e-02 4.005824401974678040e-02
1.230743527412414551e-02 4.007239639759063721e-02
1.493452303111553192e-02 4.005990922451019287e-02
1.298660412430763245e-02 4.048661142587661743e-02
1.319826953113079071e-02 4.033565521240234375e-02
1.216320972889661789e-02 4.067577794194221497e-02
1.359504275023937225e-02 4.045492410659790039e-02
1.646560803055763245e-02 4.104869067668914795e-02
1.550626195967197418e-02 4.315371811389923096e-02
1.456533838063478470e-02 4.451879113912582397e-02
1.407029666006565094e-02 4.128234088420867920e-02
1.267136633396148682e-02 4.259479045867919922e-02
1.116182655096054077e-02 3.814093768596649170e-02
1.167340204119682312e-02 4.173821955919265747e-02
1.224648207426071167e-02 4.191197827458381653e-02
1.283931359648704529e-02 3.823364153504371643e-02
1.220093388110399246e-02 3.894679993391036987e-02
1.247313432395458221e-02 4.185174405574798584e-02
1.132258027791976929e-02 3.881285339593887329e-02
1.108489371836185455e-02 4.271205514669418335e-02
1.050751097500324249e-02 3.405619040131568909e-02
8.201368153095245361e-03 2.475505694746971130e-02
1.386629045009613037e-02 4.366284608840942383e-02
1.142351143062114716e-02 3.759748488664627075e-02
9.727073833346366882e-03 3.759013861417770386e-02
1.205749530345201492e-02 4.119651764631271362e-02
1.294140890240669250e-02 4.011376202106475830e-02
1.376019977033138275e-02 3.958343714475631714e-02
1.444629207253456116e-02 3.873864561319351196e-02
1.319721248000860214e-02 4.265239089727401733e-02
1.493525598198175430e-02 3.852459788322448730e-02
1.267762389034032822e-02 4.045692458748817444e-02
1.333657838404178619e-02 4.130156710743904114e-02
1.425372436642646790e-02 3.978016600012779236e-02
1.377457194030284882e-02 4.166290163993835449e-02
1.486262679100036621e-02 4.254797846078872681e-02
1.560008898377418518e-02 4.159229993820190430e-02
1.231515966355800629e-02 3.990748524665832520e-02
1.256228424608707428e-02 4.175819829106330872e-02
1.457718014717102051e-02 4.033870249986648560e-02
1.388345379382371902e-02 4.137920588254928589e-02
1.299261860549449921e-02 3.987892717123031616e-02
1.240999810397624969e-02 3.863569721579551697e-02
1.491267606616020203e-02 4.019740223884582520e-02
1.308742910623550415e-02 4.039895534515380859e-02
1.198456343263387680e-02 3.926049172878265381e-02
1.210659928619861603e-02 3.889673203229904175e-02
1.370106078684329987e-02 4.082674533128738403e-02
1.258164644241333008e-02 3.921734541654586792e-02
1.382394786924123764e-02 3.919125720858573914e-02
1.198341697454452515e-02 3.868992626667022705e-02
1.321567595005035400e-02 3.993055224418640137e-02
1.179477106779813766e-02 4.066926985979080200e-02
1.146606821566820145e-02 4.229902848601341248e-02
1.348189450800418854e-02 4.260702058672904968e-02
1.159278396517038345e-02 4.347580298781394958e-02
9.561531245708465576e-03 4.396723955869674683e-02
8.464621379971504211e-03 3.679929301142692566e-02
9.795792400836944580e-03 3.723977878689765930e-02
8.551128208637237549e-03 3.609490394592285156e-02
9.897364303469657898e-03 3.921251371502876282e-02
9.126354008913040161e-03 3.831183165311813354e-02
1.041819527745246887e-02 4.541381821036338806e-02
1.231599599123001099e-02 4.595724493265151978e-02
1.212440803647041321e-02 4.464410990476608276e-02
1.031920313835144043e-02 4.376887530088424683e-02
1.051357574760913849e-02 4.218071699142456055e-02
8.956696838140487671e-03 4.133033007383346558e-02
9.349463507533073425e-03 3.896878659725189209e-02
1.108873449265956879e-02 4.250159114599227905e-02
9.218905121088027954e-03 4.298376291990280151e-02
1.109230425208806992e-02 4.254171252250671387e-02
1.200380455702543259e-02 4.599975049495697021e-02
1.587386429309844971e-02 4.992986470460891724e-02
1.338434219360351562e-02 4.383755475282669067e-02
1.138445548713207245e-02 3.634158521890640259e-02
1.421406399458646774e-02 4.622774571180343628e-02
1.827596686780452728e-02 3.493563085794448853e-02
1.753446459770202637e-02 4.143373668193817139e-02
1.047568209469318390e-02 2.961347997188568115e-02
1.665828749537467957e-02 5.155226588249206543e-02
1.405842322856187820e-02 4.474162310361862183e-02
1.702983677387237549e-02 5.096501857042312622e-02
9.630735963582992554e-03 3.069950453937053680e-02
1.150706782937049866e-02 3.962782770395278931e-02
1.742338761687278748e-02 5.963844060897827148e-02
1.580297760665416718e-02 4.627909511327743530e-02
1.299394294619560242e-02 4.434912651777267456e-02
1.237113773822784424e-02 4.595879465341567993e-02
1.413006521761417389e-02 4.284836351871490479e-02
1.058213971555233002e-02 3.972310572862625122e-02
1.293943636119365692e-02 4.389545321464538574e-02
9.603993967175483704e-03 4.338771104812622070e-02
1.248346641659736633e-02 4.485608637332916260e-02
1.192636135965585709e-02 4.208638519048690796e-02
1.250613201409578323e-02 3.940121829509735107e-02
1.333478279411792755e-02 4.020916298031806946e-02
1.163473166525363922e-02 4.085617512464523315e-02
1.085451990365982056e-02 4.129206016659736633e-02
1.310489233583211899e-02 4.228943586349487305e-02
1.453281473368406296e-02 4.187063872814178467e-02
1.593822240829467773e-02 4.425386339426040649e-02
1.519362069666385651e-02 4.402812197804450989e-02
1.383680012077093124e-02 4.268696159124374390e-02
1.357806660234928131e-02 4.074599593877792358e-02
1.565873250365257263e-02 4.241146892309188843e-02
1.446671690791845322e-02 4.074765369296073914e-02
1.459502987563610077e-02 4.219921678304672241e-02
1.375495642423629761e-02 4.179195314645767212e-02
1.588823460042476654e-02 4.336058348417282104e-02
1.431413553655147552e-02 4.201115667819976807e-02
1.714445278048515320e-02 4.186580330133438110e-02
1.624080911278724670e-02 4.346922785043716431e-02
1.473889499902725220e-02 4.235088825225830078e-02
1.620860397815704346e-02 4.186420887708663940e-02
1.588976569473743439e-02 4.010513052344322205e-02
1.439673732966184616e-02 4.154303669929504395e-02
1.143812388181686401e-02 4.036048054695129395e-02
1.519941724836826324e-02 4.334040731191635132e-02
1.563118956983089447e-02 4.179806262254714966e-02
1.628999225795269012e-02 4.463119804859161377e-02
1.547120139002799988e-02 4.588411748409271240e-02
1.526777911931276321e-02 4.558742791414260864e-02
1.612629368901252747e-02 4.521814733743667603e-02
1.672032661736011505e-02 4.616159200668334961e-02
1.750484295189380646e-02 4.625736922025680542e-02
1.852099969983100891e-02 4.706295952200889587e-02
1.745703071355819702e-02 4.593572020530700684e-02
1.882492564618587494e-02 4.553259164094924927e-02
1.713053882122039795e-02 4.603520035743713379e-02
1.805105060338973999e-02 4.665547609329223633e-02
1.698568463325500488e-02 4.680250585079193115e-02
1.895243115723133087e-02 4.716970026493072510e-02
1.732711866497993469e-02 4.644883424043655396e-02
1.767377182841300964e-02 4.652161896228790283e-02
1.850245147943496704e-02 4.653965681791305542e-02
1.800700649619102478e-02 4.904172569513320923e-02
1.925847679376602173e-02 4.723601788282394409e-02
1.611433923244476318e-02 4.744526371359825134e-02
1.942074112594127655e-02 4.773503541946411133e-02
1.880871504545211792e-02 4.644169658422470093e-02
1.990907825529575348e-02 4.841456562280654907e-02
2.011873200535774231e-02 4.777019843459129333e-02
1.789371296763420105e-02 5.009119212627410889e-02
1.965644396841526031e-02 4.958319291472434998e-02
1.720242947340011597e-02 4.969271272420883179e-02
1.863710023462772369e-02 4.951884597539901733e-02
1.804065704345703125e-02 4.822845757007598877e-02
1.818894967436790466e-02 4.906566441059112549e-02
1.943840831518173218e-02 4.814577102661132812e-02
1.908406615257263184e-02 4.902145266532897949e-02
1.793965883553028107e-02 4.756179451942443848e-02
1.815930940210819244e-02 4.699990153312683105e-02
1.800077408552169800e-02 4.826840013265609741e-02
1.780511252582073212e-02 4.767159745097160339e-02
1.820275932550430298e-02 4.889155924320220947e-02
1.802533492445945740e-02 4.929523542523384094e-02
1.546240225434303284e-02 5.163703858852386475e-02
1.551996730268001556e-02 5.206672847270965576e-02
1.082375645637512207e-02 4.280549287796020508e-02
1.513962820172309875e-02 4.571566358208656311e-02
1.576157845556735992e-02 4.922072589397430420e-02
1.560402661561965942e-02 5.169910937547683716e-02
1.519041415303945541e-02 5.263636261224746704e-02
1.542869769036769867e-02 4.948005825281143188e-02
1.453476585447788239e-02 4.943219199776649475e-02
1.928345486521720886e-02 3.959986567497253418e-02
1.546584069728851318e-02 4.192847758531570435e-02
1.385912392288446426e-02 3.241211548447608948e-02
2.042533457279205322e-02 4.751344770193099976e-02
1.998570188879966736e-02 4.641354829072952271e-02
2.034262195229530334e-02 5.048900470137596130e-02
8.901800960302352905e-03 2.596238441765308380e-02
9.894669055938720703e-03 3.829429298639297485e-02
1.912106946110725403e-02 4.867403954267501831e-02
1.479675900191068649e-02 5.031875520944595337e-02
1.078682579100131989e-02 4.188901931047439575e-02
1.245320774614810944e-02 4.603677988052368164e-02
1.250328496098518372e-02 4.570060968399047852e-02
1.313984394073486328e-02 4.740576446056365967e-02
7.138960063457489014e-03 3.680620342493057251e-02
8.615572005510330200e-03 3.821074962615966797e-02
1.380844973027706146e-02 4.768136888742446899e-02
1.401625946164131165e-02 3.871280699968338013e-02
1.584652252495288849e-02 3.842422366142272949e-02
1.427329797297716141e-02 3.609704226255416870e-02
1.219925098121166229e-02 4.143735021352767944e-02
1.366573479026556015e-02 4.366996884346008301e-02
1.154321059584617615e-02 3.725206851959228516e-02
1.093173027038574219e-02 3.970687836408615112e-02
1.253233850002288818e-02 3.923866152763366699e-02
1.486164890229701996e-02 4.259458929300308228e-02
1.772265508770942688e-02 5.197510868310928345e-02
1.427618879824876785e-02 4.777149111032485962e-02
1.474971510469913483e-02 5.326279625296592712e-02
1.666416972875595093e-02 4.412946850061416626e-02
1.828753575682640076e-02 4.695218056440353394e-02
1.820761337876319885e-02 5.064958333969116211e-02
1.251097768545150757e-02 3.721054643392562866e-02
1.354252547025680542e-02 4.325454682111740112e-02
1.287872344255447388e-02 4.699842631816864014e-02
1.100401394069194794e-02 4.175838083028793335e-02
1.423370279371738434e-02 4.728694260120391846e-02
1.139988657087087631e-02 4.691120982170104980e-02
1.319012418389320374e-02 4.187200218439102173e-02
1.158800814300775528e-02 4.300370812416076660e-02
1.080555375665426254e-02 4.269021749496459961e-02
1.041151769459247589e-02 4.108908772468566895e-02
1.060616597533226013e-02 4.164267331361770630e-02
1.156264916062355042e-02 4.267495498061180115e-02
1.163189671933650970e-02 4.268983751535415649e-02
1.293678209185600281e-02 4.165416210889816284e-02
9.844452142715454102e-03 4.175684601068496704e-02
1.035084109753370285e-02 4.095400124788284302e-02
1.019107177853584290e-02 4.040262848138809204e-02
1.133462972939014435e-02 4.138080030679702759e-02
9.948220103979110718e-03 4.170832037925720215e-02
1.035407837480306625e-02 4.209830239415168762e-02
9.227475151419639587e-03 4.140876978635787964e-02
8.145600557327270508e-03 3.936419263482093811e-02
9.916111826896667480e-03 4.232270270586013794e-02
9.589496999979019165e-03 4.328241944313049316e-02
1.123102381825447083e-02 4.771894961595535278e-02
7.719747722148895264e-03 4.046046361327171326e-02
8.330222219228744507e-03 3.935324400663375854e-02
1.077689230442047119e-02 4.465010017156600952e-02
1.160238776355981827e-02 4.175297915935516357e-02
1.113932300359010696e-02 4.560148343443870544e-02
9.183775633573532104e-03 3.928343951702117920e-02
8.489627391099929810e-03 3.874776884913444519e-02
9.361892938613891602e-03 4.038713127374649048e-02
1.064456254243850708e-02 4.310974478721618652e-02
9.572688490152359009e-03 4.146494716405868530e-02
7.880559191107749939e-03 3.772210702300071716e-02
7.608884945511817932e-03 3.855239599943161011e-02
9.327078238129615784e-03 4.235666245222091675e-02
9.076252579689025879e-03 4.135977476835250854e-02
1.117708161473274231e-02 4.269617050886154175e-02
9.766828268766403198e-03 4.016479849815368652e-02
1.079018600285053253e-02 4.146727547049522400e-02
1.049040351063013077e-02 4.425600916147232056e-02
1.193360611796379089e-02 4.132627695798873901e-02
1.112279202789068222e-02 4.132611304521560669e-02
1.278188824653625488e-02 4.298347234725952148e-02
1.025182753801345825e-02 4.257426783442497253e-02
1.358721964061260223e-02 4.311116784811019897e-02
1.262992341071367264e-02 4.264242947101593018e-02
1.195676624774932861e-02 4.095077514648437500e-02
1.106290426105260849e-02 4.251071065664291382e-02
1.076963264495134354e-02 4.541150480508804321e-02
9.642824530601501465e-03 4.325719177722930908e-02
1.120658218860626221e-02 4.504121840000152588e-02
1.240535266697406769e-02 4.834665358066558838e-02
1.233720220625400543e-02 4.608150571584701538e-02
1.417216006666421890e-02 5.068521201610565186e-02
1.149117201566696167e-02 4.418288916349411011e-02
1.682214438915252686e-02 5.113679915666580200e-02
1.480219885706901550e-02 4.350312054157257080e-02
1.330485008656978607e-02 3.856648504734039307e-02
9.816775098443031311e-03 2.472532168030738831e-02
1.814912445843219757e-02 5.014472454786300659e-02
1.811295375227928162e-02 4.698634892702102661e-02
1.872560009360313416e-02 5.160174518823623657e-02
9.199643507599830627e-03 2.752910926938056946e-02
8.753847330808639526e-03 3.289452195167541504e-02
1.820733211934566498e-02 5.767123401165008545e-02
1.539265364408493042e-02 4.405049979686737061e-02
1.189671270549297333e-02 4.337936639785766602e-02
1.108209043741226196e-02 4.612010717391967773e-02
1.287790015339851379e-02 4.186985641717910767e-02
1.222127210348844528e-02 4.343989118933677673e-02
1.195095013827085495e-02 4.186977446079254150e-02
9.086776524782180786e-03 4.280627891421318054e-02
9.836496785283088684e-03 4.109471291303634644e-02
1.043964736163616180e-02 4.164281114935874939e-02
1.065368950366973877e-02 4.032412171363830566e-02
1.155077014118432999e-02 3.967561945319175720e-02
1.607671566307544708e-02 4.161662235856056213e-02
1.457477826625108719e-02 3.883992135524749756e-02
1.510175503790378571e-02 4.050214588642120361e-02
1.421716157346963882e-02 4.006960242986679077e-02
1.370119582861661911e-02 4.159465432167053223e-02
1.396446488797664642e-02 4.099975898861885071e-02
1.235980819910764694e-02 4.244966059923171997e-02
1.317904517054557800e-02 4.381191730499267578e-02
1.359612867236137390e-02 4.375792294740676880e-02
1.446614228188991547e-02 4.205380380153656006e-02
1.589990593492984772e-02 4.031137377023696899e-02
1.355780009180307388e-02 4.248171299695968628e-02
1.373341307044029236e-02 4.363377392292022705e-02
1.433916203677654266e-02 4.023294523358345032e-02
1.293054409325122833e-02 4.161531478166580200e-02
1.073451153934001923e-02 4.181627929210662842e-02
1.501910015940666199e-02 4.214558750391006470e-02
1.182712614536285400e-02 3.992060199379920959e-02
1.343153603374958038e-02 4.214110970497131348e-02
1.273088157176971436e-02 4.167219251394271851e-02
1.198234595358371735e-02 4.103522002696990967e-02
1.301841344684362411e-02 4.289498925209045410e-02
1.155172474682331085e-02 4.147654771804809570e-02
1.331165432929992676e-02 4.308889806270599365e-02
1.212629489600658417e-02 4.328520596027374268e-02
1.195992343127727509e-02 4.282812774181365967e-02
1.235104165971279144e-02 4.290655255317687988e-02
1.192781981080770493e-02 4.190523922443389893e-02
1.126709580421447754e-02 4.104866087436676025e-02
1.058328710496425629e-02 4.209622740745544434e-02
1.011571288108825684e-02 4.128169268369674683e-02
1.111716404557228088e-02 4.337316006422042847e-02
1.035837084054946899e-02 4.024956002831459045e-02
1.077998243272304535e-02 4.044693335890769958e-02
8.424125611782073975e-03 3.879866376519203186e-02
9.672399610280990601e-03 3.824625536799430847e-02
1.183287613093852997e-02 3.827705979347229004e-02
8.587984368205070496e-03 3.918161988258361816e-02
1.073329150676727295e-02 3.952998295426368713e-02
1.135191880166530609e-02 4.002609103918075562e-02
8.526381105184555054e-03 3.819102048873901367e-02
9.325750172138214111e-03 3.766617178916931152e-02
1.036164537072181702e-02 4.098735004663467407e-02
1.064476184546947479e-02 4.315172135829925537e-02
1.132312975823879242e-02 4.159960895776748657e-02
9.125785902142524719e-03 3.805799782276153564e-02
9.175123646855354309e-03 3.984899073839187622e-02
9.974420070648193359e-03 3.838741779327392578e-02
8.971400558948516846e-03 3.488587960600852966e-02
8.343473076820373535e-03 3.749569132924079895e-02
1.347382552921772003e-02 4.550250619649887085e-02
1.173879206180572510e-02 3.893098607659339905e-02
1.242183893918991089e-02 4.360016435384750366e-02
1.116678584367036819e-02 4.376104101538658142e-02
1.315149478614330292e-02 5.027925968170166016e-02
1.456028129905462265e-02 3.770050778985023499e-02
1.343555934727191925e-02 2.418291382491588593e-02
3.388442099094390869e-03 2.197360619902610779e-02
1.122945733368396759e-02 4.484616965055465698e-02
1.188295520842075348e-02 4.370443522930145264e-02
1.293796300888061523e-02 4.558772221207618713e-02
4.655823111534118652e-03 2.176994085311889648e-02
7.661050185561180115e-03 3.564031422138214111e-02
1.772676594555377960e-02 5.129218101501464844e-02
1.765317469835281372e-02 4.998748749494552612e-02
8.156474679708480835e-03 3.929769247770309448e-02
8.868407458066940308e-03 4.210340976715087891e-02
1.208611577749252319e-02 3.949104994535446167e-02
7.137177512049674988e-03 3.417474031448364258e-02
8.672196418046951294e-03 3.891130536794662476e-02
5.641642957925796509e-03 3.653149679303169250e-02
9.440481662750244141e-03 4.071292281150817871e-02
1.052282750606536865e-02 4.227935522794723511e-02
9.095933288335800171e-03 3.958435356616973877e-02
1.288410089910030365e-02 4.266439378261566162e-02
1.261527091264724731e-02 4.467266052961349487e-02
1.293610781431198120e-02 4.040779918432235718e-02
1.058136112987995148e-02 3.780849650502204895e-02
1.230223290622234344e-02 4.016786441206932068e-02
1.217901706695556641e-02 3.870597481727600098e-02
9.777305647730827332e-03 3.912611305713653564e-02
7.054198533296585083e-03 3.568342328071594238e-02
8.789513260126113892e-03 4.018569365143775940e-02
1.378961279988288879e-02 4.336064308881759644e-02
1.524450629949569702e-02 4.213242232799530029e-02
1.224995031952857971e-02 4.299661517143249512e-02
1.276478357613086700e-02 4.188181459903717041e-02
1.197725534439086914e-02 4.179615527391433716e-02
1.293989736586809158e-02 4.437097162008285522e-02
1.589497551321983337e-02 4.827395454049110413e-02
1.845992729067802429e-02 5.017885938286781311e-02
1.600027084350585938e-02 4.741729795932769775e-02
1.297476980835199356e-02 3.983721137046813965e-02
1.058906130492687225e-02 3.918846324086189270e-02
1.118784025311470032e-02 4.048521071672439575e-02
9.242646396160125732e-03 4.037472605705261230e-02
1.012844778597354889e-02 3.985256701707839966e-02
1.116455998271703720e-02 3.813109919428825378e-02
1.211983896791934967e-02 3.891631215810775757e-02
1.021551620215177536e-02 4.040577635169029236e-02
1.321240141987800598e-02 4.370786994695663452e-02
1.447518914937973022e-02 4.231798648834228516e-02
1.425184495747089386e-02 4.276968166232109070e-02
1.162589620798826218e-02 4.431908577680587769e-02
1.150433532893657684e-02 4.385666549205780029e-02
1.123330742120742798e-02 4.475914686918258667e-02
1.261394470930099487e-02 4.304803907871246338e-02
1.385611947625875473e-02 4.189560562372207642e-02
1.426064595580101013e-02 4.053839296102523804e-02
1.496066339313983917e-02 3.914474695920944214e-02
1.240675710141658783e-02 3.749148920178413391e-02
1.353390514850616455e-02 3.848250210285186768e-02
1.395606994628906250e-02 3.868930786848068237e-02
1.547849643975496292e-02 3.786033391952514648e-02
1.434419117867946625e-02 3.913173452019691467e-02
1.424053683876991272e-02 3.969066590070724487e-02
1.352885738015174866e-02 4.095654562115669250e-02
1.481523085385560989e-02 3.937623649835586548e-02
1.633496209979057312e-02 3.882998973131179810e-02
1.618203148245811462e-02 3.540308028459548950e-02
1.611397229135036469e-02 3.725611791014671326e-02
1.565593853592872620e-02 3.902015835046768188e-02
1.616480574011802673e-02 4.099408537149429321e-02
1.491560973227024078e-02 4.216729104518890381e-02
1.729363203048706055e-02 4.344484955072402954e-02
1.489860471338033676e-02 4.144928604364395142e-02
1.634320244193077087e-02 4.214443266391754150e-02
1.755714975297451019e-02 4.254939407110214233e-02
1.681694574654102325e-02 4.059614241123199463e-02
1.532209292054176331e-02 4.096655175089836121e-02
1.670081540942192078e-02 3.923954442143440247e-02
1.552853733301162720e-02 3.872789815068244934e-02
1.356842555105686188e-02 3.890300914645195007e-02
1.578044518828392029e-02 3.978943824768066406e-02
1.417225413024425507e-02 3.940967097878456116e-02
1.587002351880073547e-02 4.274692386388778687e-02
1.490333862602710724e-02 3.847086802124977112e-02
1.099509373307228088e-02 3.729710727930068970e-02
1.268100645393133163e-02 3.861190378665924072e-02
7.710661739110946655e-03 2.953696995973587036e-02
1.743787899613380432e-02 3.409103676676750183e-02
1.630894094705581665e-02 3.868939727544784546e-02
1.699094660580158234e-02 4.403572529554367065e-02
1.514036208391189575e-02 3.929352015256881714e-02
1.134667452424764633e-02 3.630038723349571228e-02
1.674112677574157715e-02 4.763181507587432861e-02
2.017844840884208679e-02 4.684635251760482788e-02
8.303591981530189514e-03 3.055862337350845337e-02
8.186390623450279236e-03 2.424407005310058594e-02
1.810901239514350891e-02 4.637441784143447876e-02
1.811536401510238647e-02 4.844750836491584778e-02
1.763086393475532532e-02 4.349318146705627441e-02
8.054036647081375122e-03 1.864925958216190338e-02
1.679619029164314270e-02 4.227618128061294556e-02
2.330251224339008331e-02 5.011285096406936646e-02
1.745728403329849243e-02 4.894474148750305176e-02
1.780646666884422302e-02 4.413044825196266174e-02
1.712621375918388367e-02 4.193591326475143433e-02
1.792363077402114868e-02 4.393960535526275635e-02
1.603427343070507050e-02 4.568541795015335083e-02
1.352448947727680206e-02 3.531116247177124023e-02
1.693480834364891052e-02 4.404595494270324707e-02
1.653270795941352844e-02 4.935551434755325317e-02
1.794323697686195374e-02 4.892937093973159790e-02
1.841182634234428406e-02 5.079603567719459534e-02
1.991979405283927917e-02 5.007333308458328247e-02
1.636431738734245300e-02 4.293445497751235962e-02
1.286521740257740021e-02 3.834187984466552734e-02
1.591415703296661377e-02 4.200708866119384766e-02
1.424985378980636597e-02 4.006591811776161194e-02
1.733822003006935120e-02 4.458985477685928345e-02
1.622552983462810516e-02 4.420490562915802002e-02
1.501098927110433578e-02 4.045624658465385437e-02
1.249409839510917664e-02 4.148418456315994263e-02
1.586399972438812256e-02 4.580917209386825562e-02
1.695824787020683289e-02 4.463353008031845093e-02
1.625008881092071533e-02 4.469393193721771240e-02
1.703899167478084564e-02 4.411280155181884766e-02
1.790140569210052490e-02 4.306724667549133301e-02
1.820823736488819122e-02 4.322542250156402588e-02
1.804143935441970825e-02 4.360119253396987915e-02
2.052648738026618958e-02 4.640108719468116760e-02
2.038619294762611389e-02 4.139941185712814331e-02
2.280088886618614197e-02 4.618485271930694580e-02
2.169010974466800690e-02 4.519333690404891968e-02
2.198099344968795776e-02 4.695010185241699219e-02
2.209454961121082306e-02 5.231814831495285034e-02
2.231325954198837280e-02 5.433954298496246338e-02
2.083092741668224335e-02 5.192791670560836792e-02
2.230436168611049652e-02 4.890026897192001343e-02
2.394113503396511078e-02 5.096428468823432922e-02
2.459256164729595184e-02 5.355837941169738770e-02
2.389342896640300751e-02 5.346575379371643066e-02
2.398880384862422943e-02 5.690321326255798340e-02
2.487972751259803772e-02 5.624917894601821899e-02
2.167412452399730682e-02 4.984875023365020752e-02
1.997014507651329041e-02 4.912113398313522339e-02
2.009340003132820129e-02 5.014875158667564392e-02
1.913072168827056885e-02 4.589790105819702148e-02
1.946095377206802368e-02 5.246176570653915405e-02
1.626479439437389374e-02 3.757413104176521301e-02
2.127464860677719116e-02 5.058733001351356506e-02
2.074671536684036255e-02 4.937226325273513794e-02
2.004991099238395691e-02 5.088996142148971558e-02
2.204017713665962219e-02 5.413185060024261475e-02
1.828456297516822815e-02 4.698591679334640503e-02
2.278770878911018372e-02 5.056162178516387939e-02
2.358503453433513641e-02 5.032517015933990479e-02
2.374755404889583588e-02 5.316623300313949585e-02
2.127300016582012177e-02 4.915609210729598999e-02
2.192154154181480408e-02 4.770368337631225586e-02
2.236830256879329681e-02 5.393362790346145630e-02
2.375124022364616394e-02 5.497942119836807251e-02
2.141872234642505646e-02 5.424669384956359863e-02
2.148566767573356628e-02 5.397886782884597778e-02
2.244333736598491669e-02 5.305419117212295532e-02
2.294109016656875610e-02 5.199164897203445435e-02
2.177877351641654968e-02 5.175722762942314148e-02
2.182033844292163849e-02 4.932954907417297363e-02
1.912070438265800476e-02 4.815053194761276245e-02
2.030252665281295776e-02 5.243541300296783447e-02
2.098755538463592529e-02 4.861486330628395081e-02
1.932620070874691010e-02 4.872851073741912842e-02
1.707556843757629395e-02 4.865992069244384766e-02
2.090577781200408936e-02 5.274100974202156067e-02
1.898484677076339722e-02 4.962778836488723755e-02
1.995561644434928894e-02 5.100291222333908081e-02
1.824652403593063354e-02 4.899606853723526001e-02
1.817185059189796448e-02 5.170252919197082520e-02
1.628153398633003235e-02 5.042715370655059814e-02
1.544911507517099380e-02 4.954367130994796753e-02
9.215494617819786072e-03 4.049950093030929565e-02
1.496453769505023956e-02 4.449560865759849548e-02
1.671778038144111633e-02 4.812411963939666748e-02
1.759252883493900299e-02 5.193641036748886108e-02
1.616968028247356415e-02 4.993726313114166260e-02
1.574782468378543854e-02 4.695040732622146606e-02
1.913895830512046814e-02 4.811933636665344238e-02
1.945072039961814880e-02 4.956883937120437622e-02
1.712669059634208679e-02 4.300761222839355469e-02
1.764704287052154541e-02 4.410686343908309937e-02
1.911294832825660706e-02 5.037391930818557739e-02
1.928338035941123962e-02 5.025140196084976196e-02
1.844123378396034241e-02 4.620666801929473877e-02
1.052767969667911530e-02 2.305043302476406097e-02
1.385316252708435059e-02 4.026297107338905334e-02
2.155642025172710419e-02 4.070240259170532227e-02
1.641779765486717224e-02 4.951805621385574341e-02
1.602649316191673279e-02 4.867283999919891357e-02
1.630114391446113586e-02 5.253097042441368103e-02
1.543232798576354980e-02 4.731988161802291870e-02
1.664470508694648743e-02 5.234931409358978271e-02
1.290319114923477173e-02 4.687377065420150757e-02
1.744064502418041229e-02 4.702386260032653809e-02
1.517841871827840805e-02 4.942112416028976440e-02
1.493925973773002625e-02 4.495886713266372681e-02
1.544014178216457367e-02 4.700408130884170532e-02
1.559322420507669449e-02 4.780118912458419800e-02
1.588618755340576172e-02 4.664038866758346558e-02
1.444035209715366364e-02 4.652734100818634033e-02
1.669836416840553284e-02 4.820449650287628174e-02
1.846988871693611145e-02 5.129529535770416260e-02
2.045033499598503113e-02 5.322374403476715088e-02
1.997216045856475830e-02 5.250181257724761963e-02
1.745058782398700714e-02 4.917713999748229980e-02
2.007720619440078735e-02 5.101194232702255249e-02
2.272367849946022034e-02 5.306448787450790405e-02
2.111128717660903931e-02 5.305830761790275574e-02
2.072265557944774628e-02 5.221086740493774414e-02
2.314490824937820435e-02 5.450414866209030151e-02
2.106053940951824188e-02 5.394519865512847900e-02
2.206930145621299744e-02 5.499728024005889893e-02
2.185777574777603149e-02 5.427219718694686890e-02
2.183393388986587524e-02 5.297200381755828857e-02
2.136263810098171234e-02 5.209301412105560303e-02
1.972264423966407776e-02 5.283655226230621338e-02
1.987548172473907471e-02 5.180001258850097656e-02
2.077833190560340881e-02 5.284895747900009155e-02
2.107151784002780914e-02 5.287997424602508545e-02
1.939555257558822632e-02 5.280752480030059814e-02
1.932717859745025635e-02 5.267474055290222168e-02
1.904268749058246613e-02 5.201469361782073975e-02
2.086459286510944366e-02 5.037814006209373474e-02
2.118442021310329437e-02 5.180823057889938354e-02
2.018626034259796143e-02 5.212014168500900269e-02
2.118318155407905579e-02 5.325984954833984375e-02
1.991154253482818604e-02 5.109201371669769287e-02
2.095942385494709015e-02 5.185510218143463135e-02
1.886320486664772034e-02 5.327439308166503906e-02
1.878171972930431366e-02 5.320808291435241699e-02
1.790824159979820251e-02 5.205873399972915649e-02
1.932105794548988342e-02 5.268119275569915771e-02
1.838840916752815247e-02 5.136582255363464355e-02
1.740728691220283508e-02 5.270298570394515991e-02
1.792932115495204926e-02 5.131675302982330322e-02
1.863112300634384155e-02 5.012439191341400146e-02
1.924457401037216187e-02 5.008953809738159180e-02
1.804666966199874878e-02 4.985109716653823853e-02
1.716833189129829407e-02 5.053301528096199036e-02
1.688293740153312683e-02 4.893148690462112427e-02
1.605935767292976379e-02 4.900507628917694092e-02
1.873166486620903015e-02 5.107305943965911865e-02
1.968760415911674500e-02 5.099043622612953186e-02
1.885020546615123749e-02 5.077348649501800537e-02
1.820865087211132050e-02 5.083891749382019043e-02
1.762281358242034912e-02 4.903905093669891357e-02
1.696127280592918396e-02 4.784522950649261475e-02
1.780510693788528442e-02 4.815419018268585205e-02
1.690264791250228882e-02 4.884183406829833984e-02
1.529384031891822815e-02 4.750226438045501709e-02
1.752304658293724060e-02 4.727967828512191772e-02
1.829188689589500427e-02 4.698739945888519287e-02
1.640288345515727997e-02 4.695180431008338928e-02
1.785090938210487366e-02 4.887831211090087891e-02
1.773537695407867432e-02 4.724159836769104004e-02
1.749451458454132080e-02 5.096644908189773560e-02
1.773355528712272644e-02 5.065703392028808594e-02
1.537633128464221954e-02 4.875674098730087280e-02
1.674138382077217102e-02 4.729115962982177734e-02
1.741686090826988220e-02 4.866173863410949707e-02
1.707960106432437897e-02 5.278631299734115601e-02
1.692570000886917114e-02 5.275921523571014404e-02
1.671129465103149414e-02 4.913750290870666504e-02
1.743713580071926117e-02 4.811884462833404541e-02
2.229832485318183899e-02 4.045316576957702637e-02
1.612672954797744751e-02 4.049249738454818726e-02
1.184085384011268616e-02 2.950634434819221497e-02
2.133069746196269989e-02 5.299218744039535522e-02
2.112766727805137634e-02 4.863331466913223267e-02
2.299091219902038574e-02 5.213158205151557922e-02
1.232789084315299988e-02 3.010155633091926575e-02
1.522389613091945648e-02 4.159189015626907349e-02
1.876776665449142456e-02 4.877556115388870239e-02
1.906686276197433472e-02 4.658597335219383240e-02
1.731640845537185669e-02 5.155821144580841064e-02
1.885885745286941528e-02 5.401808768510818481e-02
1.528515480458736420e-02 4.960659518837928772e-02
1.735613867640495300e-02 4.869491606950759888e-02
1.824213564395904541e-02 4.864560812711715698e-02
1.686981506645679474e-02 4.596091061830520630e-02
1.872950606048107147e-02 5.258433148264884949e-02
2.285986393690109253e-02 5.038278177380561829e-02
2.436562813818454742e-02 5.098609626293182373e-02
2.389959804713726044e-02 5.214288830757141113e-02
2.188409492373466492e-02 4.975642263889312744e-02
2.063221298158168793e-02 4.751089215278625488e-02
2.061062306165695190e-02 4.835589975118637085e-02
1.880277879536151886e-02 4.819024354219436646e-02
1.872231066226959229e-02 4.683592915534973145e-02
1.904077455401420593e-02 4.483713209629058838e-02
2.101634070277214050e-02 4.224460572004318237e-02
1.960267126560211182e-02 4.570955038070678711e-02
2.365263551473617554e-02 4.305849224328994751e-02
2.382017113268375397e-02 5.209620296955108643e-02
1.614366658031940460e-02 4.368207976222038269e-02
1.898965798318386078e-02 4.604214429855346680e-02
1.863535493612289429e-02 3.701119869947433472e-02
1.797406375408172607e-02 4.738672822713851929e-02
1.928693242371082306e-02 4.682980477809906006e-02
1.813977770507335663e-02 4.857636988162994385e-02
1.857168227434158325e-02 4.644940793514251709e-02
1.799377053976058960e-02 4.673136025667190552e-02
1.800359413027763367e-02 4.814745485782623291e-02
1.909811422228813171e-02 5.114510655403137207e-02
1.786381192505359650e-02 5.568208545446395874e-02
2.013885416090488434e-02 5.258232355117797852e-02
2.011804282665252686e-02 5.107657611370086670e-02
2.270559407770633698e-02 5.088236182928085327e-02
2.195394597947597504e-02 4.864869266748428345e-02
2.144211903214454651e-02 4.989033564925193787e-02
2.145458944141864777e-02 4.953270405530929565e-02
2.101414278149604797e-02 4.924321174621582031e-02
2.108014188706874847e-02 5.034073442220687866e-02
2.171230316162109375e-02 4.985752701759338379e-02
2.044989541172981262e-02 5.021218955516815186e-02
2.056216262280941010e-02 4.961976408958435059e-02
2.048372663557529449e-02 5.008104443550109863e-02
2.119031175971031189e-02 4.833051562309265137e-02
2.101533487439155579e-02 4.897359386086463928e-02
2.095360308885574341e-02 4.987865313887596130e-02
2.116989716887474060e-02 5.117505788803100586e-02
2.155391871929168701e-02 5.226034298539161682e-02
2.198581211268901825e-02 5.168109387159347534e-02
2.207241579890251160e-02 5.213649570941925049e-02
2.404703572392463684e-02 5.229233205318450928e-02
2.281603589653968811e-02 5.077264830470085144e-02
2.290983125567436218e-02 5.133162811398506165e-02
2.206012979149818420e-02 5.003941059112548828e-02
2.153776958584785461e-02 4.984829574823379517e-02
2.067514136433601379e-02 4.891724884510040283e-02
2.271731384098529816e-02 4.922193288803100586e-02
2.420277521014213562e-02 5.035015195608139038e-02
2.220104448497295380e-02 5.011915788054466248e-02
2.191383391618728638e-02 4.906725883483886719e-02
2.288729324936866760e-02 5.093477666378021240e-02
2.020784839987754822e-02 4.814809560775756836e-02
2.324220351874828339e-02 4.853676632046699524e-02
2.223631367087364197e-02 4.967573285102844238e-02
2.296325564384460449e-02 5.011312663555145264e-02
2.376655302941799164e-02 5.071417242288589478e-02
2.348443493247032166e-02 4.899301379919052124e-02
2.428607270121574402e-02 5.026292428374290466e-02
2.377900481224060059e-02 5.017361044883728027e-02
2.226690202951431274e-02 4.938849806785583496e-02
2.439706400036811829e-02 4.995642602443695068e-02
2.353800646960735321e-02 4.941437393426895142e-02
2.275263704359531403e-02 4.956136643886566162e-02
2.307306975126266479e-02 5.021044611930847168e-02
2.261896617710590363e-02 4.994852468371391296e-02
2.244516275823116302e-02 5.024714022874832153e-02
2.137592062354087830e-02 4.835330694913864136e-02
2.106973528861999512e-02 4.821578040719032288e-02
2.265126816928386688e-02 4.748282954096794128e-02
2.059866487979888916e-02 4.730604588985443115e-02
2.087990567088127136e-02 4.569596052169799805e-02
2.178722992539405823e-02 4.822321981191635132e-02
2.335959672927856445e-02 4.708308726549148560e-02
2.307634986937046051e-02 4.835196584463119507e-02
2.293282561004161835e-02 4.864645004272460938e-02
2.411600016057491302e-02 4.908247664570808411e-02
2.231248840689659119e-02 4.603174328804016113e-02
2.359462529420852661e-02 4.584699124097824097e-02
2.357630804181098938e-02 4.510379582643508911e-02
2.336014434695243835e-02 4.473873972892761230e-02
2.341823652386665344e-02 4.941830784082412720e-02
2.004613354802131653e-02 4.644904285669326782e-02
2.020615339279174805e-02 4.092088341712951660e-02
2.156994491815567017e-02 4.927438497543334961e-02
1.965808123350143433e-02 4.325568675994873047e-02
1.699033007025718689e-02 4.144157469272613525e-02
2.100426331162452698e-02 4.963603615760803223e-02
1.662824302911758423e-02 4.238207638263702393e-02
1.818048581480979919e-02 4.566748440265655518e-02
1.683204993605613708e-02 4.453175514936447144e-02
1.779924891889095306e-02 4.512793570756912231e-02
1.771852374076843262e-02 4.227729514241218567e-02
1.646785251796245575e-02 4.472038149833679199e-02
1.685843430459499359e-02 4.476296156644821167e-02
1.763550937175750732e-02 4.456888884305953979e-02
2.051420137286186218e-02 4.852394759654998779e-02
1.716078259050846100e-02 4.305529594421386719e-02
1.878080889582633972e-02 4.379115253686904907e-02
1.832199655473232269e-02 4.443722963333129883e-02
1.715131476521492004e-02 4.591271281242370605e-02
1.858886517584323883e-02 4.515143483877182007e-02
2.158763632178306580e-02 4.508348554372787476e-02
2.147811092436313629e-02 4.694560915231704712e-02
1.748194918036460876e-02 3.972052410244941711e-02
1.901651732623577118e-02 4.598411545157432556e-02
1.377086620777845383e-02 4.464792460203170776e-02
1.654932275414466858e-02 4.191752523183822632e-02
1.838341914117336273e-02 4.815905541181564331e-02
1.742885261774063110e-02 4.770012944936752319e-02
1.890219934284687042e-02 5.037042498588562012e-02
2.109567262232303619e-02 4.956416040658950806e-02
2.061903849244117737e-02 4.794989526271820068e-02
2.011372894048690796e-02 4.518792778253555298e-02
1.984629221260547638e-02 4.394852370023727417e-02
1.383547298610210419e-02 2.724570780992507935e-02
2.322103455662727356e-02 5.146257579326629639e-02
2.318844757974147797e-02 5.181026458740234375e-02
2.302379906177520752e-02 5.297128111124038696e-02
1.538766734302043915e-02 3.319128230214118958e-02
1.967570185661315918e-02 4.664596915245056152e-02
1.956479996442794800e-02 4.810888320207595825e-02
1.802320033311843872e-02 4.892110079526901245e-02
1.802971586585044861e-02 4.734620451927185059e-02
1.748421043157577515e-02 5.136463046073913574e-02
1.859207265079021454e-02 4.975095391273498535e-02
1.712184213101863861e-02 4.624228924512863159e-02
1.705660298466682434e-02 4.874571412801742554e-02
1.734035089612007141e-02 4.359038174152374268e-02
1.576690562069416046e-02 4.439705610275268555e-02
1.500752568244934082e-02 4.030821844935417175e-02
1.610928401350975037e-02 3.818880021572113037e-02
1.663313247263431549e-02 3.635279834270477295e-02
1.710267551243305206e-02 3.812858462333679199e-02
1.775178499519824982e-02 4.122780263423919678e-02
1.229424029588699341e-02 3.351185470819473267e-02
1.576534658670425415e-02 3.927853703498840332e-02
1.602572202682495117e-02 3.580310568213462830e-02
1.863745413720607758e-02 3.912284225225448608e-02
1.667964644730091095e-02 3.960158675909042358e-02
1.616550981998443604e-02 4.048608988523483276e-02
2.087076567113399506e-02 4.450842738151550293e-02
2.357422746717929840e-02 4.868860170245170593e-02
2.169724181294441223e-02 4.714582860469818115e-02
2.181767672300338745e-02 4.868125170469284058e-02
2.052538096904754639e-02 4.937992990016937256e-02
1.969962753355503082e-02 4.917734116315841675e-02
2.064330503344535828e-02 4.816477745771408081e-02
1.828740909695625305e-02 4.610887169837951660e-02
1.961448788642883301e-02 4.978165030479431152e-02
1.814731955528259277e-02 4.937504976987838745e-02
1.856283098459243774e-02 4.797046631574630737e-02
1.719819754362106323e-02 4.768998920917510986e-02
