3.114670142531394958e-02 1.948690414428710938e-02
3.147085756063461304e-02 2.054433152079582214e-02
3.017514944076538086e-02 2.069353871047496796e-02
3.295604512095451355e-02 2.311953902244567871e-02
3.117329999804496765e-02 2.175378799438476562e-02
3.146105259656906128e-02 2.342389710247516632e-02
3.159505873918533325e-02 2.391181513667106628e-02
3.566178306937217712e-02 2.509258128702640533e-02
3.453481942415237427e-02 2.420712262392044067e-02
3.335909172892570496e-02 2.369557879865169525e-02
3.448207676410675049e-02 2.520839311182498932e-02
3.473442792892456055e-02 2.837488800287246704e-02
3.608432412147521973e-02 2.933193929493427277e-02
3.697974234819412231e-02 2.750970795750617981e-02
3.840301930904388428e-02 2.574470080435276031e-02
3.908502683043479919e-02 2.903848700225353241e-02
3.561351820826530457e-02 2.786223217844963074e-02
3.603421151638031006e-02 3.015065938234329224e-02
3.415352851152420044e-02 2.796293981373310089e-02
3.490714356303215027e-02 2.763625979423522949e-02
3.514790162444114685e-02 2.728835865855216980e-02
3.620723634958267212e-02 2.782556600868701935e-02
3.476206958293914795e-02 2.884572930634021759e-02
3.194027394056320190e-02 3.044492192566394806e-02
3.363032639026641846e-02 2.974453195929527283e-02
3.421195223927497864e-02 2.703476324677467346e-02
3.342399001121520996e-02 2.680116519331932068e-02
3.501987084746360779e-02 2.793619781732559204e-02
3.533596172928810120e-02 2.791696041822433472e-02
3.526591882109642029e-02 3.056552261114120483e-02
3.395275399088859558e-02 3.114433959126472473e-02
3.464919701218605042e-02 2.800194919109344482e-02
3.279709443449974060e-02 3.043507225811481476e-02
3.190071508288383484e-02 2.450683340430259705e-02
2.978623099625110626e-02 2.332937531173229218e-02
2.647277340292930603e-02 1.441840641200542450e-02
2.630615420639514923e-02 1.605666242539882660e-02
2.648333832621574402e-02 1.704995892941951752e-02
2.350194193422794342e-02 1.641254685819149017e-02
2.350223064422607422e-02 1.721819862723350525e-02
3.071104176342487335e-02 2.512121200561523438e-02
2.977547608315944672e-02 2.400550991296768188e-02
3.002000972628593445e-02 2.529337629675865173e-02
3.168465197086334229e-02 2.704673819243907928e-02
3.213887289166450500e-02 2.686715498566627502e-02
3.110989183187484741e-02 2.808726578950881958e-02
3.250145167112350464e-02 2.730424888432025909e-02
3.117360919713973999e-02 2.307449281215667725e-02
3.301224485039710999e-02 2.530495449900627136e-02
3.336578607559204102e-02 2.868026867508888245e-02
3.373683616518974304e-02 3.003569133579730988e-02
3.367067873477935791e-02 2.775512635707855225e-02
3.290504962205886841e-02 2.707461081445217133e-02
3.482285887002944946e-02 2.790092676877975464e-02
3.420815244317054749e-02 3.143409639596939087e-02
3.361258283257484436e-02 2.959975600242614746e-02
3.444064036011695862e-02 3.412210941314697266e-02
3.245503082871437073e-02 3.546963632106781006e-02
2.568001486361026764e-02 2.760231308639049530e-02
2.805499173700809479e-02 2.829072996973991394e-02
2.795617841184139252e-02 2.813595533370971680e-02
2.778354287147521973e-02 2.617067657411098480e-02
2.392276935279369354e-02 2.274183556437492371e-02
2.175434119999408722e-02 2.251414209604263306e-02
2.366257458925247192e-02 2.824074029922485352e-02
2.660207450389862061e-02 3.111728094518184662e-02
2.578434906899929047e-02 3.151429817080497742e-02
2.479565702378749847e-02 3.009167686104774475e-02
2.765193581581115723e-02 3.363420814275741577e-02
2.766539715230464935e-02 2.870813384652137756e-02
2.921613492071628571e-02 3.018068708479404449e-02
3.010717965662479401e-02 2.808760851621627808e-02
2.587436325848102570e-02 2.417786046862602234e-02
3.017785400152206421e-02 2.520526014268398285e-02
2.942393161356449127e-02 2.257681451737880707e-02
2.801607362926006317e-02 2.266592532396316528e-02
2.715843543410301208e-02 2.231752127408981323e-02
2.308405749499797821e-02 1.952280476689338684e-02
2.375645749270915985e-02 1.975544914603233337e-02
2.181213721632957458e-02 2.423508651554584503e-02
2.263788133859634399e-02 2.250349894165992737e-02
2.463252283632755280e-02 2.270283550024032593e-02
2.232514508068561554e-02 2.262532152235507965e-02
2.276835590600967407e-02 2.129464969038963318e-02
2.388274110853672028e-02 2.224951796233654022e-02
2.256291918456554413e-02 2.245188876986503601e-02
2.437958866357803345e-02 2.177418023347854614e-02
2.335751801729202271e-02 2.065346948802471161e-02
2.405675128102302551e-02 2.140915766358375549e-02
2.352167852222919464e-02 1.856121234595775604e-02
2.360653318464756012e-02 1.527742110192775726e-02
2.371730282902717590e-02 1.180073246359825134e-02
2.199950441718101501e-02 1.281127519905567169e-02
2.426475845277309418e-02 1.593335717916488647e-02
2.220654487609863281e-02 1.665322855114936829e-02
2.410353347659111023e-02 1.913366466760635376e-02
2.282384783029556274e-02 2.369739674031734467e-02
2.443753555417060852e-02 2.512376196682453156e-02
2.234730497002601624e-02 2.720545977354049683e-02
2.260990813374519348e-02 2.646032907068729401e-02
2.319722063839435577e-02 2.426342479884624481e-02
2.320897951722145081e-02 2.544926851987838745e-02
2.374567836523056030e-02 2.282446436583995819e-02
2.289452962577342987e-02 2.443155832588672638e-02
2.245455235242843628e-02 2.472998388111591339e-02
2.315627411007881165e-02 2.256379090249538422e-02
2.364266291260719299e-02 1.925910636782646179e-02
2.461655996739864349e-02 1.990804634988307953e-02
2.835966460406780243e-02 2.616585232317447662e-02
2.697552926838397980e-02 2.335004508495330811e-02
2.618246898055076599e-02 2.306993305683135986e-02
2.841911651194095612e-02 2.857550419867038727e-02
3.082877770066261292e-02 2.806911617517471313e-02
2.970642782747745514e-02 2.812064252793788910e-02
2.812242135405540466e-02 2.381004206836223602e-02
2.793871425092220306e-02 2.333719655871391296e-02
2.952311933040618896e-02 2.336977235972881317e-02
2.946970053017139435e-02 2.396333217620849609e-02
2.847335487604141235e-02 2.860574051737785339e-02
3.322894871234893799e-02 2.994160912930965424e-02
3.193864598870277405e-02 2.152415737509727478e-02
3.234199434518814087e-02 2.341815643012523651e-02
3.173348307609558105e-02 2.233581244945526123e-02
3.055231645703315735e-02 2.158330753445625305e-02
2.953516133129596710e-02 2.011094614863395691e-02
2.905593253672122955e-02 2.093141525983810425e-02
3.219995647668838501e-02 2.478874102234840393e-02
3.011831082403659821e-02 2.451485581696033478e-02
3.034133836627006531e-02 2.356366626918315887e-02
3.105374984443187714e-02 2.494867891073226929e-02
2.680879086256027222e-02 1.947547309100627899e-02
2.756749093532562256e-02 2.026367187500000000e-02
3.046879917383193970e-02 2.241418510675430298e-02
3.180921450257301331e-02 2.191261574625968933e-02
3.157563135027885437e-02 2.065160684287548065e-02
3.375416621565818787e-02 2.491148933768272400e-02
3.410154581069946289e-02 2.104800194501876831e-02
3.184295818209648132e-02 2.020804584026336670e-02
2.854163572192192078e-02 1.994455233216285706e-02
2.728727646172046661e-02 1.657464168965816498e-02
3.059072047472000122e-02 2.012355625629425049e-02
2.891220152378082275e-02 2.001199498772621155e-02
3.320378437638282776e-02 2.521947957575321198e-02
3.356828168034553528e-02 3.031246177852153778e-02
3.067155554890632629e-02 2.860498428344726562e-02
2.963746152818202972e-02 2.638508565723896027e-02
2.841743268072605133e-02 2.490942366421222687e-02
2.790686115622520447e-02 2.682669833302497864e-02
2.681448869407176971e-02 3.119269944727420807e-02
2.552765235304832458e-02 3.090251050889492035e-02
2.475069649517536163e-02 2.684301324188709259e-02
2.331055141985416412e-02 2.283489704132080078e-02
3.020229935646057129e-02 2.730304375290870667e-02
3.063693456351757050e-02 2.405640110373497009e-02
2.772043086588382721e-02 2.253966592252254486e-02
2.686596475541591644e-02 2.276504971086978912e-02
2.958771400153636932e-02 2.545979991555213928e-02
2.858761139214038849e-02 1.743747293949127197e-02
2.946674264967441559e-02 1.663833856582641602e-02
2.766143530607223511e-02 1.804448105394840240e-02
2.798861637711524963e-02 1.565911434590816498e-02
3.230606764554977417e-02 2.281126193702220917e-02
3.176301717758178711e-02 1.919979229569435120e-02
3.196953982114791870e-02 1.784117519855499268e-02
3.131180256605148315e-02 1.767822727560997009e-02
2.977963350713253021e-02 1.721632108092308044e-02
2.761360630393028259e-02 1.518181059509515762e-02
2.560797147452831268e-02 1.649414375424385071e-02
2.587465383112430573e-02 1.926374621689319611e-02
2.458455041050910950e-02 1.970088295638561249e-02
2.185411006212234497e-02 1.532424893230199814e-02
2.160215005278587341e-02 1.339604705572128296e-02
2.190189994871616364e-02 1.431367546319961548e-02
2.163558080792427063e-02 1.792512647807598114e-02
2.168512344360351562e-02 1.788901537656784058e-02
2.093265578150749207e-02 1.539938896894454956e-02
2.057032845914363861e-02 1.557142660021781921e-02
2.347573265433311462e-02 1.619393378496170044e-02
2.220019139349460602e-02 1.529037673026323318e-02
2.387873828411102295e-02 1.728866621851921082e-02
2.437472902238368988e-02 2.245817519724369049e-02
2.316440083086490631e-02 1.752493157982826233e-02
2.354340627789497375e-02 1.733576133847236633e-02
2.559519745409488678e-02 1.621538028120994568e-02
2.279803529381752014e-02 1.848336867988109589e-02
1.774201169610023499e-02 2.006775140762329102e-02
1.630059257149696350e-02 1.519220322370529175e-02
1.646005362272262573e-02 1.734842173755168915e-02
1.666285283863544464e-02 2.086907997727394104e-02
1.935040019452571869e-02 1.948092691600322723e-02
1.848327368497848511e-02 2.025299333035945892e-02
1.508582569658756256e-02 2.018662169575691223e-02
1.235543005168437958e-02 2.040371857583522797e-02
1.016721501946449280e-02 2.188951149582862854e-02
1.025414280593395233e-02 2.445095404982566833e-02
1.074044033885002136e-02 2.788934484124183655e-02
9.224979206919670105e-03 2.418485470116138458e-02
8.658517152070999146e-03 1.808243617415428162e-02
1.092534884810447693e-02 1.753901876509189606e-02
1.254383288323879242e-02 1.611995697021484375e-02
1.441366784274578094e-02 1.565496623516082764e-02
1.356162689626216888e-02 1.264833193272352219e-02
1.454613171517848969e-02 1.410845201462507248e-02
1.725221052765846252e-02 1.622496731579303741e-02
1.738248579204082489e-02 1.196521334350109100e-02
1.549045741558074951e-02 8.128419518470764160e-03
1.644114032387733459e-02 7.485939189791679382e-03
1.795104146003723145e-02 8.018290624022483826e-03
2.030226588249206543e-02 1.008810661733150482e-02
2.287859097123146057e-02 1.621613651514053345e-02
2.681740932166576385e-02 2.122792229056358337e-02
2.564318850636482239e-02 1.844343170523643494e-02
2.800895646214485168e-02 2.064836584031581879e-02
2.503654919564723969e-02 2.162219211459159851e-02
2.802105806767940521e-02 2.032791078090667725e-02
2.691014856100082397e-02 1.797381415963172913e-02
2.883313596248626709e-02 1.343698520213365555e-02
2.663103491067886353e-02 1.327729132026433945e-02
2.525175735354423523e-02 1.290439069271087646e-02
2.627597749233245850e-02 1.221279334276914597e-02
2.551887556910514832e-02 8.170941844582557678e-03
2.304495126008987427e-02 4.578478634357452393e-03
2.756974287331104279e-02 1.140504144132137299e-02
2.712105214595794678e-02 1.354155875742435455e-02
2.684263885021209717e-02 1.471507828682661057e-02
2.412000112235546112e-02 1.434409804642200470e-02
2.490359544754028320e-02 1.305418834090232849e-02
2.733473293483257294e-02 1.836805418133735657e-02
2.489930577576160431e-02 1.594560779631137848e-02
2.552472613751888275e-02 1.588494703173637390e-02
2.346476912498474121e-02 1.412106864154338837e-02
2.278408594429492950e-02 1.205595955252647400e-02
2.076186053454875946e-02 1.220543868839740753e-02
2.240565791726112366e-02 1.393701322376728058e-02
2.001776732504367828e-02 1.278378721326589584e-02
1.845011487603187561e-02 1.166536472737789154e-02
1.822908222675323486e-02 9.818023070693016052e-03
1.900311745703220367e-02 1.355974934995174408e-02
1.705415919423103333e-02 1.161090657114982605e-02
1.750079914927482605e-02 7.736874744296073914e-03
1.623681560158729553e-02 3.631656989455223083e-03
2.124358154833316803e-02 1.043982617557048798e-02
2.167724445462226868e-02 1.056455075740814209e-02
2.184568718075752258e-02 8.749138563871383667e-03
2.235445752739906311e-02 8.533310145139694214e-03
2.734716981649398804e-02 1.428485382348299026e-02
2.854342199862003326e-02 1.583617180585861206e-02
2.783459424972534180e-02 1.400217041373252869e-02
2.757011167705059052e-02 1.719169318675994873e-02
2.260500006377696991e-02 1.262662187218666077e-02
2.076360583305358887e-02 1.098713837563991547e-02
2.215805090963840485e-02 1.547869294881820679e-02
2.351660467684268951e-02 1.298771798610687256e-02
2.594931796193122864e-02 1.698935776948928833e-02
2.725209295749664307e-02 1.637981086969375610e-02
2.845278754830360413e-02 1.420677453279495239e-02
2.806452661752700806e-02 1.168000977486371994e-02
2.573870308697223663e-02 1.225936505943536758e-02
2.477243356406688690e-02 1.042303256690502167e-02
2.091893553733825684e-02 1.181041821837425232e-02
1.810873486101627350e-02 1.026523672044277191e-02
1.692101731896400452e-02 5.813382565975189209e-03
1.881114579737186432e-02 6.442381069064140320e-03
1.883349940180778503e-02 5.996752530336380005e-03
1.960707083344459534e-02 6.128629669547080994e-03
1.865769177675247192e-02 7.567636668682098389e-03
1.947819627821445465e-02 9.258380159735679626e-03
1.844467967748641968e-02 6.454164162278175354e-03
1.816341094672679901e-02 7.530031725764274597e-03
1.843592524528503418e-02 4.563467577099800110e-03
1.577385887503623962e-02 6.193382665514945984e-03
1.778882741928100586e-02 8.513402193784713745e-03
1.746677048504352570e-02 9.396534413099288940e-03
1.710202172398567200e-02 1.641870662569999695e-02
1.602896675467491150e-02 1.537627167999744415e-02
1.551848929375410080e-02 1.681534759700298309e-02
1.583648286759853363e-02 1.879817247390747070e-02
1.671187393367290497e-02 1.836235076189041138e-02
1.451806258410215378e-02 2.011454291641712189e-02
1.269501075148582458e-02 2.075632661581039429e-02
1.299167238175868988e-02 2.591097354888916016e-02
1.237925421446561813e-02 2.055905014276504517e-02
1.000988855957984924e-02 1.676893234252929688e-02
1.081312075257301331e-02 1.896477490663528442e-02
9.044829756021499634e-03 1.593704149127006531e-02
1.638659276068210602e-02 2.431892417371273041e-02
1.388345845043659210e-02 2.427874878048896790e-02
1.288549508899450302e-02 2.520569227635860443e-02
1.600773446261882782e-02 3.055869787931442261e-02
1.412143930792808533e-02 2.410819754004478455e-02
1.553396694362163544e-02 2.668233029544353485e-02
1.560141518712043762e-02 2.354176528751850128e-02
1.676692441105842590e-02 2.673129737377166748e-02
1.866546832025051117e-02 2.765681967139244080e-02
1.966671086847782135e-02 2.520764432847499847e-02
1.395207270979881287e-02 2.410292997956275940e-02
1.865259557962417603e-02 2.299272827804088593e-02
1.803896576166152954e-02 2.197279222309589386e-02
2.007166855037212372e-02 3.042339533567428589e-02
2.191552892327308655e-02 2.712236158549785614e-02
2.169274166226387024e-02 1.835622452199459076e-02
2.199706621468067169e-02 1.851011812686920166e-02
1.985896378755569458e-02 1.760034635663032532e-02
1.992359757423400879e-02 1.977624371647834778e-02
2.082649990916252136e-02 1.941926218569278717e-02
2.335115708410739899e-02 1.577337086200714111e-02
2.275888994336128235e-02 1.706730574369430542e-02
2.230696752667427063e-02 1.806017942726612091e-02
2.329547330737113953e-02 1.707241870462894440e-02
2.347504720091819763e-02 1.519018597900867462e-02
2.545443177223205566e-02 1.548960991203784943e-02
2.724028192460536957e-02 1.665899902582168579e-02
2.788866870105266571e-02 1.700225472450256348e-02
2.968927845358848572e-02 1.558153331279754639e-02
2.860553376376628876e-02 1.529384311288595200e-02
2.862466312944889069e-02 1.541576161980628967e-02
2.883607521653175354e-02 1.592057570815086365e-02
2.964784577488899231e-02 1.495175436139106750e-02
3.021682612597942352e-02 1.780091598629951477e-02
2.814453840255737305e-02 1.961663365364074707e-02
2.724955976009368896e-02 1.852243952453136444e-02
2.674262039363384247e-02 1.928055286407470703e-02
2.708003669977188110e-02 1.602915301918983459e-02
2.662022411823272705e-02 1.500470004975795746e-02
2.573604322969913483e-02 1.533989701420068741e-02
2.592442370951175690e-02 1.537232473492622375e-02
2.553994953632354736e-02 1.507444214075803757e-02
2.725986205041408539e-02 1.555795967578887939e-02
2.405916340649127960e-02 1.447106432169675827e-02
2.468861266970634460e-02 1.788791827857494354e-02
2.226785384118556976e-02 2.347831986844539642e-02
2.142241224646568298e-02 1.973514631390571594e-02
2.371453680098056793e-02 1.606027036905288696e-02
2.905651368200778961e-02 2.207887917757034302e-02
3.246198594570159912e-02 2.403477765619754791e-02
3.222648054361343384e-02 2.025882899761199951e-02
3.164022415876388550e-02 2.166583389043807983e-02
3.470002114772796631e-02 2.261587232351303101e-02
3.207565844058990479e-02 2.163634449243545532e-02
3.102571703493595123e-02 2.239575237035751343e-02
2.891415543854236603e-02 2.560183033347129822e-02
2.641269192099571228e-02 2.267486602067947388e-02
2.707699872553348541e-02 1.891531422734260559e-02
2.543192356824874878e-02 1.380735170096158981e-02
2.666179463267326355e-02 1.486100815236568451e-02
2.227022685110569000e-02 1.102528162300586700e-02
1.861777342855930328e-02 1.107883453369140625e-02
2.566577121615409851e-02 1.700800284743309021e-02
2.119104564189910889e-02 1.694890484213829041e-02
2.864742651581764221e-02 1.690652593970298767e-02
3.426090627908706665e-02 2.544043213129043579e-02
3.405770286917686462e-02 2.555982954800128937e-02
3.360760957002639771e-02 2.450296282768249512e-02
3.116348944604396820e-02 2.158927358686923981e-02
2.646377868950366974e-02 1.740007102489471436e-02
2.387404441833496094e-02 1.845245435833930969e-02
2.303940802812576294e-02 1.946133188903331757e-02
2.116987481713294983e-02 1.944818720221519470e-02
2.210872434079647064e-02 1.963842101395130157e-02
2.376914210617542267e-02 1.882589049637317657e-02
2.507762983441352844e-02 1.832398772239685059e-02
2.562773413956165314e-02 1.882733404636383057e-02
2.321330830454826355e-02 1.780440658330917358e-02
2.146858908236026764e-02 1.992232911288738251e-02
2.288466878235340118e-02 1.933099143207073212e-02
1.943746395409107208e-02 2.130156196653842926e-02
2.085586078464984894e-02 1.977437548339366913e-02
2.238738909363746643e-02 2.005175314843654633e-02
2.574352733790874481e-02 2.201018109917640686e-02
2.716549858450889587e-02 2.074721828103065491e-02
2.405109442770481110e-02 2.040204778313636780e-02
2.374600246548652649e-02 2.357418462634086609e-02
2.105161547660827637e-02 2.304306253790855408e-02
1.891575567424297333e-02 2.182455547153949738e-02
1.480049733072519302e-02 2.204375155270099640e-02
1.227602735161781311e-02 2.028976008296012878e-02
1.504823472350835800e-02 2.397466637194156647e-02
1.496557053178548813e-02 2.354779280722141266e-02
1.476260274648666382e-02 2.125921472907066345e-02
1.355093345046043396e-02 1.989262737333774567e-02
1.303066313266754150e-02 2.039355784654617310e-02
1.263231039047241211e-02 2.178268320858478546e-02
1.222675479948520660e-02 2.141585014760494232e-02
1.346949860453605652e-02 2.592759951949119568e-02
1.507653575390577316e-02 2.423303760588169098e-02
1.778746023774147034e-02 2.468707598745822906e-02
1.869334280490875244e-02 2.548841200768947601e-02
2.032225765287876129e-02 2.326378040015697479e-02
2.032685652375221252e-02 2.355349808931350708e-02
1.877148076891899109e-02 2.242553047835826874e-02
1.602543890476226807e-02 2.250725962221622467e-02
1.495988667011260986e-02 1.873683743178844452e-02
1.644986681640148163e-02 2.029966190457344055e-02
2.032364718616008759e-02 2.183670178055763245e-02
1.985785178840160370e-02 1.881761476397514343e-02
1.979703456163406372e-02 1.900729350745677948e-02
1.982775330543518066e-02 1.981845870614051819e-02
2.487542666494846344e-02 1.757581532001495361e-02
2.539414539933204651e-02 1.672571152448654175e-02
2.092940360307693481e-02 1.851485297083854675e-02
2.144127711653709412e-02 1.805384270846843719e-02
2.257844246923923492e-02 1.979722455143928528e-02
2.179207280278205872e-02 1.730418577790260315e-02
2.073472738265991211e-02 1.849246025085449219e-02
2.434672601521015167e-02 1.800624653697013855e-02
2.464407868683338165e-02 1.965466886758804321e-02
2.238532528281211853e-02 1.893175020813941956e-02
2.223358862102031708e-02 1.789145544171333313e-02
2.272938378155231476e-02 1.692239567637443542e-02
2.387964911758899689e-02 1.823653653264045715e-02
2.626904845237731934e-02 1.852603629231452942e-02
2.694521099328994751e-02 1.916919834911823273e-02
2.808273024857044220e-02 1.912324316799640656e-02
3.188977390527725220e-02 2.011207863688468933e-02
3.212684392929077148e-02 1.785992458462715149e-02
3.217025846242904663e-02 1.724532619118690491e-02
3.480765223503112793e-02 2.059938013553619385e-02
3.426460921764373779e-02 2.224871702492237091e-02
3.571951389312744141e-02 2.278814837336540222e-02
3.308719396591186523e-02 2.344436571002006531e-02
3.099231980741024017e-02 2.253991179168224335e-02
3.029805049300193787e-02 2.171454951167106628e-02
3.185258433222770691e-02 2.285422571003437042e-02
3.072860836982727051e-02 2.432827278971672058e-02
2.814905717968940735e-02 2.308149076998233795e-02
2.555327117443084717e-02 2.217178419232368469e-02
2.139164507389068604e-02 1.720082387328147888e-02
2.352560870349407196e-02 1.892860233783721924e-02
2.420806325972080231e-02 1.837646961212158203e-02
2.575999498367309570e-02 2.389334887266159058e-02
3.236670419573783875e-02 2.649974450469017029e-02
2.855546213686466217e-02 2.485499903559684753e-02
2.851855754852294922e-02 2.819062024354934692e-02
3.286917507648468018e-02 2.566739916801452637e-02
3.011946007609367371e-02 2.545076236128807068e-02
2.867802791297435760e-02 2.466117031872272491e-02
2.606385760009288788e-02 2.619928866624832153e-02
2.584147639572620392e-02 2.542505040764808655e-02
2.215814962983131409e-02 2.004925720393657684e-02
2.231126837432384491e-02 1.898870989680290222e-02
2.717618457973003387e-02 2.312241867184638977e-02
2.816164493560791016e-02 2.345382235944271088e-02
2.788654156029224396e-02 2.444634959101676941e-02
2.615341730415821075e-02 1.788421347737312317e-02
2.131964825093746185e-02 1.489121280610561371e-02
2.576185204088687897e-02 1.768244430422782898e-02
2.318838797509670258e-02 1.524659059941768646e-02
1.831573247909545898e-02 1.407553069293498993e-02
1.698001660406589508e-02 9.071707725524902344e-03
2.765940502285957336e-02 2.270212396979331970e-02
2.363827452063560486e-02 1.559878885746002197e-02
2.210761792957782745e-02 1.298550516366958618e-02
2.727824263274669647e-02 1.998100429773330688e-02
2.540930174291133881e-02 1.896031200885772705e-02
2.335940487682819366e-02 1.891173049807548523e-02
2.231173217296600342e-02 1.806720346212387085e-02
2.183131873607635498e-02 1.415560767054557800e-02
2.581094391644001007e-02 1.804852671921253204e-02
2.740535140037536621e-02 1.804504171013832092e-02
2.699707448482513428e-02 1.794840767979621887e-02
2.621009200811386108e-02 1.723258942365646362e-02
2.616006135940551758e-02 1.682764291763305664e-02
2.488349378108978271e-02 1.643850654363632202e-02
2.479262463748455048e-02 1.565555110573768616e-02
2.528227493166923523e-02 1.811168342828750610e-02
2.263855747878551483e-02 1.519438624382019043e-02
2.266720496118068695e-02 1.651264913380146027e-02
2.083844318985939026e-02 1.415931619703769684e-02
2.161140739917755127e-02 1.401669997721910477e-02
2.013116702437400818e-02 1.374959945678710938e-02
2.153458446264266968e-02 1.413457188755273819e-02
2.152327634394168854e-02 1.409907266497612000e-02
2.179861813783645630e-02 1.463014632463455200e-02
2.512870542705059052e-02 1.799994334578514099e-02
2.344350889325141907e-02 1.949915848672389984e-02
2.281408198177814484e-02 2.057579904794692993e-02
2.332136593759059906e-02 2.306163683533668518e-02
2.219454012811183929e-02 1.922377943992614746e-02
1.953080296516418457e-02 1.885495707392692566e-02
1.905967853963375092e-02 1.859623938798904419e-02
2.108972147107124329e-02 1.919858902692794800e-02
2.107449062168598175e-02 2.206338196992874146e-02
2.399249002337455750e-02 2.445130422711372375e-02
2.552688308060169220e-02 2.509662695229053497e-02
2.244571968913078308e-02 1.987635344266891479e-02
2.167528867721557617e-02 2.235471829771995544e-02
2.268054336309432983e-02 2.391639910638332367e-02
2.230392955243587494e-02 2.189409360289573669e-02
2.291713282465934753e-02 2.500738762319087982e-02
2.356976084411144257e-02 2.770623564720153809e-02
2.458547987043857574e-02 3.232310339808464050e-02
2.266522869467735291e-02 2.152007259428501129e-02
1.797257177531719208e-02 2.240601740777492523e-02
1.708415150642395020e-02 2.103179879486560822e-02
1.607811450958251953e-02 2.101837471127510071e-02
1.617218554019927979e-02 1.875920780003070831e-02
1.844930276274681091e-02 2.372239530086517334e-02
1.759105920791625977e-02 2.201838977634906769e-02
1.512469351291656494e-02 2.329459413886070251e-02
1.476887147873640060e-02 2.078154869377613068e-02
1.687992364168167114e-02 2.277113497257232666e-02
1.619715988636016846e-02 2.205700613558292389e-02
1.824288256466388702e-02 2.429806068539619446e-02
2.061246149241924286e-02 2.769385464489459991e-02
2.241238765418529510e-02 2.783778682351112366e-02
1.384688355028629303e-02 1.843786239624023438e-02
1.625505648553371429e-02 2.148655802011489868e-02
1.976765319705009460e-02 2.592600323259830475e-02
1.479462254792451859e-02 1.666474714875221252e-02
1.378472987562417984e-02 1.591914519667625427e-02
1.572854816913604736e-02 1.795670017600059509e-02
1.753860712051391602e-02 1.733239181339740753e-02
1.343169063329696655e-02 1.378303673118352890e-02
1.075576990842819214e-02 1.246946956962347031e-02
1.001852750778198242e-02 7.422726601362228394e-03
1.301881484687328339e-02 1.202840358018875122e-02
1.523181609809398651e-02 1.027147378772497177e-02
2.068245969712734222e-02 1.527330931276082993e-02
1.859427243471145630e-02 1.523723732680082321e-02
2.195778302848339081e-02 1.748733595013618469e-02
3.160407394170761108e-02 1.925735548138618469e-02
3.324866667389869690e-02 1.759658195078372955e-02
2.795962989330291748e-02 1.229182630777359009e-02
3.082446008920669556e-02 1.444609090685844421e-02
2.973025292158126831e-02 1.363322418183088303e-02
3.177592903375625610e-02 1.467266120016574860e-02
3.554989397525787354e-02 1.565524563193321228e-02
4.120572283864021301e-02 1.963409595191478729e-02
3.699516132473945618e-02 2.531853504478931427e-02
3.609825298190116882e-02 2.243452146649360657e-02
3.443533554673194885e-02 2.288198843598365784e-02
3.766319155693054199e-02 2.050336077809333801e-02
3.555113449692726135e-02 2.333104051649570465e-02
3.277145326137542725e-02 2.237260900437831879e-02
3.320960700511932373e-02 2.237662486732006073e-02
3.030613064765930176e-02 2.561243996024131775e-02
3.423073142766952515e-02 3.407361358404159546e-02
3.058406338095664978e-02 2.941147610545158386e-02
3.015087172389030457e-02 2.696651034057140350e-02
3.732451051473617554e-02 3.336532413959503174e-02
3.327351063489913940e-02 3.764041513204574585e-02
3.335080668330192566e-02 3.611584752798080444e-02
3.390985727310180664e-02 4.139067977666854858e-02
3.158962726593017578e-02 4.110606759786605835e-02
2.657949924468994141e-02 3.917453438043594360e-02
2.772665582597255707e-02 3.753016516566276550e-02
3.629492968320846558e-02 2.793714962899684906e-02
2.806132100522518158e-02 3.083415515720844269e-02
3.260527923703193665e-02 3.433680906891822815e-02
2.674908190965652466e-02 3.414250537753105164e-02
2.309959754347801208e-02 2.985385991632938385e-02
2.653638087213039398e-02 3.463158011436462402e-02
3.006668388843536377e-02 4.194950312376022339e-02
2.929704822599887848e-02 3.301447629928588867e-02
2.975391969084739685e-02 3.382150083780288696e-02
3.116342425346374512e-02 3.934252262115478516e-02
2.319810539484024048e-02 4.390326142311096191e-02
2.807233482599258423e-02 4.505884647369384766e-02
2.619438618421554565e-02 3.792685270309448242e-02
2.189259976148605347e-02 3.341199457645416260e-02
2.241413854062557220e-02 3.091099113225936890e-02
2.418656460940837860e-02 2.797648683190345764e-02
2.180334180593490601e-02 2.852799370884895325e-02
2.254175767302513123e-02 2.917935326695442200e-02
2.944826334714889526e-02 3.018640726804733276e-02
3.314258903264999390e-02 2.992156334221363068e-02
3.048264980316162109e-02 2.764094062149524689e-02
3.466512635350227356e-02 2.888783626258373260e-02
2.461406216025352478e-02 2.545504830777645111e-02
2.036305889487266541e-02 2.305182255804538727e-02
2.368241362273693085e-02 2.457166090607643127e-02
2.018520422279834747e-02 2.467806078493595123e-02
2.741678431630134583e-02 2.678764984011650085e-02
2.566945366561412811e-02 2.858740277588367462e-02
2.083262242376804352e-02 2.264888212084770203e-02
2.095772884786128998e-02 2.590969204902648926e-02
2.602638490498065948e-02 2.429118938744068146e-02
2.397891320288181305e-02 2.025472745299339294e-02
2.846097573637962341e-02 1.585784554481506348e-02
2.653232589364051819e-02 1.608383469283580780e-02
3.004861995577812195e-02 1.905688643455505371e-02
2.868440188467502594e-02 1.952727884054183960e-02
2.528719976544380188e-02 1.770095154643058777e-02
2.000601217150688171e-02 1.717599481344223022e-02
2.683238126337528229e-02 1.683581992983818054e-02
1.980924606323242188e-02 1.716470345854759216e-02
1.949518918991088867e-02 1.502905040979385376e-02
3.081921115517616272e-02 1.734779775142669678e-02
2.005844749510288239e-02 9.600490331649780273e-03
2.248135022819042206e-02 8.293779566884040833e-03
2.795682847499847412e-02 1.388395391404628754e-02
2.551164105534553528e-02 1.479931361973285675e-02
2.416328340768814087e-02 1.428900845348834991e-02
2.380119264125823975e-02 2.058135531842708588e-02
2.113053575158119202e-02 1.758869364857673645e-02
1.934471912682056427e-02 2.009519562125205994e-02
1.807654462754726410e-02 2.175673656165599823e-02
1.855974644422531128e-02 2.311591804027557373e-02
1.905639842152595520e-02 2.102159149944782257e-02
2.002597972750663757e-02 2.330281399190425873e-02
1.980053633451461792e-02 2.100433781743049622e-02
1.944372802972793579e-02 1.902571320533752441e-02
2.141494676470756531e-02 2.345144748687744141e-02
2.111892774701118469e-02 1.950066164135932922e-02
2.232779935002326965e-02 2.042702212929725647e-02
2.156810089945793152e-02 1.837484166026115417e-02
2.096625044941902161e-02 2.132572606205940247e-02
2.373693510890007019e-02 2.270870655775070190e-02
2.126355655491352081e-02 2.017778344452381134e-02
2.277151122689247131e-02 1.750975102186203003e-02
2.269006520509719849e-02 1.690733432769775391e-02
2.202510088682174683e-02 1.955318823456764221e-02
2.166889607906341553e-02 1.889804750680923462e-02
2.038103714585304260e-02 1.979387179017066956e-02
1.951749995350837708e-02 1.857275329530239105e-02
1.743359491229057312e-02 2.374576963484287262e-02
1.515365578234195709e-02 2.956830710172653198e-02
1.369345374405384064e-02 4.325668513774871826e-02
1.741271093487739563e-02 2.635985985398292542e-02
1.433451287448406219e-02 2.837814204394817352e-02
1.283319480717182159e-02 2.249958179891109467e-02
1.564911007881164551e-02 1.934451982378959656e-02
1.485952734947204590e-02 1.963603310286998749e-02
1.454731635749340057e-02 1.790382154285907745e-02
1.614195853471755981e-02 2.263328619301319122e-02
1.559593621641397476e-02 2.081403508782386780e-02
1.711506396532058716e-02 2.432414703071117401e-02
1.561400666832923889e-02 2.387958019971847534e-02
1.639193110167980194e-02 2.292173914611339569e-02
1.706656813621520996e-02 2.460223808884620667e-02
1.810356229543685913e-02 2.515699714422225952e-02
1.828268729150295258e-02 2.540068142116069794e-02
1.887375116348266602e-02 3.049118444323539734e-02
1.647483557462692261e-02 3.034343197941780090e-02
1.566896401345729828e-02 2.807994931936264038e-02
1.630567200481891632e-02 2.933421172201633453e-02
1.574674434959888458e-02 2.631266601383686066e-02
1.653144881129264832e-02 2.675602771341800690e-02
1.562702096998691559e-02 2.241916395723819733e-02
1.511027850210666656e-02 2.046112343668937683e-02
1.521709747612476349e-02 2.205877192318439484e-02
1.674622297286987305e-02 2.327110804617404938e-02
1.678152382373809814e-02 2.312923222780227661e-02
1.793023943901062012e-02 2.298014611005783081e-02
1.768838427960872650e-02 2.291484363377094269e-02
1.730709336698055267e-02 2.054840698838233948e-02
1.562867313623428345e-02 2.096300572156906128e-02
1.800939813256263733e-02 2.104873955249786377e-02
1.958354189991950989e-02 1.886102929711341858e-02
1.938174851238727570e-02 2.074549160897731781e-02
1.867117546498775482e-02 1.979467086493968964e-02
1.965383812785148621e-02 1.987548358738422394e-02
2.020190283656120300e-02 2.251341566443443298e-02
2.023927494883537292e-02 2.183659002184867859e-02
1.906952448189258575e-02 2.190302871167659760e-02
2.044753357768058777e-02 2.079963870346546173e-02
2.063576318323612213e-02 2.267366833984851837e-02
2.109951898455619812e-02 2.031068317592144012e-02
2.064401470124721527e-02 1.437403354793787003e-02
2.148534171283245087e-02 1.734814420342445374e-02
2.081862464547157288e-02 1.591473259031772614e-02
1.997261308133602142e-02 1.652296073734760284e-02
2.031425386667251587e-02 1.793372631072998047e-02
1.973711885511875153e-02 1.538374461233615875e-02
1.906309276819229126e-02 1.365388929843902588e-02
1.925359666347503662e-02 1.334288064390420914e-02
2.007564529776573181e-02 1.223674975335597992e-02
2.004731819033622742e-02 1.382650248706340790e-02
2.031256258487701416e-02 1.126451883465051651e-02
2.027441561222076416e-02 1.312837749719619751e-02
2.011600695550441742e-02 1.575870811939239502e-02
1.785213872790336609e-02 1.520976237952709198e-02
1.803629472851753235e-02 2.090757712721824646e-02
1.717407628893852234e-02 2.079092897474765778e-02
1.877565309405326843e-02 1.890281029045581818e-02
1.919912174344062805e-02 1.945180818438529968e-02
2.317393571138381958e-02 1.651569828391075134e-02
2.038026601076126099e-02 2.220536768436431885e-02
2.111680060625076294e-02 2.365497127175331116e-02
1.998599246144294739e-02 2.314318157732486725e-02
1.930191181600093842e-02 2.294483780860900879e-02
2.012392878532409668e-02 2.358876168727874756e-02
1.970195770263671875e-02 2.192018367350101471e-02
2.038909308612346649e-02 2.170410566031932831e-02
1.938364468514919281e-02 2.105815708637237549e-02
2.017327770590782166e-02 2.011716365814208984e-02
2.137917652726173401e-02 2.003912813961505890e-02
2.018587291240692139e-02 2.066325768828392029e-02
2.130209468305110931e-02 2.233697660267353058e-02
1.949686929583549500e-02 2.175621502101421356e-02
1.922331005334854126e-02 2.160141430795192719e-02
2.036304958164691925e-02 1.831823959946632385e-02
2.090423554182052612e-02 2.139870077371597290e-02
2.106256410479545593e-02 2.147720195353031158e-02
2.035563997924327850e-02 2.064671367406845093e-02
2.069697715342044830e-02 1.875407993793487549e-02
2.021452225744724274e-02 1.964387483894824982e-02
1.672876626253128052e-02 2.136821113526821136e-02
1.746013388037681580e-02 2.098005264997482300e-02
1.504632178694009781e-02 1.807096973061561584e-02
1.461825240403413773e-02 2.091204747557640076e-02
1.379613950848579407e-02 1.824535802006721497e-02
1.426909398287534714e-02 1.685454510152339935e-02
1.329971849918365479e-02 2.886786311864852905e-02
1.660573482513427734e-02 2.505962923169136047e-02
1.615853607654571533e-02 2.254358120262622833e-02
1.724612712860107422e-02 2.040648460388183594e-02
1.615825667977333069e-02 1.845667511224746704e-02
1.767604798078536987e-02 1.722101494669914246e-02
1.678177714347839355e-02 2.621170133352279663e-02
1.982312463223934174e-02 2.620085142552852631e-02
1.926757209002971649e-02 2.496622130274772644e-02
1.889955066144466400e-02 2.289291098713874817e-02
1.802979595959186554e-02 2.529857307672500610e-02
2.065958082675933838e-02 2.555927447974681854e-02
2.102273330092430115e-02 2.833154238760471344e-02
2.108730003237724304e-02 2.825751528143882751e-02
1.980242878198623657e-02 2.410821244120597839e-02
2.024412527680397034e-02 2.495540678501129150e-02
1.994489692151546478e-02 2.506215125322341919e-02
1.822305098176002502e-02 2.789495885372161865e-02
1.919258385896682739e-02 2.909274958074092865e-02
2.088197134435176849e-02 2.211214974522590637e-02
2.196596562862396240e-02 2.280444465577602386e-02
2.085958048701286316e-02 2.082655206322669983e-02
2.003361284732818604e-02 2.188516035676002502e-02
2.020665630698204041e-02 2.130142599344253540e-02
1.957822032272815704e-02 2.159081399440765381e-02
1.982564106583595276e-02 2.096517570316791534e-02
2.081496268510818481e-02 1.907277852296829224e-02
2.092984318733215332e-02 1.962147466838359833e-02
2.001084759831428528e-02 1.975885033607482910e-02
1.873634010553359985e-02 2.116302400827407837e-02
1.782505027949810028e-02 2.189255319535732269e-02
1.747265458106994629e-02 2.161612361669540405e-02
1.737560145556926727e-02 2.102908492088317871e-02
1.726095378398895264e-02 2.106800302863121033e-02
1.605536974966526031e-02 2.154997177422046661e-02
1.524394005537033081e-02 2.024879865348339081e-02
1.620753481984138489e-02 1.709151454269886017e-02
1.758697628974914551e-02 1.815884187817573547e-02
1.652733981609344482e-02 1.613787934184074402e-02
1.811347156763076782e-02 1.676903851330280304e-02
1.836645603179931641e-02 1.795976981520652771e-02
1.653275638818740845e-02 1.568669080734252930e-02
1.570435613393783569e-02 1.681190729141235352e-02
1.532762032002210617e-02 1.708319410681724548e-02
1.548102311789989471e-02 1.694724708795547485e-02
1.564026251435279846e-02 1.492650154978036880e-02
1.325474493205547333e-02 1.663862727582454681e-02
1.332813315093517303e-02 1.811578497290611267e-02
1.363350823521614075e-02 1.769801042973995209e-02
1.291507668793201447e-02 1.734961196780204773e-02
1.396911405026912689e-02 1.625378429889678955e-02
1.558009535074234009e-02 1.849234104156494141e-02
1.417275238782167435e-02 1.982671394944190979e-02
1.606287993490695953e-02 2.164843119680881500e-02
1.649371720850467682e-02 2.044226787984371185e-02
1.768502965569496155e-02 1.977818459272384644e-02
1.741090789437294006e-02 1.953480765223503113e-02
1.970373652875423431e-02 1.907337829470634460e-02
2.118633501231670380e-02 1.948277652263641357e-02
2.155104093253612518e-02 2.002140134572982788e-02
1.927786320447921753e-02 1.897441595792770386e-02
1.662889868021011353e-02 1.533657871186733246e-02
1.788718625903129578e-02 1.643412001430988312e-02
1.850220002233982086e-02 1.787509582936763763e-02
1.948261819779872894e-02 2.235981822013854980e-02
2.086469158530235291e-02 2.340303920209407806e-02
2.024540305137634277e-02 2.448656968772411346e-02
2.306561172008514404e-02 2.526794746518135071e-02
2.283424511551856995e-02 2.608067356050014496e-02
2.238960191607475281e-02 2.301006205379962921e-02
2.395348995923995972e-02 2.097355946898460388e-02
2.556711621582508087e-02 2.000012248754501343e-02
2.704104222357273102e-02 2.112771943211555481e-02
2.481752634048461914e-02 2.114624530076980591e-02
2.417151257395744324e-02 1.884728670120239258e-02
2.527925185859203339e-02 2.266176603734493256e-02
2.532644569873809814e-02 2.101888880133628845e-02
2.520769461989402771e-02 2.305485680699348450e-02
2.724978141486644745e-02 2.799623087048530579e-02
2.622196264564990997e-02 2.341756969690322876e-02
2.505572512745857239e-02 2.000035531818866730e-02
2.486703172326087952e-02 1.801643148064613342e-02
2.320204861462116241e-02 1.817897707223892212e-02
2.299405261874198914e-02 1.606056094169616699e-02
2.254388853907585144e-02 1.435439009219408035e-02
2.125404588878154755e-02 1.332529075443744659e-02
2.321079559624195099e-02 1.246510818600654602e-02
2.346247434616088867e-02 1.362102665007114410e-02
2.390832640230655670e-02 1.537196338176727295e-02
2.078006602823734283e-02 1.499544177204370499e-02
2.123355120420455933e-02 1.543831825256347656e-02
1.968260854482650757e-02 1.574590615928173065e-02
1.832268014550209045e-02 1.556645333766937256e-02
2.034273371100425720e-02 1.671734452247619629e-02
2.114673703908920288e-02 1.904730871319770813e-02
2.040670439600944519e-02 1.716063916683197021e-02
2.148532308638095856e-02 2.209430374205112457e-02
2.031670510768890381e-02 2.251355536282062531e-02
2.361692860722541809e-02 2.641769871115684509e-02
2.148160710930824280e-02 2.595316618680953979e-02
2.037568762898445129e-02 2.333053946495056152e-02
2.406858280301094055e-02 2.346823923289775848e-02
2.325714938342571259e-02 2.387199737131595612e-02
2.176699973642826080e-02 2.365225553512573242e-02
2.043795771896839142e-02 2.386223152279853821e-02
1.590056717395782471e-02 2.549996227025985718e-02
1.811145991086959839e-02 2.280397899448871613e-02
1.709941402077674866e-02 2.484471350908279419e-02
1.877546682953834534e-02 2.290815673768520355e-02
2.194097451865673065e-02 2.393616177141666412e-02
2.295068278908729553e-02 2.795376442372798920e-02
2.305961400270462036e-02 2.825277298688888550e-02
2.148437500000000000e-02 2.922574616968631744e-02
1.994471810758113861e-02 3.049124032258987427e-02
1.976377516984939575e-02 2.972174063324928284e-02
1.761408336460590363e-02 2.994107455015182495e-02
1.837968640029430389e-02 2.970325574278831482e-02
1.834488660097122192e-02 2.512147836387157440e-02
1.957810670137405396e-02 2.124814502894878387e-02
1.776064746081829071e-02 2.277152240276336670e-02
1.803204976022243500e-02 2.176307886838912964e-02
1.822911016643047333e-02 2.300353348255157471e-02
1.871368475258350372e-02 2.231812104582786560e-02
1.968399062752723694e-02 2.321198396384716034e-02
2.211639843881130219e-02 2.350636012852191925e-02
2.371974475681781769e-02 2.187469415366649628e-02
2.049931697547435760e-02 2.032657526433467865e-02
2.025160193443298340e-02 1.601851359009742737e-02
2.053827606141567230e-02 1.472488231956958771e-02
2.091783657670021057e-02 1.438413094729185104e-02
2.086830697953701019e-02 1.130927819758653641e-02
1.915136352181434631e-02 1.397602446377277374e-02
2.072281576693058014e-02 1.460213586688041687e-02
2.036473155021667480e-02 1.509490795433521271e-02
2.139804698526859283e-02 1.525726821273565292e-02
2.186891809105873108e-02 1.429926510900259018e-02
2.152200415730476379e-02 1.650617644190788269e-02
2.051786705851554871e-02 1.722008921205997467e-02
1.886124722659587860e-02 1.922448351979255676e-02
1.820153743028640747e-02 2.022721618413925171e-02
1.951729133725166321e-02 2.068175375461578369e-02
1.827111840248107910e-02 2.108220942318439484e-02
1.672286354005336761e-02 2.179959416389465332e-02
1.812146976590156555e-02 2.302949130535125732e-02
1.906083524227142334e-02 2.545130252838134766e-02
1.792995445430278778e-02 2.405718713998794556e-02
1.714318059384822845e-02 2.519494108855724335e-02
1.807834953069686890e-02 2.578803151845932007e-02
1.587231084704399109e-02 2.234763465821743011e-02
1.584764011204242706e-02 2.442243695259094238e-02
1.652719266712665558e-02 2.547734230756759644e-02
1.380272395908832550e-02 2.298459410667419434e-02
1.642046682536602020e-02 2.323172800242900848e-02
1.566244289278984070e-02 2.255202271044254303e-02
1.559064909815788269e-02 2.447322756052017212e-02
1.564678549766540527e-02 2.648826315999031067e-02
1.659901440143585205e-02 2.361605875194072723e-02
1.639335975050926208e-02 2.414541132748126984e-02
1.809446513652801514e-02 2.407188899815082550e-02
1.929030939936637878e-02 2.554088830947875977e-02
1.827919483184814453e-02 2.563133835792541504e-02
1.786306500434875488e-02 2.627411484718322754e-02
1.742609590291976929e-02 2.674235589802265167e-02
1.790813729166984558e-02 2.363223396241664886e-02
1.827711239457130432e-02 2.410436049103736877e-02
1.970587298274040222e-02 2.185213938355445862e-02
1.919516548514366150e-02 2.220453135669231415e-02
2.040990628302097321e-02 2.348949015140533447e-02
1.996388472616672516e-02 2.244623750448226929e-02
1.833334192633628845e-02 2.204768545925617218e-02
1.846286654472351074e-02 2.255801111459732056e-02
1.968539133667945862e-02 1.995790377259254456e-02
2.032006345689296722e-02 2.324981242418289185e-02
2.033590152859687805e-02 2.379742637276649475e-02
2.021179534494876862e-02 2.304779551923274994e-02
1.931082829833030701e-02 2.228218317031860352e-02
1.898116432130336761e-02 2.318860776722431183e-02
1.840892434120178223e-02 2.408790029585361481e-02
1.859976537525653839e-02 2.032482251524925232e-02
1.829393580555915833e-02 2.152354642748832703e-02
1.822834089398384094e-02 2.131919376552104950e-02
1.802035607397556305e-02 1.984392479062080383e-02
1.932820677757263184e-02 2.344552055001258850e-02
1.896552555263042450e-02 2.359862625598907471e-02
1.989516988396644592e-02 1.980978250503540039e-02
2.082051709294319153e-02 1.796867698431015015e-02
1.981746032834053040e-02 1.674440316855907440e-02
1.977007091045379639e-02 1.540627144277095795e-02
2.023003250360488892e-02 1.527150906622409821e-02
2.002209983766078949e-02 1.497833710163831711e-02
1.911862939596176147e-02 1.440945453941822052e-02
1.899052783846855164e-02 1.694265007972717285e-02
1.768356189131736755e-02 1.639277860522270203e-02
1.756541058421134949e-02 1.895592547953128815e-02
1.666038855910301208e-02 1.973968744277954102e-02
1.731330528855323792e-02 2.151765301823616028e-02
1.705403625965118408e-02 2.344015240669250488e-02
1.713564246892929077e-02 2.285211533308029175e-02
1.662640087306499481e-02 2.744452655315399170e-02
1.813067123293876648e-02 2.614655718207359314e-02
1.828658021986484528e-02 2.558266185224056244e-02
1.842365786433219910e-02 2.254243195056915283e-02
1.752929016947746277e-02 2.128007262945175171e-02
1.710791513323783875e-02 2.158900722861289978e-02
1.609608158469200134e-02 1.917877420783042908e-02
1.432288438081741333e-02 2.031203359365463257e-02
1.637673936784267426e-02 2.327338606119155884e-02
1.630917750298976898e-02 2.341779880225658417e-02
1.889831945300102234e-02 2.469544857740402222e-02
1.772828772664070129e-02 2.817128039896488190e-02
1.740143634378910065e-02 2.281083725392818451e-02
1.904397085309028625e-02 2.293120697140693665e-02
1.461386680603027344e-02 2.651533484458923340e-02
1.692026481032371521e-02 2.280532941222190857e-02
1.448323298245668411e-02 2.303387597203254700e-02
1.634939759969711304e-02 1.867854222655296326e-02
1.657999679446220398e-02 2.059665136039257050e-02
1.910375431180000305e-02 1.874344050884246826e-02
1.730098761618137360e-02 2.090320736169815063e-02
1.757894642651081085e-02 2.209738828241825104e-02
1.870245300233364105e-02 2.054878324270248413e-02
2.106313593685626984e-02 2.369353175163269043e-02
1.978239230811595917e-02 2.297874167561531067e-02
2.013016119599342346e-02 2.308741956949234009e-02
1.893429644405841827e-02 2.209563925862312317e-02
1.865065284073352814e-02 2.240044809877872467e-02
1.822438463568687439e-02 2.400786802172660828e-02
1.750770211219787598e-02 2.257989719510078430e-02
1.696735247969627380e-02 2.368799969553947449e-02
1.825678721070289612e-02 2.466638386249542236e-02
1.856357418000698090e-02 2.503668144345283508e-02
1.769692078232765198e-02 2.568162791430950165e-02
1.831881701946258545e-02 2.715217694640159607e-02
1.826472021639347076e-02 2.757259458303451538e-02
1.942731440067291260e-02 2.710917592048645020e-02
1.914640143513679504e-02 2.463689446449279785e-02
1.926470547914505005e-02 2.467214874923229218e-02
1.827727630734443665e-02 2.230550535023212433e-02
1.965379156172275543e-02 2.286798506975173950e-02
1.835182309150695801e-02 2.029875107109546661e-02
1.741942018270492554e-02 2.300005964934825897e-02
1.678323559463024139e-02 2.204607613384723663e-02
1.692437380552291870e-02 2.503221295773983002e-02
1.724314689636230469e-02 2.168875373899936676e-02
1.758923381567001343e-02 2.400500141084194183e-02
1.860463991761207581e-02 2.584036439657211304e-02
1.635358296334743500e-02 2.621429413557052612e-02
1.574779301881790161e-02 2.739493176341056824e-02
1.569828577339649200e-02 2.677552215754985809e-02
1.586135104298591614e-02 2.621826343238353729e-02
1.603271812200546265e-02 2.756137028336524963e-02
1.625239662826061249e-02 2.706297114491462708e-02
1.560365967452526093e-02 3.031235188245773315e-02
1.429999992251396179e-02 2.913498133420944214e-02
1.530884858220815659e-02 2.702538482844829559e-02
1.418855134397745132e-02 2.615217864513397217e-02
1.505803503096103668e-02 2.825602702796459198e-02
1.647459343075752258e-02 3.127962350845336914e-02
1.693264767527580261e-02 3.241234272718429565e-02
1.691544055938720703e-02 3.061581589281558990e-02
1.712286658585071564e-02 2.867118455469608307e-02
1.854092627763748169e-02 3.311884403228759766e-02
1.940388604998588562e-02 3.302825987339019775e-02
1.929415762424468994e-02 2.905872464179992676e-02
2.000967040657997131e-02 2.965496107935905457e-02
1.865809783339500427e-02 2.718788571655750275e-02
1.757293194532394409e-02 2.524270862340927124e-02
1.865075342357158661e-02 2.842427603900432587e-02
1.976559497416019440e-02 2.569341100752353668e-02
2.002861350774765015e-02 2.535647340118885040e-02
1.998788118362426758e-02 2.660799212753772736e-02
1.999013498425483704e-02 2.499051392078399658e-02
2.039793878793716431e-02 2.208488062024116516e-02
2.010481432080268860e-02 2.312447130680084229e-02
2.135698497295379639e-02 2.432011999189853668e-02
2.232542820274829865e-02 2.289869636297225952e-02
2.145299687981605530e-02 2.144190482795238495e-02
2.196827344596385956e-02 2.092008851468563080e-02
2.155223488807678223e-02 2.222824469208717346e-02
2.228094264864921570e-02 2.313578873872756958e-02
2.295401506125926971e-02 1.936275698244571686e-02
2.253057062625885010e-02 1.944626681506633759e-02
2.104334346950054169e-02 2.076981216669082642e-02
2.008181996643543243e-02 2.440821379423141479e-02
1.862369105219841003e-02 2.346189320087432861e-02
1.932496018707752228e-02 2.375077456235885620e-02
1.954797282814979553e-02 1.964355632662773132e-02
1.894021779298782349e-02 1.628273352980613708e-02
2.010145410895347595e-02 1.807405427098274231e-02
1.899547129869461060e-02 2.074462175369262695e-02
1.834787242114543915e-02 1.771836169064044952e-02
1.910656318068504333e-02 1.723365113139152527e-02
1.840067468583583832e-02 1.913995109498500824e-02
1.645047031342983246e-02 2.347024343907833099e-02
1.660578511655330658e-02 2.439598366618156433e-02
1.757546886801719666e-02 2.257745526731014252e-02
1.746285706758499146e-02 2.366847731173038483e-02
1.820731163024902344e-02 2.726870775222778320e-02
1.876846700906753540e-02 2.383108250796794891e-02
1.962130144238471985e-02 2.909707464277744293e-02
2.074166759848594666e-02 3.622549027204513550e-02
2.177683264017105103e-02 3.379526734352111816e-02
2.327047102153301239e-02 3.316925838589668274e-02
2.469793893396854401e-02 2.494952268898487091e-02
2.295799925923347473e-02 2.624489367008209229e-02
2.428973279893398285e-02 2.163590118288993835e-02
2.851248532533645630e-02 2.257838286459445953e-02
2.912681363523006439e-02 2.278699912130832672e-02
2.723348326981067657e-02 2.546110935509204865e-02
3.002505749464035034e-02 2.747087925672531128e-02
2.967786788940429688e-02 2.550581842660903931e-02
2.867468632757663727e-02 2.222492359578609467e-02
2.857790328562259674e-02 2.053285203874111176e-02
2.799063175916671753e-02 2.246464788913726807e-02
2.817203663289546967e-02 2.152051031589508057e-02
2.733649872243404388e-02 1.892560534179210663e-02
2.748310193419456482e-02 2.441886812448501587e-02
2.660785987973213196e-02 1.953433640301227570e-02
2.423569187521934509e-02 1.763072982430458069e-02
2.437634952366352081e-02 1.561196055263280869e-02
2.460895292460918427e-02 1.757266372442245483e-02
2.583650872111320496e-02 1.611673459410667419e-02
2.445306815207004547e-02 1.429075933992862701e-02
2.350828051567077637e-02 1.753100194036960602e-02
2.311770245432853699e-02 1.685952395200729370e-02
2.322344481945037842e-02 1.782584935426712036e-02
2.270411327481269836e-02 1.518248207867145538e-02
2.250586077570915222e-02 1.475772354751825333e-02
2.241223305463790894e-02 1.627775654196739197e-02
2.138198539614677429e-02 1.554217096418142319e-02
2.174363844096660614e-02 1.415259949862957001e-02
2.114702574908733368e-02 1.409034989774227142e-02
2.101283334195613861e-02 1.276990678161382675e-02
1.878005266189575195e-02 1.531020738184452057e-02
1.922936737537384033e-02 1.417725067585706711e-02
2.054688893258571625e-02 1.711522415280342102e-02
2.011715807020664215e-02 1.610622741281986237e-02
2.128609269857406616e-02 1.633689925074577332e-02
2.203538455069065094e-02 1.815671287477016449e-02
2.013546973466873169e-02 2.320966310799121857e-02
1.787550002336502075e-02 2.503831312060356140e-02
1.496700756251811981e-02 2.608219906687736511e-02
1.764944940805435181e-02 2.443535253405570984e-02
1.931917667388916016e-02 2.772850356996059418e-02
1.646995171904563904e-02 2.876940742135047913e-02
1.647694781422615051e-02 3.185004740953445435e-02
1.314258202910423279e-02 3.680900484323501587e-02
1.424158178269863129e-02 3.789905086159706116e-02
1.644710451364517212e-02 4.133924096822738647e-02
1.357600744813680649e-02 3.541211038827896118e-02
1.920862868428230286e-02 4.137923568487167358e-02
1.683545857667922974e-02 4.523376375436782837e-02
2.210694923996925354e-02 4.982136189937591553e-02
2.010540850460529327e-02 4.155470430850982666e-02
2.417778223752975464e-02 3.816717490553855896e-02
2.237165346741676331e-02 3.659643232822418213e-02
1.777364127337932587e-02 3.885798528790473938e-02
1.922486163675785065e-02 4.022218659520149231e-02
2.198336832225322723e-02 4.858455061912536621e-02
1.938351988792419434e-02 3.432010114192962646e-02
1.876034587621688843e-02 3.156671300530433655e-02
2.135245874524116516e-02 2.720764838159084320e-02
2.269191294908523560e-02 3.256585448980331421e-02
2.387823350727558136e-02 1.630014739930629730e-02
2.172973006963729858e-02 2.448932640254497528e-02
2.060735225677490234e-02 1.542130392044782639e-02
1.689374633133411407e-02 2.074308693408966064e-02
1.910514570772647858e-02 3.089389950037002563e-02
1.908630877733230591e-02 3.196958452463150024e-02
2.021737769246101379e-02 3.408210724592208862e-02
2.220261842012405396e-02 3.782665356993675232e-02
2.038998901844024658e-02 2.876042947173118591e-02
2.014614827930927277e-02 2.653506398200988770e-02
2.102350816130638123e-02 2.986183576285839081e-02
1.876765117049217224e-02 1.923988386988639832e-02
1.829706132411956787e-02 1.257247850298881531e-02
1.758346706628799438e-02 1.568526588380336761e-02
1.508385315537452698e-02 1.368424668908119202e-02
1.505353488028049469e-02 1.521911844611167908e-02
1.647312752902507782e-02 1.629040762782096863e-02
1.487108785659074783e-02 1.603556610643863678e-02
1.623065024614334106e-02 1.706521958112716675e-02
1.729841530323028564e-02 2.159536443650722504e-02
1.411782763898372650e-02 2.863957360386848450e-02
1.550327986478805542e-02 2.594510465860366821e-02
1.402996387332677841e-02 2.333566360175609589e-02
1.578583195805549622e-02 2.262623980641365051e-02
1.932988502085208893e-02 1.963449083268642426e-02
2.193825133144855499e-02 1.938119530677795410e-02
1.874106191098690033e-02 2.126148343086242676e-02
1.762591302394866943e-02 1.383561454713344574e-02
1.939718797802925110e-02 9.416019544005393982e-03
1.814473047852516174e-02 8.094798773527145386e-03
1.603553630411624908e-02 1.105683576315641403e-02
1.415456738322973251e-02 8.107434958219528198e-03
1.685750856995582581e-02 6.563413888216018677e-03
1.684550940990447998e-02 1.262355502694845200e-02
1.822907291352748871e-02 1.675145514309406281e-02
1.665454730391502380e-02 1.772799342870712280e-02
1.633995026350021362e-02 1.836367696523666382e-02
1.662781089544296265e-02 2.124988473951816559e-02
1.751196011900901794e-02 1.672737300395965576e-02
1.614407077431678772e-02 1.604368910193443298e-02
1.639930158853530884e-02 2.049767225980758667e-02
1.702459342777729034e-02 1.866690814495086670e-02
1.691257208585739136e-02 1.829483918845653534e-02
1.673077233135700226e-02 2.085150033235549927e-02
1.594346016645431519e-02 1.945578679442405701e-02
1.600532978773117065e-02 1.654306240379810333e-02
1.773869246244430542e-02 1.634205318987369537e-02
1.801919564604759216e-02 1.604849845170974731e-02
1.852672174572944641e-02 1.791018061339855194e-02
1.855495013296604156e-02 1.749482005834579468e-02
1.805878058075904846e-02 1.450729183852672577e-02
1.015929132699966431e-02 1.560770999640226364e-02
9.564619511365890503e-03 1.578378304839134216e-02
1.021782308816909790e-02 1.594527438282966614e-02
1.186849176883697510e-02 1.613932102918624878e-02
1.291898544877767563e-02 1.939003914594650269e-02
1.136224716901779175e-02 2.030081674456596375e-02
1.357563771307468414e-02 1.636955700814723969e-02
1.214342936873435974e-02 1.336450502276420593e-02
1.139460317790508270e-02 1.505930162966251373e-02
1.230935566127300262e-02 1.549368351697921753e-02
1.040666457265615463e-02 1.595299690961837769e-02
1.147841848433017731e-02 1.836061105132102966e-02
1.001313701272010803e-02 1.862001232802867889e-02
1.094700954854488373e-02 2.304806374013423920e-02
1.340837962925434113e-02 2.738743275403976440e-02
1.363652385771274567e-02 2.931552752852439880e-02
1.418618950992822647e-02 2.589300274848937988e-02
1.511829253286123276e-02 2.703731134533882141e-02
1.505072694271802902e-02 2.424904145300388336e-02
1.457087323069572449e-02 1.940708421170711517e-02
1.761810295283794403e-02 2.185599692165851593e-02
2.168179489672183990e-02 2.231756225228309631e-02
2.172455377876758575e-02 2.111739665269851685e-02
2.311499416828155518e-02 1.888935267925262451e-02
1.976113766431808472e-02 2.644370310008525848e-02
1.948997005820274353e-02 2.456803619861602783e-02
1.465963758528232574e-02 1.290766522288322449e-02
1.686277985572814941e-02 1.199459657073020935e-02
2.076471969485282898e-02 1.377249602228403091e-02
2.151545509696006775e-02 5.596758797764778137e-03
2.359381876885890961e-02 8.281851187348365784e-03
2.360287681221961975e-02 8.630655705928802490e-03
2.269948832690715790e-02 1.061926968395709991e-02
2.135949581861495972e-02 1.169559918344020844e-02
2.058152668178081512e-02 7.698627188801765442e-03
1.942253112792968750e-02 6.775951012969017029e-03
1.848754659295082092e-02 8.083323016762733459e-03
1.891668885946273804e-02 9.444797411561012268e-03
1.815444976091384888e-02 7.883414626121520996e-03
1.892594806849956512e-02 1.160285249352455139e-02
2.076620236039161682e-02 1.250026747584342957e-02
2.100555598735809326e-02 1.597373373806476593e-02
1.852815039455890656e-02 1.327966339886188507e-02
2.018205262720584869e-02 1.494782604277133942e-02
2.002515271306037903e-02 1.384570728987455368e-02
2.053746208548545837e-02 1.655091717839241028e-02
2.036892436444759369e-02 1.243040338158607483e-02
1.873848028481006622e-02 1.059795543551445007e-02
2.096340246498584747e-02 2.213452570140361786e-02
1.962317712604999542e-02 1.513862796127796173e-02
1.911259815096855164e-02 1.938928477466106415e-02
2.035801485180854797e-02 2.155878767371177673e-02
1.843880116939544678e-02 1.756548509001731873e-02
2.075141295790672302e-02 1.575160026550292969e-02
1.952333748340606689e-02 9.783685207366943359e-03
2.094274945557117462e-02 1.452025119215250015e-02
1.898148283362388611e-02 1.559621840715408325e-02
1.912520453333854675e-02 1.861990429461002350e-02
2.036760561168193817e-02 1.412448659539222717e-02
1.830895803868770599e-02 1.627848483622074127e-02
1.652383990585803986e-02 2.149589173495769501e-02
1.695303060114383698e-02 2.222192473709583282e-02
1.645983755588531494e-02 1.253218390047550201e-02
1.350898109376430511e-02 1.291937567293643951e-02
1.357611082494258881e-02 1.363240182399749756e-02
1.935834623873233795e-02 1.579163596034049988e-02
2.105613052845001221e-02 1.337968278676271439e-02
1.946748234331607819e-02 1.141425035893917084e-02
1.930703967809677124e-02 1.970870420336723328e-02
2.245592325925827026e-02 1.765850372612476349e-02
2.118023857474327087e-02 1.789153739809989929e-02
1.811425015330314636e-02 1.609155535697937012e-02
1.777399890124797821e-02 1.846061646938323975e-02
1.794406957924365997e-02 1.429464481770992279e-02
2.040372602641582489e-02 1.566299423575401306e-02
1.990243233740329742e-02 1.703695766627788544e-02
2.101669274270534515e-02 1.908288337290287018e-02
1.913473196327686310e-02 2.036970108747482300e-02
1.891289092600345612e-02 2.052723243832588196e-02
1.977149769663810730e-02 2.245314046740531921e-02
2.332604117691516876e-02 2.378434315323829651e-02
2.216233685612678528e-02 2.098738402128219604e-02
2.069130167365074158e-02 1.687153242528438568e-02
