1.613052748143672943e-02 2.967306785285472870e-02
1.394378766417503357e-02 2.837010659277439117e-02
1.488548517227172852e-02 2.913244627416133881e-02
1.480260025709867477e-02 2.882106043398380280e-02
1.479490660130977631e-02 2.923560142517089844e-02
1.495961565524339676e-02 2.840850502252578735e-02
1.407006848603487015e-02 3.060288727283477783e-02
1.523659843951463699e-02 3.093536198139190674e-02
1.436164043843746185e-02 3.079899027943611145e-02
1.542715169489383698e-02 3.241636604070663452e-02
1.500734128057956696e-02 2.984851971268653870e-02
1.346074137836694717e-02 3.173413127660751343e-02
1.349267177283763885e-02 3.069289587438106537e-02
1.226853486150503159e-02 3.110405616462230682e-02
1.140630990266799927e-02 3.013177216053009033e-02
1.212394796311855316e-02 3.128080815076828003e-02
1.348714344203472137e-02 2.886145189404487610e-02
1.234946306794881821e-02 2.940944768488407135e-02
1.173280738294124603e-02 2.972371689975261688e-02
1.146961934864521027e-02 3.206502273678779602e-02
1.110926270484924316e-02 3.073805570602416992e-02
1.133842952549457550e-02 3.273917734622955322e-02
1.157090347260236740e-02 3.187403082847595215e-02
1.150434464216232300e-02 3.118301928043365479e-02
1.168651040643453598e-02 2.738202735781669617e-02
1.144640892744064331e-02 3.128240630030632019e-02
1.224068924784660339e-02 3.329211473464965820e-02
1.437731366604566574e-02 3.097191825509071350e-02
1.376625336706638336e-02 2.947418391704559326e-02
1.326375082135200500e-02 3.084509447216987610e-02
1.435826811939477921e-02 3.034550324082374573e-02
1.352683175355195999e-02 2.924214676022529602e-02
1.292707398533821106e-02 2.937638387084007263e-02
1.294891349971294403e-02 3.148963674902915955e-02
1.305389218032360077e-02 3.138565272092819214e-02
1.261524111032485962e-02 3.136325627565383911e-02
1.243495382368564606e-02 2.682957425713539124e-02
1.241793390363454819e-02 2.863720618188381195e-02
1.204401813447475433e-02 2.774553745985031128e-02
1.247724331915378571e-02 2.893568202853202820e-02
1.281081233173608780e-02 3.050544485449790955e-02
1.397054921835660934e-02 3.180316835641860962e-02
1.303121726959943771e-02 3.152287006378173828e-02
1.198202744126319885e-02 3.009873256087303162e-02
1.246545370668172836e-02 2.976800501346588135e-02
1.426763180643320084e-02 3.227879106998443604e-02
1.235476136207580566e-02 3.143184632062911987e-02
1.250267401337623596e-02 3.214383125305175781e-02
1.347500830888748169e-02 3.217835351824760437e-02
1.602513901889324188e-02 3.391958773136138916e-02
1.576638780534267426e-02 3.504453226923942566e-02
1.390603370964527130e-02 3.023950755596160889e-02
1.346328482031822205e-02 3.272164985537528992e-02
1.482837181538343430e-02 3.160187974572181702e-02
1.359245460480451584e-02 3.405993804335594177e-02
1.417140476405620575e-02 3.153311461210250854e-02
1.416935585439205170e-02 3.247965872287750244e-02
1.295151188969612122e-02 3.567657247185707092e-02
1.292156428098678589e-02 3.437689691781997681e-02
1.331801153719425201e-02 3.376752883195877075e-02
1.609412766993045807e-02 3.267728537321090698e-02
1.422201190143823624e-02 3.208769485354423523e-02
1.296971924602985382e-02 3.241211548447608948e-02
1.352678425610065460e-02 3.225091099739074707e-02
1.623791456222534180e-02 4.023136943578720093e-02
1.646956428885459900e-02 4.044802859425544739e-02
1.521090324968099594e-02 3.536074608564376831e-02
1.308025512844324112e-02 3.152284026145935059e-02
1.182502042502164841e-02 3.258530050516128540e-02
1.335015241056680679e-02 3.612894937396049500e-02
1.239022985100746155e-02 3.155107051134109497e-02
1.345219556242227554e-02 3.286416456103324890e-02
1.425840146839618683e-02 3.153754398226737976e-02
1.545538194477558136e-02 3.387912735342979431e-02
1.415764354169368744e-02 3.220620751380920410e-02
1.417298335582017899e-02 3.776057437062263489e-02
1.573005877435207367e-02 3.462838754057884216e-02
1.629758998751640320e-02 3.644677251577377319e-02
1.503568515181541443e-02 3.618828952312469482e-02
1.269750483334064484e-02 3.680389374494552612e-02
1.322082616388797760e-02 3.851413726806640625e-02
1.551736332476139069e-02 3.466122597455978394e-02
1.711565256118774414e-02 3.497284650802612305e-02
1.493727415800094604e-02 3.373608738183975220e-02
1.497784443199634552e-02 3.335700929164886475e-02
1.056310534477233887e-02 2.569383010268211365e-02
1.552036777138710022e-02 3.705921024084091187e-02
1.672785356640815735e-02 3.539629653096199036e-02
1.630060374736785889e-02 3.328160941600799561e-02
1.551572512835264206e-02 3.078594431281089783e-02
1.518843322992324829e-02 3.102322295308113098e-02
1.562923565506935120e-02 3.243707120418548584e-02
1.417779177427291870e-02 3.230118378996849060e-02
1.390566956251859665e-02 3.234267607331275940e-02
1.423902530223131180e-02 2.987582236528396606e-02
1.179724745452404022e-02 3.114319220185279846e-02
1.145859807729721069e-02 2.805459313094615936e-02
1.278902776539325714e-02 2.688644267618656158e-02
1.316503062844276428e-02 2.909652888774871826e-02
1.172654144465923309e-02 2.978313714265823364e-02
1.183246541768312454e-02 3.038882464170455933e-02
1.294614374637603760e-02 2.871730551123619080e-02
1.443040836602449417e-02 3.015591017901897430e-02
1.462587714195251465e-02 2.998830191791057587e-02
1.409081555902957916e-02 3.024008870124816895e-02
1.505312696099281311e-02 2.972852066159248352e-02
1.430649776011705399e-02 2.836539596319198608e-02
1.475725881755352020e-02 2.901370264589786530e-02
1.413582824170589447e-02 2.946016192436218262e-02
1.443216949701309204e-02 2.977195940911769867e-02
1.372934877872467041e-02 2.951452136039733887e-02
1.445167511701583862e-02 3.011450916528701782e-02
1.343405246734619141e-02 2.816741727292537689e-02
1.578748412430286407e-02 2.848479896783828735e-02
1.464152149856090546e-02 2.900485321879386902e-02
1.463664695620536804e-02 2.890072390437126160e-02
1.602418720722198486e-02 2.846016734838485718e-02
1.676974631845951080e-02 2.830298058688640594e-02
1.627552509307861328e-02 2.917644940316677094e-02
1.691979914903640747e-02 2.767386473715305328e-02
1.674656197428703308e-02 3.089845739305019379e-02
1.697163283824920654e-02 2.967957779765129089e-02
1.673430018126964569e-02 3.027432784438133240e-02
1.601030305027961731e-02 3.148264437913894653e-02
1.631802506744861603e-02 2.881323546171188354e-02
1.605274528264999390e-02 2.993879094719886780e-02
1.595687866210937500e-02 3.090227581560611725e-02
1.434463821351528168e-02 3.229937702417373657e-02
1.496070064604282379e-02 3.119158744812011719e-02
1.563506573438644409e-02 3.235021606087684631e-02
1.659765653312206268e-02 3.043987974524497986e-02
1.648492366075515747e-02 3.228114172816276550e-02
1.587439700961112976e-02 3.115330636501312256e-02
1.594956219196319580e-02 3.273815661668777466e-02
1.619902625679969788e-02 3.435461223125457764e-02
1.433765143156051636e-02 3.548575192689895630e-02
1.409343071281909943e-02 3.352019935846328735e-02
1.423634309321641922e-02 3.410957008600234985e-02
1.348969805985689163e-02 3.303947672247886658e-02
1.344982534646987915e-02 3.485921770334243774e-02
1.335539668798446655e-02 3.790535032749176025e-02
1.406668312847614288e-02 3.669480979442596436e-02
1.446241978555917740e-02 3.632597997784614563e-02
1.407438423484563828e-02 3.407341241836547852e-02
1.439766399562358856e-02 3.528223186731338501e-02
1.260554604232311249e-02 3.346048668026924133e-02
1.348222047090530396e-02 3.526419028639793396e-02
1.420801877975463867e-02 3.370971977710723877e-02
1.638653129339218140e-02 3.416842967271804810e-02
1.575430110096931458e-02 3.232823684811592102e-02
1.528700347989797592e-02 3.065309859812259674e-02
1.376996561884880066e-02 2.846471592783927917e-02
1.342138927429914474e-02 2.750648185610771179e-02
1.275396905839443207e-02 2.649872377514839172e-02
1.312212273478507996e-02 2.905563637614250183e-02
1.303949393332004547e-02 2.844812907278537750e-02
1.391440629959106445e-02 2.943278662860393524e-02
1.486349292099475861e-02 3.007115423679351807e-02
1.246980391442775726e-02 2.793769538402557373e-02
1.372339762747287750e-02 3.047267347574234009e-02
1.434324029833078384e-02 3.303499519824981689e-02
1.685370318591594696e-02 3.313687816262245178e-02
1.771869882941246033e-02 3.532647341489791870e-02
1.751477085053920746e-02 3.379610925912857056e-02
1.611769199371337891e-02 3.181999921798706055e-02
1.493850629776716232e-02 3.153380751609802246e-02
1.523748971521854401e-02 3.369842097163200378e-02
1.593136228621006012e-02 3.429399430751800537e-02
1.674062386155128479e-02 3.551012650132179260e-02
1.817352510988712311e-02 3.611312434077262878e-02
1.864551007747650146e-02 3.710794448852539062e-02
1.726826839148998260e-02 3.536831587553024292e-02
1.737150549888610840e-02 3.435368463397026062e-02
1.737270317971706390e-02 3.406331688165664673e-02
1.599392667412757874e-02 3.327441960573196411e-02
1.640682294964790344e-02 3.464488685131072998e-02
1.793234609067440033e-02 3.583074361085891724e-02
1.582295633852481842e-02 3.252451121807098389e-02
1.498569361865520477e-02 3.520522266626358032e-02
1.467147283256053925e-02 3.423761203885078430e-02
1.464292034506797791e-02 3.378364443778991699e-02
1.635951921343803406e-02 3.463679552078247070e-02
1.269453112035989761e-02 3.364398702979087830e-02
1.395512185990810394e-02 3.184583410620689392e-02
1.681895926594734192e-02 3.776248544454574585e-02
1.551714166998863220e-02 3.292492404580116272e-02
1.511043403297662735e-02 3.070035204291343689e-02
1.417416520416736603e-02 3.162871673703193665e-02
1.526540331542491913e-02 3.359496593475341797e-02
1.480401307344436646e-02 3.114263713359832764e-02
1.421954669058322906e-02 2.961927279829978943e-02
1.487087830901145935e-02 3.184913471341133118e-02
1.477399468421936035e-02 2.931468375027179718e-02
1.420374959707260132e-02 3.020636178553104401e-02
1.579019241034984589e-02 3.341873735189437866e-02
1.315652206540107727e-02 3.165899962186813354e-02
1.489654555916786194e-02 3.478994965553283691e-02
1.780538260936737061e-02 3.489258885383605957e-02
1.688837260007858276e-02 3.513573110103607178e-02
1.538075134158134460e-02 3.182771801948547363e-02
1.547650154680013657e-02 3.196299076080322266e-02
1.472789607942104340e-02 3.436716273427009583e-02
1.376771926879882812e-02 2.800648286938667297e-02
1.308555901050567627e-02 4.166118800640106201e-02
1.081389933824539185e-02 3.699018806219100952e-02
1.726832613348960876e-02 3.704733401536941528e-02
1.612293906509876251e-02 3.160275891423225403e-02
1.645758748054504395e-02 3.221141174435615540e-02
1.618193835020065308e-02 3.608141094446182251e-02
1.531879603862762451e-02 3.149746358394622803e-02
1.407981105148792267e-02 3.186510875821113586e-02
1.411338336765766144e-02 3.244494274258613586e-02
1.472236216068267822e-02 3.481765836477279663e-02
1.614772155880928040e-02 3.711279481649398804e-02
1.532372459769248962e-02 3.393980488181114197e-02
1.659607142210006714e-02 3.583909943699836731e-02
1.272399537265300751e-02 3.438299521803855896e-02
1.398297399282455444e-02 2.965551987290382385e-02
1.486188452690839767e-02 3.018909320235252380e-02
1.413136906921863556e-02 3.085175901651382446e-02
1.337827183306217194e-02 3.050079010426998138e-02
1.321712322533130646e-02 3.227995336055755615e-02
1.299293059855699539e-02 3.419443219900131226e-02
1.317817717790603638e-02 3.360110893845558167e-02
1.226368360221385956e-02 3.452074155211448669e-02
1.317704096436500549e-02 3.085377439856529236e-02
1.389163546264171600e-02 3.185790032148361206e-02
1.324632577598094940e-02 3.061497583985328674e-02
1.282914914190769196e-02 2.874689921736717224e-02
1.336840633302927017e-02 2.982378751039505005e-02
1.320859603583812714e-02 3.189178183674812317e-02
1.387610100209712982e-02 2.985642850399017334e-02
1.212183013558387756e-02 2.992415800690650940e-02
1.406407356262207031e-02 2.961059845983982086e-02
1.238421723246574402e-02 2.874043211340904236e-02
1.485809776932001114e-02 3.118445724248886108e-02
1.419900916516780853e-02 3.062966838479042053e-02
1.419054344296455383e-02 3.040330111980438232e-02
1.308512873947620392e-02 3.003992326557636261e-02
1.372839231044054031e-02 2.835967391729354858e-02
1.411114819347858429e-02 3.373395279049873352e-02
1.400346681475639343e-02 3.004465624690055847e-02
1.446361653506755829e-02 2.916604280471801758e-02
1.614750735461711884e-02 3.157151862978935242e-02
1.663284935057163239e-02 3.040171600878238678e-02
1.629772037267684937e-02 3.159777820110321045e-02
1.684066839516162872e-02 3.064943663775920868e-02
1.582761853933334351e-02 2.943041361868381500e-02
1.468250434845685959e-02 2.710769698023796082e-02
1.443351991474628448e-02 2.912402711808681488e-02
1.288444735109806061e-02 2.817768603563308716e-02
1.388909853994846344e-02 2.887101843953132629e-02
1.313766092061996460e-02 2.915849164128303528e-02
1.396594848483800888e-02 2.906120941042900085e-02
1.387329772114753723e-02 2.822977490723133087e-02
1.567907817661762238e-02 2.979414351284503937e-02
1.515429094433784485e-02 3.019217960536479950e-02
1.453939825296401978e-02 3.149519860744476318e-02
1.610428467392921448e-02 2.964580431580543518e-02
1.351590175181627274e-02 2.958647534251213074e-02
1.327408012002706528e-02 2.843800559639930725e-02
1.441918499767780304e-02 2.848542109131813049e-02
1.698024384677410126e-02 2.908271737396717072e-02
1.612420938909053802e-02 3.021780401468276978e-02
1.510583795607089996e-02 2.610990591347217560e-02
1.388265565037727356e-02 2.405619435012340546e-02
1.241410989314317703e-02 2.741518989205360413e-02
1.621745899319648743e-02 3.326114639639854431e-02
1.550380326807498932e-02 3.093298152089118958e-02
1.302022114396095276e-02 2.362409047782421112e-02
1.460705697536468506e-02 3.021128289401531219e-02
1.394787430763244629e-02 3.024990111589431763e-02
1.376164518296718597e-02 2.886319532990455627e-02
1.386409625411033630e-02 3.432285040616989136e-02
1.358234975486993790e-02 3.275717049837112427e-02
1.299115642905235291e-02 3.341355919837951660e-02
1.321924198418855667e-02 3.766436874866485596e-02
1.572062820196151733e-02 3.992422670125961304e-02
1.586894504725933075e-02 3.881348296999931335e-02
1.479319855570793152e-02 3.826884925365447998e-02
1.650166884064674377e-02 3.765328973531723022e-02
1.614822633564472198e-02 3.575590997934341431e-02
1.739479601383209229e-02 3.440954536199569702e-02
1.638985984027385712e-02 3.266183286905288696e-02
1.613045297563076019e-02 3.203528374433517456e-02
1.453806459903717041e-02 3.146642819046974182e-02
1.468732953071594238e-02 3.175390139222145081e-02
1.456763222813606262e-02 3.148744627833366394e-02
1.524886488914489746e-02 3.575094044208526611e-02
1.369428168982267380e-02 3.466672077775001526e-02
1.617337949573993683e-02 3.735789656639099121e-02
1.609637588262557983e-02 3.938779979944229126e-02
1.849753223359584808e-02 4.064166545867919922e-02
1.821036264300346375e-02 4.073567315936088562e-02
1.443215180188417435e-02 3.560467809438705444e-02
1.541032642126083374e-02 3.425075858831405640e-02
1.694001257419586182e-02 3.502443060278892517e-02
1.604941301047801971e-02 3.776524215936660767e-02
1.322266086935997009e-02 3.354436904191970825e-02
1.262062974274158478e-02 3.252667561173439026e-02
1.313275657594203949e-02 3.240699321031570435e-02
1.434130873531103134e-02 3.275211900472640991e-02
1.643781363964080811e-02 3.688579797744750977e-02
1.349190436303615570e-02 3.118041530251502991e-02
1.311671547591686249e-02 3.136137127876281738e-02
1.651911064982414246e-02 3.202034533023834229e-02
1.649608276784420013e-02 3.516573086380958557e-02
1.539380848407745361e-02 3.155531734228134155e-02
1.503144763410091400e-02 3.136691823601722717e-02
1.470495015382766724e-02 3.185556828975677490e-02
1.485707517713308334e-02 3.259887546300888062e-02
1.464813016355037689e-02 2.955993451178073883e-02
1.384068652987480164e-02 3.190787509083747864e-02
1.635444164276123047e-02 3.426915034651756287e-02
1.413233205676078796e-02 3.421799093484878540e-02
1.801292225718498230e-02 3.541760519146919250e-02
1.672280579805374146e-02 3.685177862644195557e-02
1.764509454369544983e-02 3.524187579751014709e-02
1.571480929851531982e-02 3.252684324979782104e-02
1.755858026444911957e-02 3.317573666572570801e-02
1.707470789551734924e-02 3.033860027790069580e-02
1.657605916261672974e-02 3.370524570345878601e-02
1.565469428896903992e-02 2.979859150946140289e-02
1.529561169445514679e-02 3.357077389955520630e-02
1.450111996382474899e-02 2.981300652027130127e-02
1.302170567214488983e-02 2.974938973784446716e-02
1.302809920161962509e-02 2.971189841628074646e-02
1.181904412806034088e-02 3.087895736098289490e-02
1.348734274506568909e-02 2.792675420641899109e-02
1.474572531878948212e-02 2.801261097192764282e-02
1.377256773412227631e-02 2.768295072019100189e-02
1.368759293109178543e-02 3.090066835284233093e-02
1.379919610917568207e-02 3.009997680783271790e-02
1.395586133003234863e-02 2.874013222754001617e-02
1.357706077396869659e-02 3.186042606830596924e-02
1.446962915360927582e-02 3.044033236801624298e-02
1.256652362644672394e-02 3.020934388041496277e-02
1.515872217714786530e-02 3.016685880720615387e-02
1.411263458430767059e-02 3.087338060140609741e-02
1.505611836910247803e-02 2.633791416883468628e-02
1.683150418102741241e-02 3.196340799331665039e-02
1.656840369105339050e-02 3.568565472960472107e-02
1.944158226251602173e-02 3.344494104385375977e-02
1.895018666982650757e-02 3.050757572054862976e-02
1.770269498229026794e-02 2.999109216034412384e-02
1.687440089881420135e-02 3.255562484264373779e-02
1.530900225043296814e-02 2.930339425802230835e-02
1.546476222574710846e-02 3.160041198134422302e-02
1.246501132845878601e-02 2.704872190952301025e-02
1.180063560605049133e-02 2.692433446645736694e-02
1.134284026920795441e-02 2.918952703475952148e-02
1.056049577891826630e-02 2.912496961653232574e-02
9.703502058982849121e-03 2.839109487831592560e-02
1.225871685892343521e-02 2.840490080416202545e-02
1.234530750662088394e-02 2.939301729202270508e-02
1.380386296659708023e-02 3.096247464418411255e-02
1.507415436208248138e-02 3.230008482933044434e-02
1.585658453404903412e-02 3.207018971443176270e-02
1.408132351934909821e-02 3.464944660663604736e-02
1.764630898833274841e-02 3.548762202262878418e-02
1.767075806856155396e-02 3.454535827040672302e-02
1.817102730274200439e-02 3.522252291440963745e-02
1.552758086472749710e-02 3.213256224989891052e-02
1.557216979563236237e-02 3.057535551488399506e-02
1.692912541329860687e-02 3.407225385308265686e-02
1.473489031195640564e-02 2.912582270801067352e-02
1.425225101411342621e-02 3.009248897433280945e-02
1.580750197172164917e-02 3.077208995819091797e-02
1.510447449982166290e-02 3.046489506959915161e-02
1.478722970932722092e-02 2.850121445953845978e-02
1.321682892739772797e-02 2.720525860786437988e-02
1.395672746002674103e-02 3.135029599070549011e-02
1.377878524363040924e-02 3.149072080850601196e-02
1.420374214649200439e-02 2.687139436602592468e-02
1.356485579162836075e-02 2.954702079296112061e-02
1.429021172225475311e-02 3.069686889648437500e-02
1.677802577614784241e-02 2.879092656075954437e-02
1.644709333777427673e-02 3.135918453335762024e-02
1.537158526480197906e-02 3.245744481682777405e-02
1.640048995614051819e-02 3.171505779027938843e-02
1.811730302870273590e-02 3.393513709306716919e-02
1.583146676421165466e-02 3.271283209323883057e-02
1.617104187607765198e-02 2.898710407316684723e-02
1.701964065432548523e-02 2.791249193251132965e-02
1.573809981346130371e-02 2.848462387919425964e-02
1.631819829344749451e-02 2.791948430240154266e-02
1.790178939700126648e-02 3.120034933090209961e-02
1.710371114313602448e-02 3.158595785498619080e-02
1.761458069086074829e-02 3.204482793807983398e-02
1.607332751154899597e-02 3.024143911898136139e-02
1.349550299346446991e-02 2.787743136286735535e-02
1.360315643250942230e-02 2.955112978816032410e-02
1.520169898867607117e-02 3.252397105097770691e-02
1.522422581911087036e-02 3.357093781232833862e-02
1.388284564018249512e-02 2.995079196989536285e-02
1.363825425505638123e-02 2.932636067271232605e-02
1.420413050800561905e-02 3.099352680146694183e-02
1.326988078653812408e-02 3.134634718298912048e-02
1.263281330466270447e-02 3.340148180723190308e-02
1.412207819521427155e-02 3.303864970803260803e-02
1.507768779993057251e-02 3.193268552422523499e-02
1.704519428312778473e-02 3.117234446108341217e-02
1.670451462268829346e-02 3.277229145169258118e-02
1.541780587285757065e-02 3.251414000988006592e-02
1.685341633856296539e-02 3.395536541938781738e-02
1.555914711207151413e-02 3.057877719402313232e-02
1.455056574195623398e-02 3.141116350889205933e-02
1.298879832029342651e-02 2.909145131707191467e-02
1.368908025324344635e-02 3.063450381159782410e-02
1.154651306569576263e-02 2.996222488582134247e-02
1.495673507452011108e-02 3.092620149254798889e-02
1.339300349354743958e-02 3.075962513685226440e-02
1.326104067265987396e-02 3.220331668853759766e-02
1.402221992611885071e-02 3.221501410007476807e-02
1.606981456279754639e-02 3.217798843979835510e-02
1.516451872885227203e-02 3.297061473131179810e-02
1.287263259291648865e-02 3.329455852508544922e-02
1.263895258307456970e-02 3.312016278505325317e-02
1.128484494984149933e-02 3.534651920199394226e-02
1.213182881474494934e-02 3.293581679463386536e-02
1.722645200788974762e-02 3.378717973828315735e-02
1.699023880064487457e-02 3.549002483487129211e-02
1.399873103946447372e-02 3.612445294857025146e-02
1.589967682957649231e-02 3.803443908691406250e-02
1.435929629951715469e-02 3.551063314080238342e-02
1.751403883099555969e-02 3.806924074888229370e-02
1.422167941927909851e-02 3.895694762468338013e-02
1.536659710109233856e-02 3.643238544464111328e-02
1.514320820569992065e-02 3.629054129123687744e-02
1.566350460052490234e-02 3.426432609558105469e-02
1.627174206078052521e-02 3.274213150143623352e-02
1.614040508866310120e-02 3.575488179922103882e-02
1.851120963692665100e-02 3.758289292454719543e-02
1.574509963393211365e-02 3.401399403810501099e-02
1.602638512849807739e-02 3.662174195051193237e-02
1.896459981799125671e-02 3.881490975618362427e-02
1.798440515995025635e-02 4.290126264095306396e-02
1.765157282352447510e-02 4.036588221788406372e-02
1.832686178386211395e-02 3.867746517062187195e-02
1.769844256341457367e-02 3.605329990386962891e-02
1.837801933288574219e-02 3.633176907896995544e-02
1.892710477113723755e-02 3.316861391067504883e-02
1.928671449422836304e-02 3.699190914630889893e-02
1.964589022099971771e-02 3.398729115724563599e-02
1.970836147665977478e-02 3.598142787814140320e-02
1.976382732391357422e-02 3.729374706745147705e-02
1.753927022218704224e-02 3.494280949234962463e-02
1.514220610260963440e-02 3.205183893442153931e-02
1.601460017263889313e-02 3.055918961763381958e-02
1.548081729561090469e-02 2.697407640516757965e-02
1.543273217976093292e-02 2.772495336830615997e-02
1.641946844756603241e-02 2.816477976739406586e-02
1.530608441680669785e-02 2.992177382111549377e-02
1.704378053545951843e-02 3.004163876175880432e-02
1.802389696240425110e-02 3.013346716761589050e-02
1.793614961206912994e-02 3.041485324501991272e-02
1.800138875842094421e-02 2.939271368086338043e-02
1.709881052374839783e-02 3.015916049480438232e-02
1.664521545171737671e-02 2.782265469431877136e-02
1.689826697111129761e-02 2.979686856269836426e-02
1.760298013687133789e-02 2.927408367395401001e-02
1.712528429925441742e-02 3.038571774959564209e-02
1.702047884464263916e-02 3.124058246612548828e-02
1.691814139485359192e-02 2.808242104947566986e-02
1.705477572977542877e-02 3.122413344681262970e-02
1.746115460991859436e-02 3.156375139951705933e-02
1.736113615334033966e-02 3.193344175815582275e-02
1.458595320582389832e-02 3.074768744409084320e-02
1.428364310413599014e-02 2.909187600016593933e-02
1.391116902232170105e-02 2.942819148302078247e-02
1.464905217289924622e-02 2.962238714098930359e-02
1.433552615344524384e-02 3.109547123312950134e-02
1.307393703609704971e-02 3.025984391570091248e-02
1.429217122495174408e-02 3.234180808067321777e-02
1.552285719662904739e-02 3.048849850893020630e-02
1.403631828725337982e-02 3.148856759071350098e-02
1.430116035044193268e-02 2.906773984432220459e-02
1.472709886729717255e-02 3.059308975934982300e-02
1.394059136509895325e-02 2.916618622839450836e-02
1.125983428210020065e-02 2.995620295405387878e-02
1.371027436107397079e-02 3.217177093029022217e-02
1.405117101967334747e-02 3.059484623372554779e-02
1.656619831919670105e-02 3.308929502964019775e-02
1.540941186249256134e-02 3.147831186652183533e-02
1.361763104796409607e-02 3.141219168901443481e-02
1.416246592998504639e-02 3.033118881285190582e-02
1.518597640097141266e-02 3.436382114887237549e-02
1.701544597744941711e-02 3.441730141639709473e-02
1.494570821523666382e-02 3.147130459547042847e-02
1.434770971536636353e-02 3.125249594449996948e-02
1.383513491600751877e-02 3.250217810273170471e-02
1.385890971869230270e-02 3.255278244614601135e-02
1.253044605255126953e-02 3.253547474741935730e-02
1.103856414556503296e-02 3.152042627334594727e-02
1.207922957837581635e-02 3.322105109691619873e-02
1.109271124005317688e-02 3.581520915031433105e-02
1.187534816563129425e-02 2.899535186588764191e-02
9.379230439662933350e-03 2.848388254642486572e-02
1.221639476716518402e-02 3.152968361973762512e-02
1.277375034987926483e-02 2.789361029863357544e-02
1.264336518943309784e-02 2.933244779706001282e-02
1.269578374922275543e-02 3.147725760936737061e-02
1.135397981852293015e-02 2.991909906268119812e-02
1.164101250469684601e-02 3.083737567067146301e-02
1.418402045965194702e-02 3.070710040628910065e-02
1.117132231593132019e-02 3.017665259540081024e-02
1.229712367057800293e-02 2.936611697077751160e-02
1.143201813101768494e-02 3.211127221584320068e-02
8.362539112567901611e-03 3.058383986353874207e-02
1.202589739114046097e-02 2.948781475424766541e-02
1.288939826190471649e-02 3.249280899763107300e-02
1.126230880618095398e-02 3.257767856121063232e-02
1.256963890045881271e-02 3.224498033523559570e-02
1.413672044873237610e-02 3.404625505208969116e-02
1.125243119895458221e-02 3.091222047805786133e-02
1.213815063238143921e-02 3.200622275471687317e-02
1.204522140324115753e-02 3.456148877739906311e-02
1.040421519428491592e-02 3.503032028675079346e-02
1.093995850533246994e-02 3.185313567519187927e-02
9.599443525075912476e-03 2.872010320425033569e-02
1.088996417820453644e-02 3.151397407054901123e-02
1.056137122213840485e-02 3.511480987071990967e-02
1.124983094632625580e-02 3.062667325139045715e-02
1.327504031360149384e-02 3.224635496735572815e-02
8.606098592281341553e-03 2.924450486898422241e-02
1.257193461060523987e-02 2.725397050380706787e-02
1.430954784154891968e-02 2.917997352778911591e-02
1.319046970456838608e-02 2.719530090689659119e-02
1.133428700268268585e-02 3.110545687377452850e-02
1.297681219875812531e-02 2.709609642624855042e-02
1.428426057100296021e-02 3.154833242297172546e-02
1.274868007749319077e-02 3.401945903897285461e-02
1.264832168817520142e-02 3.444676101207733154e-02
1.662457361817359924e-02 3.391916677355766296e-02
1.548950653523206711e-02 3.288554772734642029e-02
1.693122461438179016e-02 3.375880792737007141e-02
1.701508089900016785e-02 3.567463904619216919e-02
1.530702225863933563e-02 3.296605497598648071e-02
1.210446376353502274e-02 3.099926747381687164e-02
1.273649651557207108e-02 3.247951716184616089e-02
1.353774592280387878e-02 2.699490450322628021e-02
1.081031840294599533e-02 2.744564786553382874e-02
9.718649089336395264e-03 2.443428337574005127e-02
1.128519885241985321e-02 2.832032367587089539e-02
1.122024469077587128e-02 2.708015590906143188e-02
1.284323167055845261e-02 3.145141899585723877e-02
1.156830787658691406e-02 2.897755615413188934e-02
1.201697625219821930e-02 2.477493882179260254e-02
1.438987907022237778e-02 2.609129250049591064e-02
1.454329118132591248e-02 3.070574067533016205e-02
1.717114634811878204e-02 2.691581659018993378e-02
1.639568060636520386e-02 2.935572341084480286e-02
1.546924002468585968e-02 2.928248792886734009e-02
1.504523493349552155e-02 2.970788814127445221e-02
1.576186902821063995e-02 2.877202071249485016e-02
1.564842276275157928e-02 2.953030169010162354e-02
1.739099249243736267e-02 2.928106114268302917e-02
1.701017282903194427e-02 2.358143217861652374e-02
1.451183948665857315e-02 2.381924539804458618e-02
1.579522341489791870e-02 3.529359400272369385e-02
1.328240707516670227e-02 2.420477755367755890e-02
1.116546988487243652e-02 1.888765767216682434e-02
1.376095041632652283e-02 2.562701143324375153e-02
1.370819285511970520e-02 2.584938704967498779e-02
1.572372764348983765e-02 2.897651866078376770e-02
1.697922311723232269e-02 2.959325164556503296e-02
1.717563904821872711e-02 2.979770489037036896e-02
1.816788688302040100e-02 2.872335724532604218e-02
1.655579544603824615e-02 2.865307964384555817e-02
1.837342791259288788e-02 3.538863360881805420e-02
2.047229930758476257e-02 3.571059554815292358e-02
1.842880249023437500e-02 3.051920421421527863e-02
1.615558192133903503e-02 2.756758034229278564e-02
1.598897390067577362e-02 2.842201292514801025e-02
1.781020872294902802e-02 2.943169325590133667e-02
1.779388636350631714e-02 2.728910744190216064e-02
1.708555221557617188e-02 2.716618031263351440e-02
1.556002721190452576e-02 2.410351671278476715e-02
1.634164899587631226e-02 2.496629022061824799e-02
1.397241838276386261e-02 2.837423793971538544e-02
1.468491740524768829e-02 2.834512852132320404e-02
1.579700782895088196e-02 2.764803543686866760e-02
1.748516596853733063e-02 3.023645095527172089e-02
1.756447926163673401e-02 3.132619708776473999e-02
1.843679323792457581e-02 3.295700252056121826e-02
1.710649207234382629e-02 3.104174509644508362e-02
1.919569447636604309e-02 3.234189376235008240e-02
1.893028244376182556e-02 3.417177498340606689e-02
1.745414733886718750e-02 3.544607758522033691e-02
1.815142482519149780e-02 3.747590258717536926e-02
1.641006767749786377e-02 3.419731557369232178e-02
1.833349466323852539e-02 3.212310373783111572e-02
1.777498237788677216e-02 3.253493458032608032e-02
1.772394776344299316e-02 3.054401651024818420e-02
1.732364110648632050e-02 3.236223384737968445e-02
1.633968949317932129e-02 2.987689152359962463e-02
1.630878448486328125e-02 3.295094147324562073e-02
1.688283309340476990e-02 3.136297315359115601e-02
1.767573878169059753e-02 3.276624530553817749e-02
1.757737621665000916e-02 3.382151201367378235e-02
1.713310554623603821e-02 3.151109069585800171e-02
1.834359206259250641e-02 3.210300207138061523e-02
1.632371544837951660e-02 3.365802019834518433e-02
1.789237745106220245e-02 3.294784575700759888e-02
1.527432911098003387e-02 2.919838950037956238e-02
1.552208513021469116e-02 2.875188738107681274e-02
1.430838368833065033e-02 2.869960293173789978e-02
1.420318055897951126e-02 2.706663310527801514e-02
1.431233622133731842e-02 2.728472277522087097e-02
1.489686407148838043e-02 2.898405864834785461e-02
1.540836133062839508e-02 2.818295359611511230e-02
1.664908602833747864e-02 3.373253718018531799e-02
1.526204869151115417e-02 3.353397920727729797e-02
1.394223608076572418e-02 3.142940253019332886e-02
1.462290901690721512e-02 3.043041005730628967e-02
1.428817026317119598e-02 3.068876266479492188e-02
1.357346400618553162e-02 3.358064219355583191e-02
1.264612935483455658e-02 3.419912979006767273e-02
1.552991662174463272e-02 3.331048786640167236e-02
1.495772786438465118e-02 3.372831270098686218e-02
1.713803783059120178e-02 3.531915694475173950e-02
1.563568972051143646e-02 3.513838350772857666e-02
1.630566827952861786e-02 3.658474609255790710e-02
1.445518061518669128e-02 3.477602079510688782e-02
1.526166871190071106e-02 3.452611342072486877e-02
1.369051169604063034e-02 3.412095084786415100e-02
1.499826833605766296e-02 3.449719399213790894e-02
1.482053194195032120e-02 3.223949670791625977e-02
1.411158032715320587e-02 3.148584067821502686e-02
1.456983480602502823e-02 3.056924231350421906e-02
1.570288091897964478e-02 3.145582973957061768e-02
1.624429784715175629e-02 3.348226100206375122e-02
1.692252419888973236e-02 3.326077014207839966e-02
1.907280646264553070e-02 3.565223887562751770e-02
1.737690903246402740e-02 3.551165014505386353e-02
1.717012748122215271e-02 3.342203795909881592e-02
1.618073880672454834e-02 3.367211669683456421e-02
1.657312177121639252e-02 3.365204110741615295e-02
1.503222156316041946e-02 3.398578613996505737e-02
1.443876978009939194e-02 3.518168628215789795e-02
1.680882275104522705e-02 3.878496587276458740e-02
1.619681902229785919e-02 3.553168475627899170e-02
1.714119315147399902e-02 3.866066411137580872e-02
2.099710330367088318e-02 4.499490559101104736e-02
2.131201326847076416e-02 4.572567343711853027e-02
2.017191424965858459e-02 4.664439707994461060e-02
1.904913596808910370e-02 4.478266835212707520e-02
1.742428541183471680e-02 4.178904742002487183e-02
2.273031882941722870e-02 4.661954194307327271e-02
2.409680746495723724e-02 4.866021126508712769e-02
2.777408249676227570e-02 4.756063222885131836e-02
2.885824441909790039e-02 4.551823809742927551e-02
2.118529379367828369e-02 4.030644148588180542e-02
2.000977657735347748e-02 3.519619256258010864e-02
2.012231759727001190e-02 3.473729640245437622e-02
1.707484945654869080e-02 3.085665963590145111e-02
2.177052199840545654e-02 3.322543948888778687e-02
2.111989632248878479e-02 3.725511953234672546e-02
1.708613708615303040e-02 3.068498894572257996e-02
1.609202474355697632e-02 2.946333400905132294e-02
1.170752104371786118e-02 3.045816905796527863e-02
9.881105273962020874e-03 2.970383130013942719e-02
7.616274058818817139e-03 2.684342302381992340e-02
6.017111241817474365e-03 2.904328703880310059e-02
5.151096731424331665e-03 2.276105061173439026e-02
1.281120162457227707e-02 3.498339653015136719e-02
1.038215681910514832e-02 3.147960454225540161e-02
1.381666958332061768e-02 3.690899163484573364e-02
2.466554194688796997e-02 4.203404113650321960e-02
1.777916960418224335e-02 3.757435828447341919e-02
1.652047224342823029e-02 3.336104750633239746e-02
1.467712409794330597e-02 3.470904007554054260e-02
1.336040161550045013e-02 3.229168057441711426e-02
1.561869122087955475e-02 3.271742537617683411e-02
1.772139593958854675e-02 3.157322853803634644e-02
1.606062985956668854e-02 3.303548321127891541e-02
1.453596446663141251e-02 2.945225685834884644e-02
1.592584699392318726e-02 2.768587321043014526e-02
1.387909241020679474e-02 3.070018813014030457e-02
1.391037181019783020e-02 2.809087373316287994e-02
1.047468557953834534e-02 2.470251359045505524e-02
9.361799806356430054e-03 1.833021454513072968e-02
1.321570482105016708e-02 9.815653786063194275e-03
1.525470893830060959e-02 1.005369331687688828e-02
1.311472803354263306e-02 7.932294160127639771e-03
1.879412494599819183e-02 2.819610759615898132e-02
1.986808888614177704e-02 2.462456375360488892e-02
1.809801906347274780e-02 2.116124704480171204e-02
1.406196691095829010e-02 2.554894052445888519e-02
1.244977302849292755e-02 3.243392705917358398e-02
1.343163289129734039e-02 3.108555823564529419e-02
1.127840206027030945e-02 3.187584131956100464e-02
1.213589496910572052e-02 3.556888550519943237e-02
8.438639342784881592e-03 3.221449255943298340e-02
1.102547720074653625e-02 2.946186810731887817e-02
1.063898764550685883e-02 2.887427248060703278e-02
1.226446870714426041e-02 2.647189982235431671e-02
1.303607784211635590e-02 2.769263274967670441e-02
1.147223077714443207e-02 2.519245631992816925e-02
1.301389466971158981e-02 2.020280621945858002e-02
1.211308594793081284e-02 2.501467242836952209e-02
1.219664700329303741e-02 2.320978417992591858e-02
1.410752162337303162e-02 2.538139745593070984e-02
1.257522962987422943e-02 2.290386892855167389e-02
1.323682442307472229e-02 2.476817369461059570e-02
1.427927333861589432e-02 2.270421385765075684e-02
1.400484237819910049e-02 2.301799133419990540e-02
1.392639987170696259e-02 2.486958540976047516e-02
1.226355694234371185e-02 2.411186508834362030e-02
1.289337500929832458e-02 2.364172786474227905e-02
1.225614361464977264e-02 2.137091383337974548e-02
1.443003490567207336e-02 2.684923820197582245e-02
1.483878213912248611e-02 2.766941115260124207e-02
1.480464823544025421e-02 2.821060642600059509e-02
1.577584259212017059e-02 2.863312698900699615e-02
1.433387584984302521e-02 2.679441124200820923e-02
1.511443592607975006e-02 2.574658207595348358e-02
1.476716995239257812e-02 2.614945918321609497e-02
1.514580473303794861e-02 2.505059167742729187e-02
1.366472430527210236e-02 2.449022047221660614e-02
1.366569101810455322e-02 2.564376592636108398e-02
1.533102989196777344e-02 2.692185156047344208e-02
1.416659727692604065e-02 2.638404630124568939e-02
1.547850016504526138e-02 2.743067033588886261e-02
1.537789218127727509e-02 2.775101549923419952e-02
1.508199423551559448e-02 2.820493839681148529e-02
1.401513069868087769e-02 2.782956138253211975e-02
1.400331966578960419e-02 2.982068061828613281e-02
1.464935578405857086e-02 2.840908616781234741e-02
1.446675788611173630e-02 2.871361188590526581e-02
1.482914015650749207e-02 3.052245453000068665e-02
1.349289342761039734e-02 3.166469931602478027e-02
1.444344408810138702e-02 3.161922097206115723e-02
1.475257705897092819e-02 3.008752502501010895e-02
1.600648649036884308e-02 3.199769183993339539e-02
1.660727709531784058e-02 3.081437386572360992e-02
1.448755152523517609e-02 3.064624033868312836e-02
1.378524117171764374e-02 3.188558295369148254e-02
1.381882000714540482e-02 2.979717776179313660e-02
1.136763021349906921e-02 3.085902892053127289e-02
1.196184940636157990e-02 3.051220811903476715e-02
1.338263414800167084e-02 3.008535876870155334e-02
1.526759751141071320e-02 2.984073944389820099e-02
1.554052811115980148e-02 2.703235857188701630e-02
1.613466441631317139e-02 2.876601181924343109e-02
1.610560342669487000e-02 2.837523445487022400e-02
1.634835824370384216e-02 2.862614579498767853e-02
1.493488065898418427e-02 2.787718921899795532e-02
1.470173522830009460e-02 2.641813643276691437e-02
1.601005345582962036e-02 3.003711998462677002e-02
1.645659282803535461e-02 2.842201292514801025e-02
1.726702228188514709e-02 2.947931364178657532e-02
1.698309183120727539e-02 2.910022065043449402e-02
1.640965789556503296e-02 3.124075196683406830e-02
1.824064739048480988e-02 2.913337200880050659e-02
1.723985373973846436e-02 2.915082685649394989e-02
1.796966791152954102e-02 2.873618900775909424e-02
1.834817416965961456e-02 2.747660130262374878e-02
1.722445338964462280e-02 2.836919575929641724e-02
1.674934476613998413e-02 2.922425791621208191e-02
1.622846163809299469e-02 2.924423478543758392e-02
1.835281401872634888e-02 2.871478162705898285e-02
1.793249137699604034e-02 2.753164991736412048e-02
1.770722679793834686e-02 2.669857628643512726e-02
1.745185442268848419e-02 2.753755263984203339e-02
1.710267364978790283e-02 2.615093626081943512e-02
1.733545958995819092e-02 2.877134457230567932e-02
1.759355515241622925e-02 2.699560299515724182e-02
1.706593111157417297e-02 2.552931383252143860e-02
1.657977886497974396e-02 2.437564916908740997e-02
1.656028628349304199e-02 2.773551456630229950e-02
1.703921705484390259e-02 2.764235623180866241e-02
1.747648790478706360e-02 2.847255580127239227e-02
1.700406335294246674e-02 2.714346162974834442e-02
1.776211708784103394e-02 2.933527342975139618e-02
1.533097587525844574e-02 2.755937166512012482e-02
1.623011380434036255e-02 2.848231792449951172e-02
1.767803914844989777e-02 3.074771165847778320e-02
1.823909394443035126e-02 3.013020753860473633e-02
1.727494038641452789e-02 2.743483521044254303e-02
1.850461959838867188e-02 2.712892740964889526e-02
1.879276335239410400e-02 2.693465165793895721e-02
1.857403665781021118e-02 2.963847480714321136e-02
1.835946366190910339e-02 2.743589133024215698e-02
1.832937635481357574e-02 2.956971526145935059e-02
1.860679127275943756e-02 3.002804331481456757e-02
1.880853064358234406e-02 2.873986773192882538e-02
1.677741296589374542e-02 3.010870702564716339e-02
1.784791052341461182e-02 2.773814648389816284e-02
1.785786263644695282e-02 2.640529908239841461e-02
1.744871027767658234e-02 2.782261557877063751e-02
1.850399002432823181e-02 2.650147117674350739e-02
1.823903620243072510e-02 2.689801342785358429e-02
1.912369206547737122e-02 2.700535766780376434e-02
1.629660278558731079e-02 2.719489857554435730e-02
1.562451571226119995e-02 2.692336961627006531e-02
1.803145557641983032e-02 2.771960385143756866e-02
1.657249033451080322e-02 2.803675457835197449e-02
1.640347018837928772e-02 2.708838135004043579e-02
1.633104681968688965e-02 2.932431362569332123e-02
1.804016903042793274e-02 2.577888034284114838e-02
1.784731447696685791e-02 2.417385764420032501e-02
1.817139983177185059e-02 2.599418908357620239e-02
1.717826910316944122e-02 2.319332957267761230e-02
1.504530198872089386e-02 2.245862968266010284e-02
1.758540607988834381e-02 2.504861913621425629e-02
1.767313480377197266e-02 2.881897240877151489e-02
1.297910325229167938e-02 1.931983977556228638e-02
1.267477869987487793e-02 2.036750689148902893e-02
1.327874697744846344e-02 2.128130570054054260e-02
1.340445131063461304e-02 2.509281598031520844e-02
1.253944542258977890e-02 2.742904424667358398e-02
1.664406247437000275e-02 2.914533391594886780e-02
1.424201391637325287e-02 2.652817033231258392e-02
1.638997532427310944e-02 2.907710522413253784e-02
1.784532889723777771e-02 3.102061897516250610e-02
1.796337589621543884e-02 3.012524358928203583e-02
1.892888173460960388e-02 2.704260498285293579e-02
1.832146197557449341e-02 2.794100157916545868e-02
1.707470789551734924e-02 2.462852001190185547e-02
1.718530431389808655e-02 2.478737384080886841e-02
1.930344849824905396e-02 3.374705463647842407e-02
1.919868029654026031e-02 2.876967377960681915e-02
1.695339009165763855e-02 2.348789572715759277e-02
1.771003007888793945e-02 2.687831223011016846e-02
1.910110563039779663e-02 2.905777283012866974e-02
1.836541295051574707e-02 2.729570865631103516e-02
1.669501513242721558e-02 2.710686437785625458e-02
1.756035909056663513e-02 2.821736223995685577e-02
1.849040947854518890e-02 2.645108290016651154e-02
1.726932823657989502e-02 2.693955227732658386e-02
2.058822847902774811e-02 3.356324136257171631e-02
1.745439693331718445e-02 3.306847438216209412e-02
1.906285062432289124e-02 2.934751287102699280e-02
1.748309284448623657e-02 3.089119680225849152e-02
1.915904879570007324e-02 2.974855154752731323e-02
1.905010640621185303e-02 3.202533349394798279e-02
2.220882661640644073e-02 3.359955549240112305e-02
1.910182088613510132e-02 3.012775629758834839e-02
2.068380638957023621e-02 3.051720187067985535e-02
1.952553540468215942e-02 2.740230970084667206e-02
1.941764727234840393e-02 2.439245954155921936e-02
1.828524656593799591e-02 3.073057532310485840e-02
1.762085966765880585e-02 2.996658161282539368e-02
1.797984540462493896e-02 2.893093228340148926e-02
1.756143011152744293e-02 3.079973533749580383e-02
1.787373051047325134e-02 3.255391865968704224e-02
1.805614680051803589e-02 3.443583101034164429e-02
1.728999614715576172e-02 2.802876383066177368e-02
1.780507713556289673e-02 3.080624528229236603e-02
1.938358508050441742e-02 3.334563970565795898e-02
1.851286739110946655e-02 3.089740686118602753e-02
1.735362969338893890e-02 3.008837066590785980e-02
1.877795718610286713e-02 3.120009601116180420e-02
1.838677003979682922e-02 2.966049313545227051e-02
1.473085954785346985e-02 2.966920100152492523e-02
1.477422192692756653e-02 2.782367356121540070e-02
1.715836115181446075e-02 3.029616177082061768e-02
1.852089166641235352e-02 2.824316732585430145e-02
1.752100698649883270e-02 2.905413694679737091e-02
1.644228585064411163e-02 2.732778154313564301e-02
1.620870083570480347e-02 2.431535534560680389e-02
1.704654097557067871e-02 2.670650556683540344e-02
1.715605333447456360e-02 3.024765104055404663e-02
1.783320307731628418e-02 2.723300457000732422e-02
1.910680904984474182e-02 2.808938547968864441e-02
1.862885989248752594e-02 2.970347180962562561e-02
1.866431348025798798e-02 2.973204664885997772e-02
1.799978502094745636e-02 3.173381835222244263e-02
1.564729772508144379e-02 2.812403254210948944e-02
1.885180547833442688e-02 2.983845956623554230e-02
1.872535236179828644e-02 3.059887327253818512e-02
1.972932927310466766e-02 3.353582695126533508e-02
1.871691644191741943e-02 3.135376051068305969e-02
1.974073797464370728e-02 2.916381321847438812e-02
1.971373707056045532e-02 3.294576704502105713e-02
1.866382732987403870e-02 2.951580844819545746e-02
2.087718807160854340e-02 2.940772473812103271e-02
2.017152309417724609e-02 3.034670464694499969e-02
1.763634756207466125e-02 3.057507984340190887e-02
1.762788370251655579e-02 3.075537830591201782e-02
1.771014556288719177e-02 3.070019371807575226e-02
1.723578758537769318e-02 2.854373492300510406e-02
1.842297799885272980e-02 2.775054425001144409e-02
1.735667884349822998e-02 2.818198129534721375e-02
1.845424622297286987e-02 2.883470058441162109e-02
1.864428631961345673e-02 2.768995240330696106e-02
1.750672981142997742e-02 2.761654183268547058e-02
1.829334534704685211e-02 2.962088957428932190e-02
1.720350608229637146e-02 2.989020571112632751e-02
1.769922114908695221e-02 2.889947779476642609e-02
1.760323904454708099e-02 2.944748476147651672e-02
1.901078782975673676e-02 2.853273041546344757e-02
1.678311824798583984e-02 2.809599973261356354e-02
1.733291521668434143e-02 3.103690780699253082e-02
1.745972223579883575e-02 2.822528220713138580e-02
1.774949952960014343e-02 3.040736354887485504e-02
1.484956126660108566e-02 2.941536344587802887e-02
1.801804080605506897e-02 2.980494871735572815e-02
1.547240186482667923e-02 2.975466847419738770e-02
1.866901293396949768e-02 2.986824139952659607e-02
1.743932068347930908e-02 3.065260127186775208e-02
1.750142499804496765e-02 2.991174720227718353e-02
1.831758767366409302e-02 2.797607518732547760e-02
1.730408892035484314e-02 2.798746898770332336e-02
1.816582866013050079e-02 2.942664548754692078e-02
1.743921637535095215e-02 2.909543178975582123e-02
1.656499132513999939e-02 2.972000092267990112e-02
1.706568524241447449e-02 3.075291961431503296e-02
1.742524467408657074e-02 3.029792569577693939e-02
1.707600802183151245e-02 3.073133341968059540e-02
1.686343923211097717e-02 3.077910840511322021e-02
1.662687584757804871e-02 3.091073222458362579e-02
1.650365628302097321e-02 3.067341446876525879e-02
1.565003208816051483e-02 2.829421125352382660e-02
1.595976576209068298e-02 3.162846714258193970e-02
1.688695698976516724e-02 3.171165660023689270e-02
1.598051376640796661e-02 3.199224174022674561e-02
1.632443629205226898e-02 3.177682310342788696e-02
1.736046187579631805e-02 3.132329881191253662e-02
1.668232679367065430e-02 2.949912846088409424e-02
1.556378789246082306e-02 2.765557169914245605e-02
1.630796678364276886e-02 2.669376879930496216e-02
1.577170193195343018e-02 2.710947953164577484e-02
1.686310023069381714e-02 2.732390910387039185e-02
1.735152676701545715e-02 2.880664914846420288e-02
1.749126613140106201e-02 2.879215963184833527e-02
1.665504276752471924e-02 2.799681015312671661e-02
1.662827096879482269e-02 2.889697626233100891e-02
1.641703769564628601e-02 2.767055109143257141e-02
1.599298231303691864e-02 2.706797420978546143e-02
1.614445075392723083e-02 2.699732035398483276e-02
1.610803790390491486e-02 2.718141116201877594e-02
1.642072573304176331e-02 2.798006869852542877e-02
1.550579257309436798e-02 2.760927006602287292e-02
1.580492779612541199e-02 2.737967297434806824e-02
1.634215191006660461e-02 2.639120072126388550e-02
1.626688241958618164e-02 2.702399156987667084e-02
1.720867492258548737e-02 2.851960249245166779e-02
1.662825793027877808e-02 2.909779176115989685e-02
1.586519926786422729e-02 2.829601243138313293e-02
1.538617350161075592e-02 3.000166453421115875e-02
1.625731959939002991e-02 2.834288589656352997e-02
1.636104285717010498e-02 2.883883006870746613e-02
1.710763759911060333e-02 2.863018028438091278e-02
1.679143123328685760e-02 3.020877204835414886e-02
1.583914831280708313e-02 3.102988563477993011e-02
1.550550386309623718e-02 2.980076335370540619e-02
1.621748320758342743e-02 3.058943152427673340e-02
1.665345951914787292e-02 3.000214695930480957e-02
1.738605648279190063e-02 3.227402642369270325e-02
1.759386248886585236e-02 3.058172389864921570e-02
1.761164888739585876e-02 3.253691643476486206e-02
1.746740937232971191e-02 3.018286265432834625e-02
1.675871014595031738e-02 2.947060577571392059e-02
1.633327454328536987e-02 3.070324659347534180e-02
1.441110298037528992e-02 2.795805782079696655e-02
1.511210855096578598e-02 2.936345152556896210e-02
1.529706642031669617e-02 2.877218276262283325e-02
1.299978606402873993e-02 2.829405292868614197e-02
1.426688581705093384e-02 3.236686438322067261e-02
1.521275751292705536e-02 3.316036239266395569e-02
1.571633480489253998e-02 3.196595609188079834e-02
1.592715457081794739e-02 3.101189434528350830e-02
1.667502522468566895e-02 2.989971265196800232e-02
1.701839640736579895e-02 3.048108331859111786e-02
1.674265414476394653e-02 3.043056838214397430e-02
1.616211235523223877e-02 3.063646331429481506e-02
1.648093573749065399e-02 3.211065381765365601e-02
1.604132167994976044e-02 3.264924511313438416e-02
1.831122301518917084e-02 3.459531068801879883e-02
1.838187314569950104e-02 3.627509623765945435e-02
1.804975792765617371e-02 3.378171473741531372e-02
1.901677250862121582e-02 3.583260253071784973e-02
1.875728368759155273e-02 3.277968987822532654e-02
1.673438586294651031e-02 2.988063171505928040e-02
1.470543071627616882e-02 3.031396865844726562e-02
1.357425376772880554e-02 2.877259813249111176e-02
1.287093758583068848e-02 2.881717309355735779e-02
1.331319846212863922e-02 2.956149727106094360e-02
1.296877302229404449e-02 2.898504212498664856e-02
1.412336900830268860e-02 3.083768486976623535e-02
1.310627814382314682e-02 2.824881114065647125e-02
1.332600228488445282e-02 2.842043340206146240e-02
1.386573538184165955e-02 2.906735055148601532e-02
1.219181530177593231e-02 3.006798587739467621e-02
1.206116750836372375e-02 3.108638897538185120e-02
1.233975030481815338e-02 3.338020667433738708e-02
1.232930831611156464e-02 3.251366317272186279e-02
1.348599791526794434e-02 3.030937165021896362e-02
1.402581389993429184e-02 3.140446171164512634e-02
1.356854196637868881e-02 3.172851353883743286e-02
1.414212677627801895e-02 2.993397973477840424e-02
1.378154568374156952e-02 3.033455647528171539e-02
1.486247871071100235e-02 2.793275937438011169e-02
1.329667866230010986e-02 2.558070607483386993e-02
1.488907448947429657e-02 2.745335921645164490e-02
1.385403331369161606e-02 2.528364025056362152e-02
1.570693403482437134e-02 2.880006097257137299e-02
1.560319028794765472e-02 2.602929249405860901e-02
1.688909158110618591e-02 2.813802845776081085e-02
1.729863509535789490e-02 2.804004773497581482e-02
1.665954850614070892e-02 3.119493275880813599e-02
1.482139155268669128e-02 2.337353490293025970e-02
1.526565663516521454e-02 2.661901339888572693e-02
1.350237429141998291e-02 2.606066688895225525e-02
1.461357623338699341e-02 2.804040350019931793e-02
1.492296159267425537e-02 3.408004343509674072e-02
1.292697153985500336e-02 3.056096285581588745e-02
1.327980030328035355e-02 3.216748684644699097e-02
1.406477205455303192e-02 3.070072643458843231e-02
1.642331480979919434e-02 3.521288931369781494e-02
1.803614757955074310e-02 3.758329525589942932e-02
1.529432274401187897e-02 3.436964377760887146e-02
1.637815497815608978e-02 3.538354858756065369e-02
1.427637785673141479e-02 3.288460522890090942e-02
1.413174811750650406e-02 2.985970303416252136e-02
1.397949643433094025e-02 3.128255531191825867e-02
1.462523173540830612e-02 2.881268784403800964e-02
1.406393479555845261e-02 2.627777121961116791e-02
1.470448914915323257e-02 2.831085957586765289e-02
1.492040138691663742e-02 2.781749889254570007e-02
1.596055179834365845e-02 2.699272334575653076e-02
1.426009088754653931e-02 2.863427437841892242e-02
1.490595377981662750e-02 2.759749069809913635e-02
1.522425748407840729e-02 2.615591883659362793e-02
1.548596285283565521e-02 3.097808361053466797e-02
1.540776342153549194e-02 2.952260337769985199e-02
1.437848526984453201e-02 2.986146882176399231e-02
1.390744838863611221e-02 2.873040735721588135e-02
1.435838546603918076e-02 2.912104502320289612e-02
1.374237705022096634e-02 3.001104295253753662e-02
1.367135997861623764e-02 2.818639948964118958e-02
1.444428134709596634e-02 2.693965472280979156e-02
1.554807834327220917e-02 2.793627418577671051e-02
1.473245583474636078e-02 3.007623925805091858e-02
1.522348262369632721e-02 2.858271449804306030e-02
1.360272988677024841e-02 3.157914429903030396e-02
1.497102156281471252e-02 3.043399006128311157e-02
1.439879648387432098e-02 2.942991256713867188e-02
1.309781242161989212e-02 2.772486209869384766e-02
1.190514490008354187e-02 2.937855944037437439e-02
1.254192180931568146e-02 2.729756198823451996e-02
1.504763402044773102e-02 3.507646545767784119e-02
1.481155492365360260e-02 3.488955646753311157e-02
1.641531847417354584e-02 3.505024313926696777e-02
1.256983261555433273e-02 2.710605412721633911e-02
1.575271971523761749e-02 3.373489528894424438e-02
1.531337015330791473e-02 3.216844797134399414e-02
1.547966431826353073e-02 2.978977188467979431e-02
1.667254976928234100e-02 2.926277741789817810e-02
1.574420928955078125e-02 2.996549196541309357e-02
1.889700628817081451e-02 3.301953151822090149e-02
1.915747486054897308e-02 3.674700111150741577e-02
1.881815120577812195e-02 3.554148226976394653e-02
1.657100394368171692e-02 3.205397352576255798e-02
1.779000833630561829e-02 3.336495906114578247e-02
1.817777566611766815e-02 3.452574834227561951e-02
1.717335171997547150e-02 3.583042323589324951e-02
1.652605272829532623e-02 3.850690647959709167e-02
1.888392120599746704e-02 3.750052303075790405e-02
1.749011874198913574e-02 3.614656254649162292e-02
1.734455488622188568e-02 3.520914167165756226e-02
1.723179221153259277e-02 3.432204574346542358e-02
1.643718220293521881e-02 3.507665544748306274e-02
1.451421435922384262e-02 3.459806740283966064e-02
1.723754592239856720e-02 4.118628799915313721e-02
1.510898955166339874e-02 3.335709124803543091e-02
1.679773442447185516e-02 3.421590104699134827e-02
1.684003695845603943e-02 3.486036509275436401e-02
2.011194080114364624e-02 3.490895032882690430e-02
2.264983952045440674e-02 3.939722105860710144e-02
1.962205581367015839e-02 3.744655847549438477e-02
2.021394297480583191e-02 3.751994669437408447e-02
2.045976743102073669e-02 3.957096487283706665e-02
2.028987184166908264e-02 3.936971351504325867e-02
1.796745508909225464e-02 3.961205482482910156e-02
1.929534412920475006e-02 3.584543243050575256e-02
1.788809150457382202e-02 3.686204925179481506e-02
1.841375604271888733e-02 3.417112678289413452e-02
1.757520996034145355e-02 3.653976321220397949e-02
1.631568372249603271e-02 3.622024133801460266e-02
1.751746796071529388e-02 3.627142682671546936e-02
1.721960119903087616e-02 3.224658593535423279e-02
1.627994142472743988e-02 3.011933714151382446e-02
1.584059745073318481e-02 3.204564377665519714e-02
1.669412106275558472e-02 3.334939107298851013e-02
1.734166592359542847e-02 3.287624195218086243e-02
1.833274587988853455e-02 3.499189391732215881e-02
1.885784044861793518e-02 3.668906912207603455e-02
1.785056106746196747e-02 3.608838468790054321e-02
1.818837970495223999e-02 3.728853166103363037e-02
1.971571519970893860e-02 3.773456811904907227e-02
1.890978217124938965e-02 3.890771791338920593e-02
2.031350880861282349e-02 3.942792117595672607e-02
2.026235684752464294e-02 3.924223780632019043e-02
1.934595219790935516e-02 3.924359381198883057e-02
1.763270422816276550e-02 3.833531960844993591e-02
1.652444712817668915e-02 3.398452699184417725e-02
1.556631177663803101e-02 3.641302883625030518e-02
1.633222959935665131e-02 3.629482537508010864e-02
1.753859221935272217e-02 3.664647042751312256e-02
1.862405613064765930e-02 3.762611746788024902e-02
1.745197176933288574e-02 3.366041928529739380e-02
1.877491362392902374e-02 3.279067575931549072e-02
1.884900033473968506e-02 3.229555487632751465e-02
2.044634893536567688e-02 3.301033750176429749e-02
2.042238600552082062e-02 3.393426910042762756e-02
2.082206867635250092e-02 3.444429859519004822e-02
2.178087830543518066e-02 3.786424919962882996e-02
1.864457130432128906e-02 3.765337169170379639e-02
1.897766254842281342e-02 3.329562768340110779e-02
2.006917819380760193e-02 3.462737798690795898e-02
1.755518093705177307e-02 3.344017267227172852e-02
1.658224314451217651e-02 3.172391280531883240e-02
1.838200353085994720e-02 3.297578170895576477e-02
1.790121570229530334e-02 3.265434131026268005e-02
1.702066138386726379e-02 3.016878291964530945e-02
1.678756065666675568e-02 3.130427747964859009e-02
1.686378568410873413e-02 3.478503972291946411e-02
1.613941043615341187e-02 3.598047420382499695e-02
1.649750955402851105e-02 3.651894629001617432e-02
1.663934066891670227e-02 3.441636264324188232e-02
1.805412769317626953e-02 3.685118630528450012e-02
1.695719733834266663e-02 3.375241905450820923e-02
1.739966124296188354e-02 3.808537870645523071e-02
1.825744099915027618e-02 3.641111403703689575e-02
1.864500343799591064e-02 3.319479897618293762e-02
1.707009784877300262e-02 3.456598892807960510e-02
1.683626323938369751e-02 3.570790588855743408e-02
1.613198406994342804e-02 3.504247963428497314e-02
1.742839440703392029e-02 3.685168176889419556e-02
1.641353219747543335e-02 3.621478378772735596e-02
1.591871865093708038e-02 3.389700502157211304e-02
1.561019849032163620e-02 3.520043939352035522e-02
1.487900968641042709e-02 3.659429401159286499e-02
1.437119022011756897e-02 3.484795615077018738e-02
1.498711295425891876e-02 3.768099099397659302e-02
1.435161009430885315e-02 3.561118990182876587e-02
1.592135429382324219e-02 3.655314445495605469e-02
1.510675903409719467e-02 3.301222249865531921e-02
1.581189595162868500e-02 3.365861624479293823e-02
1.798313111066818237e-02 3.717920556664466858e-02
1.796472445130348206e-02 3.440390527248382568e-02
1.563778705894947052e-02 3.372018784284591675e-02
1.683027669787406921e-02 3.479394316673278809e-02
2.109091542661190033e-02 3.741110861301422119e-02
1.940540410578250885e-02 3.799627348780632019e-02
1.711646467447280884e-02 3.610645234584808350e-02
1.757793501019477844e-02 3.495406359434127808e-02
1.632077619433403015e-02 3.277872502803802490e-02
1.818776130676269531e-02 3.356907144188880920e-02
1.763590052723884583e-02 3.524876385927200317e-02
1.662083528935909271e-02 3.413619101047515869e-02
1.649078913033008575e-02 3.118309564888477325e-02
1.517703849822282791e-02 3.043164685368537903e-02
1.481266412883996964e-02 3.047412820160388947e-02
1.514819823205471039e-02 3.008906170725822449e-02
1.365251466631889343e-02 2.949480898678302765e-02
1.404536142945289612e-02 2.902575396001338959e-02
1.469434425234794617e-02 2.903038635849952698e-02
1.494018360972404480e-02 2.844951674342155457e-02
1.482177712023258209e-02 2.874976210296154022e-02
1.459370367228984833e-02 2.947817370295524597e-02
1.586766913533210754e-02 2.840180136263370514e-02
1.405831240117549896e-02 2.910215966403484344e-02
1.523458212614059448e-02 2.977720089256763458e-02
1.404551602900028229e-02 2.738911844789981842e-02
1.370957121253013611e-02 2.725769579410552979e-02
1.350926700979471207e-02 2.860611490905284882e-02
1.441056653857231140e-02 2.860361896455287933e-02
1.361212320625782013e-02 2.814375795423984528e-02
1.498094201087951660e-02 2.799027971923351288e-02
1.440556347370147705e-02 2.823845110833644867e-02
1.516232825815677643e-02 3.191141411662101746e-02
1.382218394428491592e-02 2.980498224496841431e-02
1.490099914371967316e-02 2.989955246448516846e-02
1.514907088130712509e-02 3.031128086149692535e-02
1.701150089502334595e-02 3.107067197561264038e-02
1.491905562579631805e-02 2.791561372578144073e-02
1.332037150859832764e-02 2.864495664834976196e-02
1.330311968922615051e-02 2.807583659887313843e-02
1.384004857391119003e-02 2.839845046401023865e-02
1.414237916469573975e-02 2.879107557237148285e-02
1.493992842733860016e-02 3.128680214285850525e-02
1.693650893867015839e-02 3.488402813673019409e-02
1.741654612123966217e-02 3.375208750367164612e-02
1.691988855600357056e-02 3.340172022581100464e-02
1.660633832216262817e-02 3.130089491605758667e-02
1.513677835464477539e-02 3.235065937042236328e-02
1.407970953732728958e-02 2.985091879963874817e-02
1.432614214718341827e-02 3.062004223465919495e-02
1.547080930322408676e-02 3.117381222546100616e-02
1.545331720262765884e-02 2.938124909996986389e-02
1.607663370668888092e-02 3.121520951390266418e-02
1.653332076966762543e-02 3.127479553222656250e-02
1.498125307261943817e-02 3.030490130186080933e-02
1.544041000306606293e-02 2.835155650973320007e-02
1.605796813964843750e-02 3.041192889213562012e-02
1.665042154490947723e-02 2.993480861186981201e-02
