1.844596676528453827e-02 4.845087975263595581e-02
1.904847286641597748e-02 4.596087709069252014e-02
1.641541533172130585e-02 4.570291936397552490e-02
1.562118344008922577e-02 4.605548828840255737e-02
1.461327355355024338e-02 4.582846909761428833e-02
1.284689735621213913e-02 4.410525783896446228e-02
1.314452104270458221e-02 4.491009935736656189e-02
1.109556015580892563e-02 4.276927933096885681e-02
1.098243705928325653e-02 3.986087441444396973e-02
1.171319838613271713e-02 4.083821550011634827e-02
1.589035429060459137e-02 4.150217771530151367e-02
1.730502210557460785e-02 4.039921611547470093e-02
1.572796329855918884e-02 3.778189420700073242e-02
1.838673651218414307e-02 4.199206829071044922e-02
1.669083535671234131e-02 3.944226354360580444e-02
1.935254968702793121e-02 3.982499986886978149e-02
1.969905383884906769e-02 4.586132615804672241e-02
1.628986932337284088e-02 4.206940531730651855e-02
1.715662516653537750e-02 4.087835550308227539e-02
1.693494990468025208e-02 4.270523786544799805e-02
1.803066954016685486e-02 4.359219223260879517e-02
1.775802485644817352e-02 4.257477819919586182e-02
1.648207753896713257e-02 3.960315883159637451e-02
1.337535213679075241e-02 3.670716285705566406e-02
1.471236906945705414e-02 3.781722113490104675e-02
1.448052376508712769e-02 3.607802838087081909e-02
1.363989338278770447e-02 3.163610398769378662e-02
1.519936788827180862e-02 3.960142657160758972e-02
1.350366976112127304e-02 3.784364461898803711e-02
1.169223245233297348e-02 3.437639027833938599e-02
1.243858039379119873e-02 3.949534893035888672e-02
1.283054985105991364e-02 4.283227026462554932e-02
1.513744704425334930e-02 3.976824879646301270e-02
1.386706810444593430e-02 3.514532372355461121e-02
1.547178626060485840e-02 3.532662987709045410e-02
1.591960713267326355e-02 3.424062579870223999e-02
1.628460735082626343e-02 3.251006826758384705e-02
1.606809534132480621e-02 3.368861973285675049e-02
1.554432604461908340e-02 3.412234783172607422e-02
1.635798066854476929e-02 3.628840297460556030e-02
1.651868224143981934e-02 3.596078604459762573e-02
1.834662631154060364e-02 3.479390591382980347e-02
1.654968969523906708e-02 3.224822133779525757e-02
1.684308424592018127e-02 3.322657197713851929e-02
1.718617603182792664e-02 3.710518032312393188e-02
1.681354269385337830e-02 3.764016926288604736e-02
1.441425643861293793e-02 3.755893558263778687e-02
1.208459399640560150e-02 3.494105115532875061e-02
1.550876162946224213e-02 3.683080896735191345e-02
1.567183248698711395e-02 3.663118928670883179e-02
1.499185897409915924e-02 3.998731821775436401e-02
1.449751853942871094e-02 3.817144408822059631e-02
1.565272547304630280e-02 3.462719917297363281e-02
1.663882657885551453e-02 3.322776407003402710e-02
1.529889367520809174e-02 3.710295632481575012e-02
1.764874532818794250e-02 3.338612616062164307e-02
1.797952130436897278e-02 3.301727771759033203e-02
1.912645623087882996e-02 3.570573031902313232e-02
1.646671816706657410e-02 3.345308825373649597e-02
1.579398848116397858e-02 3.465783223509788513e-02
1.507587917149066925e-02 3.689850121736526489e-02
1.896730810403823853e-02 3.684794157743453979e-02
1.729532331228256226e-02 3.669162839651107788e-02
1.817277446389198303e-02 3.843183070421218872e-02
1.842154003679752350e-02 3.808085620403289795e-02
1.549596618860960007e-02 3.649222105741500854e-02
1.544310152530670166e-02 3.728600963950157166e-02
1.342203281819820404e-02 3.508672863245010376e-02
1.560842897742986679e-02 3.538586199283599854e-02
1.760194078087806702e-02 3.827153891324996948e-02
1.713027618825435638e-02 3.910098969936370850e-02
1.752671599388122559e-02 3.873677551746368408e-02
1.401930674910545349e-02 3.396580368280410767e-02
1.559161394834518433e-02 3.593331947922706604e-02
1.362656801939010620e-02 3.646873310208320618e-02
1.237453334033489227e-02 3.595201671123504639e-02
1.178657915443181992e-02 3.366272151470184326e-02
1.506212912499904633e-02 3.425791859626770020e-02
1.470732688903808594e-02 3.353776037693023682e-02
1.098714955151081085e-02 3.734634071588516235e-02
1.345386914908885956e-02 3.843842074275016785e-02
1.684798300266265869e-02 4.066112637519836426e-02
1.246861554682254791e-02 3.855218738317489624e-02
1.172310486435890198e-02 3.487139195203781128e-02
1.317303162068128586e-02 3.231303021311759949e-02
9.896399453282356262e-03 3.810793161392211914e-02
1.404113322496414185e-02 3.428944945335388184e-02
1.338494569063186646e-02 4.009657353162765503e-02
1.499494351446628571e-02 3.931093961000442505e-02
1.582821086049079895e-02 3.157141059637069702e-02
1.150547713041305542e-02 3.445995971560478210e-02
1.626192033290863037e-02 3.550918400287628174e-02
1.444753631949424744e-02 3.612452000379562378e-02
1.791897416114807129e-02 4.004216194152832031e-02
1.280701719224452972e-02 3.489336371421813965e-02
9.238753467798233032e-03 3.535936772823333740e-02
9.397700428962707520e-03 3.258014470338821411e-02
1.174915209412574768e-02 2.804578281939029694e-02
1.372390240430831909e-02 2.928321622312068939e-02
1.609389111399650574e-02 2.883826382458209991e-02
1.233885809779167175e-02 2.818176895380020142e-02
1.254670042544603348e-02 3.198802843689918518e-02
1.199909672141075134e-02 2.908825874328613281e-02
9.858429431915283203e-03 2.986247092485427856e-02
1.564439572393894196e-02 3.340903297066688538e-02
1.478897593915462494e-02 2.929333783686161041e-02
1.614766940474510193e-02 3.132901340723037720e-02
1.464131847023963928e-02 3.528497368097305298e-02
1.498362794518470764e-02 3.190153464674949646e-02
1.655362546443939209e-02 3.434696793556213379e-02
1.606569997966289520e-02 3.320143744349479675e-02
1.553551480174064636e-02 3.005196154117584229e-02
1.265756599605083466e-02 3.084446862339973450e-02
1.181486435234546661e-02 3.223211318254470825e-02
1.421846728771924973e-02 2.919806540012359619e-02
1.392557658255100250e-02 2.788394130766391754e-02
1.407353952527046204e-02 3.122516162693500519e-02
1.624053157866001129e-02 3.233208507299423218e-02
1.595612429082393646e-02 3.106856718659400940e-02
1.539659593254327774e-02 3.159891441464424133e-02
1.551622897386550903e-02 3.138159587979316711e-02
1.628610119223594666e-02 3.455617278814315796e-02
1.388888433575630188e-02 3.397580981254577637e-02
1.310532540082931519e-02 4.117227345705032349e-02
1.812360808253288269e-02 3.488156944513320923e-02
1.573562808334827423e-02 3.395694866776466370e-02
1.579297706484794617e-02 3.438950702548027039e-02
1.607608795166015625e-02 2.983308583498001099e-02
1.105457358062267303e-02 3.039073757827281952e-02
1.328991446644067764e-02 3.042618744075298309e-02
1.445361599326133728e-02 3.419318795204162598e-02
1.488866284489631653e-02 3.718083351850509644e-02
1.196385826915502548e-02 3.167122974991798401e-02
1.039147842675447464e-02 3.221534192562103271e-02
1.468576677143573761e-02 3.111577220261096954e-02
1.586391590535640717e-02 2.943106740713119507e-02
1.645717024803161621e-02 3.008040413260459900e-02
1.593634113669395447e-02 3.040994144976139069e-02
1.557672955095767975e-02 3.074532374739646912e-02
1.533751934766769409e-02 3.086428344249725342e-02
1.533710956573486328e-02 3.138075396418571472e-02
1.620965823531150818e-02 3.142851963639259338e-02
1.452045142650604248e-02 3.328420594334602356e-02
1.561903953552246094e-02 3.128944709897041321e-02
1.402802392840385437e-02 3.325838223099708557e-02
1.432105898857116699e-02 3.134929016232490540e-02
1.407471671700477600e-02 3.275094926357269287e-02
1.566014438867568970e-02 3.203186020255088806e-02
1.500300597399473190e-02 3.184860199689865112e-02
1.456735283136367798e-02 3.205604106187820435e-02
1.501717232167720795e-02 3.088661283254623413e-02
1.377180963754653931e-02 3.319918364286422729e-02
1.357994135469198227e-02 3.418479859828948975e-02
1.457471027970314026e-02 3.344889730215072632e-02
1.351956184953451157e-02 3.513569757342338562e-02
1.203970052301883698e-02 3.420972824096679688e-02
1.337222941219806671e-02 3.160655871033668518e-02
1.275144517421722412e-02 3.207726404070854187e-02
1.430857554078102112e-02 3.114926628768444061e-02
1.346727460622787476e-02 3.027755208313465118e-02
1.355553790926933289e-02 3.049439005553722382e-02
1.350735686719417572e-02 3.284619003534317017e-02
1.461403351277112961e-02 3.230027854442596436e-02
1.423961482942104340e-02 3.077630698680877686e-02
1.312198303639888763e-02 3.181907907128334045e-02
1.258475519716739655e-02 3.212667256593704224e-02
1.302015595138072968e-02 3.239093720912933350e-02
1.404977217316627502e-02 3.319647908210754395e-02
1.478213630616664886e-02 3.179765865206718445e-02
1.520087569952011108e-02 3.475841879844665527e-02
1.298365928232669830e-02 3.682990372180938721e-02
1.333267614245414734e-02 3.600379824638366699e-02
1.730307191610336304e-02 3.648159652948379517e-02
1.480218954384326935e-02 3.547315299510955811e-02
1.538835465908050537e-02 3.353786841034889221e-02
1.419586874544620514e-02 3.716932982206344604e-02
1.512014772742986679e-02 3.568186238408088684e-02
1.630839891731739044e-02 3.280308842658996582e-02
1.476825866848230362e-02 3.503422811627388000e-02
1.235553249716758728e-02 2.781377173960208893e-02
1.407203264534473419e-02 3.235314786434173584e-02
1.391594111919403076e-02 3.224201872944831848e-02
1.438264362514019012e-02 3.374078124761581421e-02
1.532468013465404510e-02 3.233145177364349365e-02
1.545678637921810150e-02 3.321814909577369690e-02
1.505708508193492889e-02 3.388012945652008057e-02
1.555988937616348267e-02 3.352722525596618652e-02
1.516931690275669098e-02 3.335621953010559082e-02
1.669043675065040588e-02 3.287192434072494507e-02
1.614570431411266327e-02 3.437569737434387207e-02
1.661602035164833069e-02 3.426969796419143677e-02
1.609342359006404877e-02 3.231191635131835938e-02
1.522540301084518433e-02 3.187123313546180725e-02
1.561917830258607864e-02 3.174724802374839783e-02
1.581803523004055023e-02 3.471561148762702942e-02
1.781164854764938354e-02 3.365920484066009521e-02
1.632406376302242279e-02 3.306493908166885376e-02
1.749198883771896362e-02 3.310454636812210083e-02
1.835178583860397339e-02 3.394044935703277588e-02
1.764734461903572083e-02 3.555124998092651367e-02
1.682125590741634369e-02 3.514276444911956787e-02
1.886738836765289307e-02 3.494289517402648926e-02
1.681462861597537994e-02 3.722858428955078125e-02
1.779725402593612671e-02 3.200252354145050049e-02
1.784770190715789795e-02 3.358159586787223816e-02
1.686819456517696381e-02 3.170029446482658386e-02
1.617269217967987061e-02 3.213988989591598511e-02
1.726887747645378113e-02 3.128781914710998535e-02
1.698310859501361847e-02 3.147237002849578857e-02
1.726383529603481293e-02 3.096630051732063293e-02
1.782613620162010193e-02 3.163855895400047302e-02
1.589102298021316528e-02 3.117265924811363220e-02
1.568451896309852600e-02 3.145211562514305115e-02
1.504177507013082504e-02 3.509435430169105530e-02
1.566196605563163757e-02 3.532155230641365051e-02
1.698129251599311829e-02 3.307075053453445435e-02
1.383872609585523605e-02 3.294773399829864502e-02
1.661449670791625977e-02 3.100766614079475403e-02
1.449578348547220230e-02 3.260691091418266296e-02
1.499562431126832962e-02 3.257342427968978882e-02
1.595136895775794983e-02 3.499302640557289124e-02
1.484755706042051315e-02 3.433240950107574463e-02
1.498526521027088165e-02 3.294387459754943848e-02
1.360873319208621979e-02 3.316303715109825134e-02
1.551505178213119507e-02 3.155407309532165527e-02
1.587351039052009583e-02 3.252900019288063049e-02
1.629524305462837219e-02 3.328393027186393738e-02
1.557022333145141602e-02 3.092367574572563171e-02
1.516209077090024948e-02 3.030500560998916626e-02
1.811195164918899536e-02 3.249658644199371338e-02
1.394590921700000763e-02 3.133409097790718079e-02
1.338889822363853455e-02 3.167675435543060303e-02
1.598783582448959351e-02 3.277894854545593262e-02
1.637592911720275879e-02 3.081172518432140350e-02
1.655330881476402283e-02 2.931975200772285461e-02
1.640442013740539551e-02 3.106947429478168488e-02
1.604154892265796661e-02 3.208388760685920715e-02
1.879871636629104614e-02 2.945034392178058624e-02
1.617132127285003662e-02 3.098584339022636414e-02
1.733534224331378937e-02 2.983722463250160217e-02
1.646809838712215424e-02 3.162315860390663147e-02
1.665065065026283264e-02 3.074525482952594757e-02
1.667882502079010010e-02 2.933343127369880676e-02
1.738942973315715790e-02 2.990952879190444946e-02
1.761765405535697937e-02 3.084547817707061768e-02
1.678169891238212585e-02 2.940994501113891602e-02
1.639613136649131775e-02 3.210741281509399414e-02
1.541996654123067856e-02 3.031494468450546265e-02
1.401215605437755585e-02 3.305674344301223755e-02
1.583582349121570587e-02 3.465880453586578369e-02
1.469873450696468353e-02 3.418792039155960083e-02
1.402896083891391754e-02 3.211666643619537354e-02
1.431709900498390198e-02 3.478989005088806152e-02
1.453104522079229355e-02 3.508644923567771912e-02
1.360615156590938568e-02 3.297473490238189697e-02
1.508756354451179504e-02 3.331463038921356201e-02
1.519723236560821533e-02 3.292003646492958069e-02
1.606401056051254272e-02 3.376672416925430298e-02
1.715983822941780090e-02 3.655434399843215942e-02
1.706101372838020325e-02 4.033815860748291016e-02
1.623813249170780182e-02 4.011724889278411865e-02
1.802986860275268555e-02 4.022076353430747986e-02
1.647613942623138428e-02 3.871074318885803223e-02
1.653465256094932556e-02 3.710326179862022400e-02
1.604536920785903931e-02 3.773918002843856812e-02
1.580797880887985229e-02 3.927323967218399048e-02
1.596744731068611145e-02 3.834997117519378662e-02
1.604983955621719360e-02 3.915887326002120972e-02
1.783802919089794159e-02 3.742416948080062866e-02
1.681768707931041718e-02 3.707106411457061768e-02
1.782626099884510040e-02 3.678733482956886292e-02
1.686500012874603271e-02 3.530213236808776855e-02
1.736626960337162018e-02 3.738763183355331421e-02
1.618729345500469208e-02 3.546324372291564941e-02
1.619268767535686493e-02 3.867608308792114258e-02
1.301636081188917160e-02 3.378543630242347717e-02
1.476017944514751434e-02 3.519713133573532104e-02
1.645161025226116180e-02 3.481969982385635376e-02
1.608782261610031128e-02 3.374393284320831299e-02
1.567781902849674225e-02 3.456807509064674377e-02
1.444798521697521210e-02 3.281491249799728394e-02
1.355167850852012634e-02 3.335892036557197571e-02
1.455817744135856628e-02 3.564801067113876343e-02
1.280064228922128677e-02 3.307164087891578674e-02
1.594591513276100159e-02 3.863123431801795959e-02
1.424600649625062943e-02 3.871238231658935547e-02
1.369250752031803131e-02 3.858878836035728455e-02
1.672157272696495056e-02 3.985818475484848022e-02
1.755860820412635803e-02 4.332840442657470703e-02
1.800517737865447998e-02 4.272435605525970459e-02
1.849002763628959656e-02 4.097602516412734985e-02
1.468870323151350021e-02 3.748396784067153931e-02
1.790753006935119629e-02 3.993365168571472168e-02
1.742853969335556030e-02 3.947601839900016785e-02
1.792764849960803986e-02 4.056830704212188721e-02
1.787407323718070984e-02 3.886619210243225098e-02
1.925262063741683960e-02 4.288176447153091431e-02
1.592376828193664551e-02 3.945261612534523010e-02
1.863105595111846924e-02 4.696236550807952881e-02
1.648895256221294403e-02 4.644492268562316895e-02
1.787744089961051941e-02 4.564823955297470093e-02
1.661724224686622620e-02 4.638518393039703369e-02
1.644021831452846527e-02 4.482254385948181152e-02
1.389544084668159485e-02 3.925408422946929932e-02
1.254129130393266678e-02 4.116043075919151306e-02
1.440200768411159515e-02 3.869153559207916260e-02
1.436966471374034882e-02 3.819178044795989990e-02
1.433275640010833740e-02 3.834722936153411865e-02
1.491383649408817291e-02 4.189063608646392822e-02
1.370164938271045685e-02 4.018177837133407593e-02
1.424112729728221893e-02 4.094475507736206055e-02
1.323137432336807251e-02 4.078685119748115540e-02
1.369305513799190521e-02 3.975884988903999329e-02
1.202487014234066010e-02 4.071212559938430786e-02
1.311987172812223434e-02 3.890925645828247070e-02
1.542833819985389709e-02 4.091767966747283936e-02
1.496614795178174973e-02 4.062426462769508362e-02
1.539347507059574127e-02 4.033400118350982666e-02
1.430713944137096405e-02 3.983930498361587524e-02
1.495692878961563110e-02 3.966963663697242737e-02
1.564458012580871582e-02 4.075974598526954651e-02
1.543011330068111420e-02 4.250843822956085205e-02
1.365551725029945374e-02 4.248119890689849854e-02
1.288830023258924484e-02 4.043009504675865173e-02
1.213262416422367096e-02 3.682728111743927002e-02
1.139173191040754318e-02 3.765336796641349792e-02
1.197869330644607544e-02 3.581894934177398682e-02
1.155675668269395828e-02 3.916040807962417603e-02
1.299011334776878357e-02 3.632012754678726196e-02
1.147953514009714127e-02 3.746225684881210327e-02
1.114603318274021149e-02 3.987719491124153137e-02
1.324085518717765808e-02 3.958057612180709839e-02
1.228597387671470642e-02 4.023431986570358276e-02
1.244129426777362823e-02 3.953205794095993042e-02
1.336790062487125397e-02 4.044520854949951172e-02
1.406179182231426239e-02 4.183508455753326416e-02
1.491215638816356659e-02 4.097862914204597473e-02
1.350357383489608765e-02 4.246134310960769653e-02
1.656735688447952271e-02 4.323488473892211914e-02
1.442962326109409332e-02 4.149597883224487305e-02
1.496042869985103607e-02 4.429605230689048767e-02
1.659443415701389313e-02 4.365445673465728760e-02
1.534578949213027954e-02 4.352521151304244995e-02
1.425809971988201141e-02 4.313329979777336121e-02
1.356284134089946747e-02 4.219873249530792236e-02
1.322578918188810349e-02 4.333608597517013550e-02
1.608234830200672150e-02 4.646269232034683228e-02
1.604954525828361511e-02 4.492147266864776611e-02
1.757734455168247223e-02 4.838258028030395508e-02
1.802669093012809753e-02 4.748318716883659363e-02
1.652402803301811218e-02 4.522509500384330750e-02
1.598430797457695007e-02 4.738824814558029175e-02
1.733546890318393707e-02 4.813104495406150818e-02
1.640484109520912170e-02 4.685384035110473633e-02
1.606738567352294922e-02 4.943045228719711304e-02
1.588987186551094055e-02 4.783669114112854004e-02
1.573235727846622467e-02 4.885751754045486450e-02
1.644285023212432861e-02 4.909059777855873108e-02
1.564159430563449860e-02 4.571818560361862183e-02
1.660087518393993378e-02 4.729624092578887939e-02
1.583684235811233521e-02 4.473093152046203613e-02
1.629953458905220032e-02 4.528445005416870117e-02
1.692955754697322845e-02 4.680125787854194641e-02
1.676601171493530273e-02 4.756217449903488159e-02
1.858913339674472809e-02 4.922816157341003418e-02
1.955964975059032440e-02 4.810570180416107178e-02
1.973712444305419922e-02 4.882454872131347656e-02
2.004080452024936676e-02 5.030306428670883179e-02
1.966723054647445679e-02 4.846549034118652344e-02
1.789200678467750549e-02 4.827698320150375366e-02
1.771979220211505890e-02 4.788949713110923767e-02
1.486618258059024811e-02 4.616580903530120850e-02
1.325378380715847015e-02 4.401572793722152710e-02
1.612635143101215363e-02 4.738059267401695251e-02
1.647685468196868896e-02 4.713607579469680786e-02
1.721982099115848541e-02 4.600626230239868164e-02
1.822182722389698029e-02 4.956261068582534790e-02
1.774333603680133820e-02 4.838629066944122314e-02
1.610897853970527649e-02 4.733160883188247681e-02
1.701198332011699677e-02 4.870368540287017822e-02
1.648219674825668335e-02 4.871828109025955200e-02
1.737782359123229980e-02 4.951589554548263550e-02
1.664776168763637543e-02 4.848814755678176880e-02
1.723990030586719513e-02 4.660926014184951782e-02
1.659932918846607208e-02 4.680568724870681763e-02
1.450548321008682251e-02 4.316501319408416748e-02
1.589632965624332428e-02 4.558093845844268799e-02
1.751180738210678101e-02 4.753843694925308228e-02
1.428138557821512222e-02 4.343722015619277954e-02
1.582826673984527588e-02 4.666721075773239136e-02
1.718590781092643738e-02 4.548160359263420105e-02
1.442068442702293396e-02 4.185242950916290283e-02
1.515009626746177673e-02 4.139991849660873413e-02
1.541149243712425232e-02 4.106047376990318298e-02
1.505656912922859192e-02 4.009812697768211365e-02
1.403529942035675049e-02 3.771354258060455322e-02
1.510701701045036316e-02 3.908639401197433472e-02
1.612310670316219330e-02 3.958259150385856628e-02
1.400522235780954361e-02 3.944034874439239502e-02
1.399567723274230957e-02 3.775527328252792358e-02
1.267543528228998184e-02 3.849828243255615234e-02
1.555541157722473145e-02 3.950710222125053406e-02
1.505885180085897446e-02 4.436448588967323303e-02
1.498835906386375427e-02 3.896741569042205811e-02
1.369812339544296265e-02 3.730497509241104126e-02
1.022989675402641296e-02 2.669043093919754028e-02
1.586327329277992249e-02 4.298748821020126343e-02
1.499917916953563690e-02 4.013527929782867432e-02
1.828854531049728394e-02 4.155799001455307007e-02
1.575071923434734344e-02 4.741366207599639893e-02
1.558556687086820602e-02 4.350306093692779541e-02
1.605405658483505249e-02 4.130356013774871826e-02
1.363290846347808838e-02 3.489728644490242004e-02
1.433578506112098694e-02 3.237262740731239319e-02
1.558113284409046173e-02 3.467938303947448730e-02
1.784989982843399048e-02 3.916704282164573669e-02
1.656636036932468414e-02 3.475113213062286377e-02
1.566785015165805817e-02 3.459170460700988770e-02
1.691588014364242554e-02 3.452517837285995483e-02
1.550292409956455231e-02 3.869827836751937866e-02
1.635519042611122131e-02 3.957652673125267029e-02
1.578071713447570801e-02 3.894170001149177551e-02
1.853395625948905945e-02 4.174476861953735352e-02
2.033791318535804749e-02 4.619915783405303955e-02
1.992857269942760468e-02 4.580289125442504883e-02
2.096390537917613983e-02 4.617249220609664917e-02
2.087119966745376587e-02 4.620969295501708984e-02
2.103995531797409058e-02 4.672282934188842773e-02
1.823054440319538116e-02 4.207748919725418091e-02
2.030507102608680725e-02 4.286927729845046997e-02
1.812436431646347046e-02 3.946918249130249023e-02
1.684300042688846588e-02 3.800521790981292725e-02
1.638587191700935364e-02 3.659730777144432068e-02
1.742253452539443970e-02 3.708929196000099182e-02
1.528920046985149384e-02 3.555779159069061279e-02
1.645968854427337646e-02 3.449623286724090576e-02
1.586733944714069366e-02 3.123475238680839539e-02
1.657837629318237305e-02 3.188817948102951050e-02
1.631918177008628845e-02 3.691675513982772827e-02
1.690917462110519409e-02 3.274464607238769531e-02
1.900014281272888184e-02 3.879748657345771790e-02
1.818229816854000092e-02 4.001236334443092346e-02
1.916216313838958740e-02 3.873693197965621948e-02
1.468004472553730011e-02 3.759248182177543640e-02
1.321228127926588058e-02 3.646231070160865784e-02
1.675440371036529541e-02 3.628370910882949829e-02
1.633117347955703735e-02 3.578026592731475830e-02
1.723245531320571899e-02 3.366822749376296997e-02
1.718659326434135437e-02 3.433886915445327759e-02
1.788011938333511353e-02 3.507634252309799194e-02
1.686488278210163116e-02 3.277615457773208618e-02
1.867405511438846588e-02 3.233266994357109070e-02
1.702320575714111328e-02 3.246485814452171326e-02
1.596340909600257874e-02 2.963254600763320923e-02
1.856317184865474701e-02 3.293397650122642517e-02
1.719953678548336029e-02 3.125192970037460327e-02
1.858396083116531372e-02 2.973076514899730682e-02
2.032112702727317810e-02 3.354766592383384705e-02
1.678073406219482422e-02 3.235227987170219421e-02
1.756642945110797882e-02 3.303425759077072144e-02
1.248102262616157532e-02 3.185719251632690430e-02
1.284625660628080368e-02 3.004750236868858337e-02
1.192667521536350250e-02 2.657260932028293610e-02
1.292078848928213120e-02 2.863527834415435791e-02
1.249822229146957397e-02 2.307698130607604980e-02
1.418662350624799728e-02 2.727717533707618713e-02
1.637975871562957764e-02 2.437940239906311035e-02
1.903645321726799011e-02 3.174376115202903748e-02
1.511681638658046722e-02 2.733285166323184967e-02
1.621476933360099792e-02 2.807843685150146484e-02
1.291269063949584961e-02 2.855883911252021790e-02
1.491318270564079285e-02 2.995005622506141663e-02
1.747763343155384064e-02 3.374692797660827637e-02
1.375958882272243500e-02 3.126801177859306335e-02
1.221645902842283249e-02 3.462041169404983521e-02
1.950715109705924988e-02 3.243642672896385193e-02
1.434323191642761230e-02 2.902652882039546967e-02
1.268255896866321564e-02 3.837844356894493103e-02
9.931206703186035156e-03 3.033877164125442505e-02
1.192829851061105728e-02 3.232254087924957275e-02
1.109576970338821411e-02 3.474164009094238281e-02
1.600219309329986572e-02 4.672877490520477295e-02
1.553720422089099884e-02 3.892291337251663208e-02
1.101099886000156403e-02 3.557699173688888550e-02
1.467742677778005600e-02 3.679025173187255859e-02
9.201688691973686218e-03 2.180583775043487549e-02
6.252549588680267334e-03 2.682738937437534332e-02
1.110046543180942535e-02 1.710752584040164948e-02
1.195361372083425522e-02 3.365138545632362366e-02
2.047866955399513245e-02 4.512771964073181152e-02
1.740040257573127747e-02 4.208207875490188599e-02
1.576511561870574951e-02 4.593784362077713013e-02
1.404870580881834030e-02 4.352381080389022827e-02
1.333019789308309555e-02 4.495609551668167114e-02
1.430159434676170349e-02 4.553068429231643677e-02
1.359985582530498505e-02 4.531546309590339661e-02
1.541843824088573456e-02 4.332084208726882935e-02
1.243225857615470886e-02 4.152361303567886353e-02
1.438544690608978271e-02 4.074344784021377563e-02
1.627095788717269897e-02 4.411394149065017700e-02
1.840773597359657288e-02 4.117319360375404358e-02
1.799741759896278381e-02 4.026439040899276733e-02
1.814318448305130005e-02 3.990793228149414062e-02
1.740815863013267517e-02 4.024156183004379272e-02
1.304532960057258606e-02 4.119592159986495972e-02
1.366860419511795044e-02 3.917665407061576843e-02
1.446906570345163345e-02 3.942378982901573181e-02
1.626341417431831360e-02 4.406939446926116943e-02
1.541929133236408234e-02 4.062247276306152344e-02
1.214160025119781494e-02 3.867731243371963501e-02
1.502962317317724228e-02 3.806224092841148376e-02
1.442841254174709320e-02 3.495227545499801636e-02
1.457011327147483826e-02 3.766654431819915771e-02
1.422947831451892853e-02 3.621821478009223938e-02
1.116045750677585602e-02 3.677193820476531982e-02
1.407451927661895752e-02 3.730836510658264160e-02
1.425668597221374512e-02 3.645086660981178284e-02
1.378066837787628174e-02 4.254114627838134766e-02
1.244974881410598755e-02 3.727511316537857056e-02
1.357272267341613770e-02 3.889630734920501709e-02
1.512998715043067932e-02 3.795314952731132507e-02
1.122954301536083221e-02 3.496352583169937134e-02
1.469806022942066193e-02 2.725017257034778595e-02
1.292593497782945633e-02 3.722791001200675964e-02
1.565377041697502136e-02 4.155854135751724243e-02
1.121164672076702118e-02 3.645339235663414001e-02
1.817292533814907074e-02 4.148741066455841064e-02
1.486559398472309113e-02 4.375593364238739014e-02
1.456127408891916275e-02 4.339281469583511353e-02
1.312750577926635742e-02 3.587327152490615845e-02
1.626420952379703522e-02 3.715394809842109680e-02
1.617773249745368958e-02 3.833820670843124390e-02
1.528015919029712677e-02 3.842487186193466187e-02
1.815194636583328247e-02 4.160526394844055176e-02
1.574121601879596710e-02 4.332255572080612183e-02
1.614065468311309814e-02 4.527489095926284790e-02
1.723451539874076843e-02 3.840672969818115234e-02
1.801147311925888062e-02 4.415540024638175964e-02
1.741307601332664490e-02 4.029034078121185303e-02
1.614242419600486755e-02 4.176177829504013062e-02
1.761304587125778198e-02 4.161575436592102051e-02
1.776594854891300201e-02 4.058995097875595093e-02
1.901512406766414642e-02 4.261998087167739868e-02
1.847233623266220093e-02 4.270990937948226929e-02
1.731676608324050903e-02 4.239627346396446228e-02
1.849166862666606903e-02 4.597102105617523193e-02
1.926964521408081055e-02 4.428520798683166504e-02
2.037025615572929382e-02 4.503184184432029724e-02
1.825780980288982391e-02 4.373517632484436035e-02
1.901451312005519867e-02 4.471635073423385620e-02
1.832763105630874634e-02 4.316862300038337708e-02
2.016220800578594208e-02 4.578447341918945312e-02
1.807854697108268738e-02 4.597923904657363892e-02
1.610882766544818878e-02 4.409602284431457520e-02
1.613743975758552551e-02 4.750644415616989136e-02
1.451990939676761627e-02 4.272737354040145874e-02
1.274424605071544647e-02 3.981394320726394653e-02
1.412902027368545532e-02 4.178085923194885254e-02
1.419454440474510193e-02 4.352296143770217896e-02
1.758038066327571869e-02 4.462143778800964355e-02
1.788232102990150452e-02 4.249770939350128174e-02
1.668642088770866394e-02 4.285321384668350220e-02
1.975220255553722382e-02 4.337151348590850830e-02
1.810909807682037354e-02 4.342953860759735107e-02
1.577929779887199402e-02 3.905623406171798706e-02
1.771277561783790588e-02 4.632496088743209839e-02
1.867505162954330444e-02 4.969230294227600098e-02
1.544252224266529083e-02 4.592489451169967651e-02
1.568431779742240906e-02 4.572841525077819824e-02
1.690081134438514709e-02 5.058488249778747559e-02
1.667672023177146912e-02 4.941362142562866211e-02
1.765642873942852020e-02 5.119009315967559814e-02
1.939058676362037659e-02 5.097613483667373657e-02
1.810726150870323181e-02 5.179604887962341309e-02
1.784147322177886963e-02 5.132242664694786072e-02
2.057035639882087708e-02 5.310394614934921265e-02
2.093471772968769073e-02 4.951176792383193970e-02
1.999536156654357910e-02 4.808262735605239868e-02
1.808491349220275879e-02 4.184938594698905945e-02
2.150684781372547150e-02 4.778750985860824585e-02
2.133810333907604218e-02 4.562762379646301270e-02
2.096506953239440918e-02 4.799012839794158936e-02
2.198724821209907532e-02 4.851943999528884888e-02
2.122983522713184357e-02 4.369874298572540283e-02
2.054996788501739502e-02 5.042845755815505981e-02
2.266773581504821777e-02 4.732398688793182373e-02
2.202514186501502991e-02 4.655133932828903198e-02
2.278638072311878204e-02 4.890258610248565674e-02
2.017065696418285370e-02 4.830734431743621826e-02
1.856301538646221161e-02 4.486627131700515747e-02
1.830986887216567993e-02 4.694516211748123169e-02
2.062118612229824066e-02 4.580332711338996887e-02
2.119029872119426727e-02 4.476032406091690063e-02
2.138693258166313171e-02 4.622165113687515259e-02
1.814709976315498352e-02 4.661729186773300171e-02
1.737804524600505829e-02 4.855103045701980591e-02
1.765494234859943390e-02 4.397522658109664917e-02
1.720811799168586731e-02 3.814550116658210754e-02
1.742537505924701691e-02 3.866204619407653809e-02
1.776204071938991547e-02 3.777611255645751953e-02
1.788214780390262604e-02 3.873256593942642212e-02
1.438705995678901672e-02 3.692009672522544861e-02
1.264348719269037247e-02 3.721616044640541077e-02
1.288762688636779785e-02 3.484107181429862976e-02
1.498137973248958588e-02 3.747580945491790771e-02
1.686609908938407898e-02 3.570198267698287964e-02
1.947683282196521759e-02 3.976639360189437866e-02
1.672792434692382812e-02 3.834104910492897034e-02
1.736250333487987518e-02 3.947500884532928467e-02
1.687534339725971222e-02 3.700516000390052795e-02
1.891526579856872559e-02 3.869902342557907104e-02
1.913669146597385406e-02 3.899805247783660889e-02
1.843437924981117249e-02 4.088954254984855652e-02
1.837056316435337067e-02 4.111292585730552673e-02
1.821122691035270691e-02 3.709375113248825073e-02
1.816397532820701599e-02 3.763303160667419434e-02
1.602979004383087158e-02 3.825861215591430664e-02
1.764381118118762970e-02 3.768337890505790710e-02
1.729630678892135620e-02 3.652424365282058716e-02
1.818726956844329834e-02 3.833260387182235718e-02
1.763250306248664856e-02 3.951849415898323059e-02
1.858991011977195740e-02 4.015807807445526123e-02
1.955071836709976196e-02 4.277507960796356201e-02
2.015810273587703705e-02 4.428446665406227112e-02
1.960964128375053406e-02 4.144704341888427734e-02
2.075942605733871460e-02 4.314052686095237732e-02
1.935116760432720184e-02 4.126437008380889893e-02
2.032424882054328918e-02 4.076687991619110107e-02
2.238138578832149506e-02 3.898984938859939575e-02
1.802342198789119720e-02 3.820849210023880005e-02
1.929570548236370087e-02 3.938369080424308777e-02
2.095795236527919769e-02 3.664418682456016541e-02
2.041096054017543793e-02 3.545885533094406128e-02
2.015608921647071838e-02 3.698128461837768555e-02
2.082987129688262939e-02 4.031952470541000366e-02
1.986184902489185333e-02 4.085675626993179321e-02
2.168625034391880035e-02 4.179257154464721680e-02
1.677121967077255249e-02 3.729500994086265564e-02
1.536611467599868774e-02 3.396806865930557251e-02
1.392760127782821655e-02 3.225167095661163330e-02
1.622823253273963928e-02 3.652906417846679688e-02
1.636454835534095764e-02 3.854523599147796631e-02
1.547447871416807175e-02 4.036926850676536560e-02
1.494174823164939880e-02 3.803414106369018555e-02
1.647721230983734131e-02 4.108235985040664673e-02
1.835143938660621643e-02 3.831719607114791870e-02
2.192616835236549377e-02 4.074243456125259399e-02
2.138085290789604187e-02 3.972560167312622070e-02
1.656321249902248383e-02 3.670573979616165161e-02
1.898732781410217285e-02 3.832210972905158997e-02
1.991855353116989136e-02 4.108055680990219116e-02
1.919879019260406494e-02 3.957665711641311646e-02
1.720139756798744202e-02 3.683564066886901855e-02
1.599530503153800964e-02 3.451925516128540039e-02
1.619663648307323456e-02 3.779443353414535522e-02
1.915766671299934387e-02 3.927020356059074402e-02
2.055455371737480164e-02 4.341968148946762085e-02
1.988869346678256989e-02 4.247970134019851685e-02
2.113227918744087219e-02 4.241779446601867676e-02
2.526280283927917480e-02 4.391349107027053833e-02
2.229818329215049744e-02 4.031280428171157837e-02
1.914101839065551758e-02 2.578021585941314697e-02
1.582174003124237061e-02 3.073389269411563873e-02
2.158909477293491364e-02 4.381691664457321167e-02
2.221808210015296936e-02 4.431591182947158813e-02
2.408728003501892090e-02 4.710248857736587524e-02
2.063699066638946533e-02 4.463904723525047302e-02
1.963260024785995483e-02 4.215328395366668701e-02
2.097876742482185364e-02 3.996691107749938965e-02
1.880755461752414703e-02 3.781500458717346191e-02
2.003015950322151184e-02 4.018093645572662354e-02
1.829909905791282654e-02 4.282736033201217651e-02
1.549479458481073380e-02 4.247213900089263916e-02
1.496582757681608200e-02 3.959003463387489319e-02
1.833512261509895325e-02 3.851553797721862793e-02
1.836891099810600281e-02 4.040379822254180908e-02
1.659106463193893433e-02 4.302559047937393188e-02
2.002714201807975769e-02 4.218784719705581665e-02
1.901592127978801727e-02 3.704912960529327393e-02
1.847776025533676147e-02 3.549782931804656982e-02
1.926278695464134216e-02 3.058545291423797607e-02
1.886079646646976471e-02 3.355549648404121399e-02
1.455663144588470459e-02 3.297563642263412476e-02
1.370783895254135132e-02 3.357676044106483459e-02
1.541169825941324234e-02 3.205870836973190308e-02
1.327796932309865952e-02 2.528210170567035675e-02
1.542215608060359955e-02 3.300721943378448486e-02
1.629847288131713867e-02 3.103594109416007996e-02
1.508626062422990799e-02 2.747208066284656525e-02
1.204922702163457870e-02 2.962827496230602264e-02
1.641977205872535706e-02 3.402712196111679077e-02
1.868907921016216278e-02 3.680106997489929199e-02
1.878429017961025238e-02 3.520297259092330933e-02
1.230707764625549316e-02 2.293512597680091858e-02
2.463205344974994659e-02 4.663479328155517578e-02
1.402407232671976089e-02 2.978558838367462158e-02
1.893542520701885223e-02 3.715325891971588135e-02
1.990114711225032806e-02 3.827802091836929321e-02
1.742392778396606445e-02 4.050456732511520386e-02
1.683001220226287842e-02 3.544257581233978271e-02
1.728955842554569244e-02 3.449127823114395142e-02
1.391287334263324738e-02 3.007853031158447266e-02
1.647374406456947327e-02 3.018589131534099579e-02
1.672714389860630035e-02 3.516100347042083740e-02
1.568142510950565338e-02 3.398488089442253113e-02
1.541350688785314560e-02 3.437990322709083557e-02
1.721014827489852905e-02 3.564655408263206482e-02
1.482836157083511353e-02 3.238604217767715454e-02
1.770983636379241943e-02 3.822427988052368164e-02
1.620301045477390289e-02 3.875279054045677185e-02
1.313187181949615479e-02 2.721829898655414581e-02
1.420442387461662292e-02 3.206151723861694336e-02
1.427675969898700714e-02 3.033646196126937866e-02
1.514208875596523285e-02 3.338148817420005798e-02
1.588509976863861084e-02 3.345961123704910278e-02
1.671469211578369141e-02 3.447674587368965149e-02
1.739683002233505249e-02 3.370073437690734863e-02
1.876902952790260315e-02 3.363078460097312927e-02
1.678700372576713562e-02 3.327294811606407166e-02
1.497829053550958633e-02 3.572861105203628540e-02
1.571525633335113525e-02 3.476855531334877014e-02
1.800768077373504639e-02 4.415659606456756592e-02
1.694361120462417603e-02 3.212608397006988525e-02
1.877648755908012390e-02 4.112759232521057129e-02
1.684517040848731995e-02 3.911968693137168884e-02
1.564296521246433258e-02 3.779795765876770020e-02
1.524612866342067719e-02 3.380540013313293457e-02
1.548386923968791962e-02 3.774475678801536560e-02
1.307167671620845795e-02 3.318284079432487488e-02
1.723444089293479919e-02 3.772864490747451782e-02
1.483026146888732910e-02 3.612633794546127319e-02
1.585378684103488922e-02 3.838773071765899658e-02
1.820009388029575348e-02 4.082839936017990112e-02
1.638160459697246552e-02 4.214704781770706177e-02
1.679649762809276581e-02 3.919690847396850586e-02
1.603673771023750305e-02 4.089117795228958130e-02
1.534454710781574249e-02 3.645292669534683228e-02
1.741113327443599701e-02 3.877709060907363892e-02
1.509250327944755554e-02 3.556872531771659851e-02
1.543952152132987976e-02 3.473338112235069275e-02
1.433334313333034515e-02 3.355591744184494019e-02
1.422614604234695435e-02 3.551695495843887329e-02
1.523642800748348236e-02 3.155969455838203430e-02
1.550712529569864273e-02 3.525216877460479736e-02
1.330441795289516449e-02 3.391410782933235168e-02
1.459276303648948669e-02 3.610448539257049561e-02
1.728588715195655823e-02 3.761494159698486328e-02
1.634827069938182831e-02 3.309710323810577393e-02
1.528672222048044205e-02 3.162044286727905273e-02
1.537388004362583160e-02 3.547702729701995850e-02
1.664489507675170898e-02 3.757382184267044067e-02
1.631607860326766968e-02 3.215432912111282349e-02
1.738437451422214508e-02 3.383731469511985779e-02
1.731840521097183228e-02 3.312392532825469971e-02
1.544495485723018646e-02 3.197698667645454407e-02
1.385760493576526642e-02 3.232200443744659424e-02
1.461402140557765961e-02 3.217325732111930847e-02
1.455819513648748398e-02 3.552888333797454834e-02
1.616486161947250366e-02 3.532331436872482300e-02
1.670191623270511627e-02 3.595639765262603760e-02
1.768605411052703857e-02 3.882834315299987793e-02
1.609355211257934570e-02 3.468196839094161987e-02
1.455429196357727051e-02 3.565813601016998291e-02
1.530858594924211502e-02 3.522992134094238281e-02
1.408677734434604645e-02 3.220003843307495117e-02
1.408558338880538940e-02 3.064970858395099640e-02
1.355329621583223343e-02 3.272015973925590515e-02
1.448912546038627625e-02 3.367875888943672180e-02
1.707577705383300781e-02 3.392298892140388489e-02
1.639039814472198486e-02 3.640051558613777161e-02
1.684183441102504730e-02 3.669992834329605103e-02
1.542804390192031860e-02 3.367041423916816711e-02
1.675865985453128815e-02 3.664273768663406372e-02
1.670540496706962585e-02 3.825000673532485962e-02
1.792508922517299652e-02 4.006835818290710449e-02
1.667105779051780701e-02 3.852858394384384155e-02
1.616682298481464386e-02 3.573054075241088867e-02
1.636536233127117157e-02 3.491163253784179688e-02
1.527893915772438049e-02 3.602637350559234619e-02
1.739432662725448608e-02 3.698102384805679321e-02
1.759350113570690155e-02 3.641061484813690186e-02
1.570733450353145599e-02 3.290399909019470215e-02
1.591327972710132599e-02 3.352772071957588196e-02
1.461185142397880554e-02 3.364608436822891235e-02
1.389470696449279785e-02 3.590034693479537964e-02
1.532463729381561279e-02 3.831437230110168457e-02
1.765702478587627411e-02 3.907423093914985657e-02
1.378770731389522552e-02 3.350126370787620544e-02
1.521657407283782959e-02 3.456875681877136230e-02
1.753815822303295135e-02 3.538105636835098267e-02
1.331089623272418976e-02 3.327488899230957031e-02
1.448618806898593903e-02 3.808783739805221558e-02
1.475943718105554581e-02 3.930298611521720886e-02
1.409628987312316895e-02 3.715661913156509399e-02
1.591923832893371582e-02 3.763273358345031738e-02
1.685612462460994720e-02 4.128651693463325500e-02
1.741479896008968353e-02 3.746762499213218689e-02
1.817913725972175598e-02 4.056524485349655151e-02
1.738017424941062927e-02 4.135612025856971741e-02
1.454699225723743439e-02 3.959207981824874878e-02
1.660085096955299377e-02 3.649644181132316589e-02
1.332128886133432388e-02 3.632318973541259766e-02
1.644906215369701385e-02 3.824992105364799500e-02
1.664598099887371063e-02 4.022543877363204956e-02
1.655971072614192963e-02 4.003006219863891602e-02
1.765528321266174316e-02 4.223608225584030151e-02
1.550122350454330444e-02 4.036727920174598694e-02
1.618227548897266388e-02 4.455333203077316284e-02
1.731212064623832703e-02 4.032102599740028381e-02
1.616906002163887024e-02 3.707814216613769531e-02
1.615611650049686432e-02 3.716779500246047974e-02
1.370719633996486664e-02 3.513486310839653015e-02
1.341654360294342041e-02 3.553299978375434875e-02
1.268076337873935699e-02 3.800142556428909302e-02
1.250456459820270538e-02 4.010143131017684937e-02
1.356612518429756165e-02 4.352512955665588379e-02
1.647123321890830994e-02 4.417771846055984497e-02
1.423609256744384766e-02 4.126720130443572998e-02
1.262633036822080612e-02 4.164237529039382935e-02
1.504910923540592194e-02 4.155959188938140869e-02
1.369351148605346680e-02 4.069674015045166016e-02
1.134680304676294327e-02 3.602742031216621399e-02
1.608475297689437866e-02 3.534943237900733948e-02
1.402387954294681549e-02 4.209003597497940063e-02
1.486668176949024200e-02 3.717663139104843140e-02
1.317164767533540726e-02 3.528193384408950806e-02
1.328507624566555023e-02 3.942010551691055298e-02
1.795225962996482849e-02 3.225817531347274780e-02
1.859083771705627441e-02 3.781540691852569580e-02
1.130455732345581055e-02 1.112899463623762131e-02
9.231120347976684570e-03 1.631378196179866791e-02
1.630316488444805145e-02 3.452474251389503479e-02
1.896453648805618286e-02 3.896885737776756287e-02
1.870889030396938324e-02 3.810897469520568848e-02
1.856219395995140076e-02 3.591021895408630371e-02
1.901494339108467102e-02 3.482630848884582520e-02
1.719002425670623779e-02 3.657294064760208130e-02
1.812605932354927063e-02 3.390263020992279053e-02
2.206717059016227722e-02 3.618962690234184265e-02
2.222119644284248352e-02 3.875603899359703064e-02
2.043958008289337158e-02 3.783238679170608521e-02
1.918664574623107910e-02 3.783290833234786987e-02
1.943951658904552460e-02 3.663031756877899170e-02
1.874188333749771118e-02 3.581895679235458374e-02
2.125174179673194885e-02 3.566404432058334351e-02
2.010084316134452820e-02 3.775843232870101929e-02
2.021109685301780701e-02 3.728590160608291626e-02
1.889546401798725128e-02 3.562643751502037048e-02
2.218817733228206635e-02 3.870259225368499756e-02
1.958527043461799622e-02 3.499673306941986084e-02
2.134766057133674622e-02 3.371579572558403015e-02
2.065701223909854889e-02 3.547253459692001343e-02
1.970771327614784241e-02 3.396217525005340576e-02
1.744373515248298645e-02 3.259550407528877258e-02
1.740956306457519531e-02 3.103665262460708618e-02
1.724924705922603607e-02 3.042651154100894928e-02
1.637565158307552338e-02 3.131971135735511780e-02
1.631550304591655731e-02 3.283732384443283081e-02
1.643630489706993103e-02 2.758524566888809204e-02
1.356551982462406158e-02 2.696407213807106018e-02
1.274250261485576630e-02 2.935460396111011505e-02
1.632787846028804779e-02 2.909178286790847778e-02
1.482450403273105621e-02 2.907699346542358398e-02
1.285771839320659637e-02 2.745426073670387268e-02
1.252465415745973587e-02 2.800117619335651398e-02
1.627103984355926514e-02 2.792160026729106903e-02
1.629823446273803711e-02 2.747301757335662842e-02
1.712536625564098358e-02 3.427368775010108948e-02
4.682095721364021301e-03 7.273051887750625610e-04
1.232152990996837616e-02 1.987378299236297607e-02
1.511139236390590668e-02 2.416129224002361298e-02
1.321318559348583221e-02 2.698055095970630646e-02
1.820962131023406982e-02 3.204356133937835693e-02
1.806724444031715393e-02 3.328242525458335876e-02
1.738280802965164185e-02 3.243577480316162109e-02
1.728511974215507507e-02 3.136815875768661499e-02
1.789498329162597656e-02 3.313615918159484863e-02
1.477357000112533569e-02 2.757307887077331543e-02
1.380028016865253448e-02 2.680673450231552124e-02
1.505086198449134827e-02 2.841673046350479126e-02
1.464482210576534271e-02 2.644910849630832672e-02
1.542953774333000183e-02 2.795381471514701843e-02
1.481270231306552887e-02 2.781599201261997223e-02
1.320434175431728363e-02 2.582729794085025787e-02
1.539393700659275055e-02 2.944355085492134094e-02
1.616822369396686554e-02 3.227577358484268188e-02
1.781395077705383301e-02 3.341703116893768311e-02
1.773683726787567139e-02 3.096838481724262238e-02
1.762350648641586304e-02 3.528252616524696350e-02
1.818995177745819092e-02 3.033210523426532745e-02
1.657937653362751007e-02 3.511376678943634033e-02
1.856937259435653687e-02 3.659085184335708618e-02
2.042027935385704041e-02 3.936652839183807373e-02
1.819484494626522064e-02 3.293242678046226501e-02
1.753010600805282593e-02 3.049592673778533936e-02
1.451326347887516022e-02 2.932889573276042938e-02
1.582466997206211090e-02 3.279536589980125427e-02
1.427345536649227142e-02 2.795833908021450043e-02
1.529075857251882553e-02 2.859638445079326630e-02
1.649283617734909058e-02 3.320463746786117554e-02
1.458982937037944794e-02 3.281866386532783508e-02
1.544071920216083527e-02 3.081602789461612701e-02
1.796769350767135620e-02 3.508193045854568481e-02
1.738697849214076996e-02 3.900248557329177856e-02
1.720556989312171936e-02 3.839446604251861572e-02
1.763900555670261383e-02 3.406823426485061646e-02
1.676443219184875488e-02 3.590829670429229736e-02
1.828740723431110382e-02 3.792497888207435608e-02
1.784763857722282410e-02 4.146166890859603882e-02
1.944846287369728088e-02 4.312871396541595459e-02
1.934817247092723846e-02 4.297406971454620361e-02
1.593134738504886627e-02 3.811790794134140015e-02
1.509024761617183685e-02 3.590152412652969360e-02
1.380631327629089355e-02 3.278071433305740356e-02
1.334996148943901062e-02 3.241734206676483154e-02
1.552283298224210739e-02 3.679738566279411316e-02
1.594078168272972107e-02 3.426782041788101196e-02
9.220689535140991211e-03 2.035116963088512421e-02
1.238390617072582245e-02 2.937677316367626190e-02
1.413805037736892700e-02 3.603841736912727356e-02
1.801395416259765625e-02 2.891509607434272766e-02
1.377181150019168854e-02 3.549294546246528625e-02
1.907833665609359741e-02 3.355496376752853394e-02
1.506241038441658020e-02 3.155726566910743713e-02
1.424703374505043030e-02 3.108471259474754333e-02
1.570138335227966309e-02 3.247271105647087097e-02
1.741499267518520355e-02 3.369395062327384949e-02
1.590962521731853485e-02 3.437097370624542236e-02
1.800176687538623810e-02 3.412003070116043091e-02
1.360470335930585861e-02 3.266745060682296753e-02
1.535798050463199615e-02 3.303350880742073059e-02
1.238685287535190582e-02 3.061372041702270508e-02
1.672281511127948761e-02 2.910157665610313416e-02
1.614533364772796631e-02 2.968918904662132263e-02
1.441553607583045959e-02 3.157302737236022949e-02
1.076043862849473953e-02 2.485514059662818909e-02
1.358473859727382660e-02 3.267649188637733459e-02
1.261738315224647522e-02 2.022846601903438568e-02
2.006718888878822327e-02 3.682417422533035278e-02
1.826374605298042297e-02 3.193178772926330566e-02
1.867311075329780579e-02 3.532039001584053040e-02
1.791745983064174652e-02 3.647846728563308716e-02
1.917400956153869629e-02 3.790298849344253540e-02
1.822680979967117310e-02 3.618595004081726074e-02
1.872790977358818054e-02 3.583826124668121338e-02
2.212784625589847565e-02 3.905172273516654968e-02
2.014127001166343689e-02 3.522542491555213928e-02
2.245802432298660278e-02 3.339979797601699829e-02
2.435058914124965668e-02 3.716295585036277771e-02
2.016140520572662354e-02 3.611534833908081055e-02
1.713694445788860321e-02 3.029198013246059418e-02
1.616424880921840668e-02 2.944696135818958282e-02
1.717456616461277008e-02 3.188853710889816284e-02
1.580975204706192017e-02 3.115331381559371948e-02
1.806764677166938782e-02 3.045998141169548035e-02
1.500827912241220474e-02 2.819632738828659058e-02
1.672760769724845886e-02 3.142103180289268494e-02
1.690084114670753479e-02 3.447956591844558716e-02
1.621440984308719635e-02 3.578392416238784790e-02
1.470124535262584686e-02 3.191073611378669739e-02
1.706038787961006165e-02 3.307342529296875000e-02
1.791417598724365234e-02 3.647585958242416382e-02
1.734663918614387512e-02 3.483835980296134949e-02
1.620675437152385712e-02 3.341309353709220886e-02
1.773963123559951782e-02 3.624532371759414673e-02
1.859502866864204407e-02 3.327486291527748108e-02
1.832554303109645844e-02 3.275667503476142883e-02
1.587655767798423767e-02 3.019878081977367401e-02
1.387180387973785400e-02 3.179774805903434753e-02
1.581616327166557312e-02 3.112501092255115509e-02
1.843125000596046448e-02 3.144213184714317322e-02
1.632474735379219055e-02 3.181345760822296143e-02
1.678497903048992157e-02 3.166729211807250977e-02
1.842167973518371582e-02 3.219039365649223328e-02
1.546355709433555603e-02 3.379942849278450012e-02
1.331970002502202988e-02 3.055304847657680511e-02
1.755039580166339874e-02 3.533449396491050720e-02
1.600511185824871063e-02 2.983323112130165100e-02
1.829217374324798584e-02 3.227536007761955261e-02
1.833030581474304199e-02 3.440021723508834839e-02
2.199640497565269470e-02 3.693853691220283508e-02
1.604073680937290192e-02 3.142203390598297119e-02
1.665614172816276550e-02 3.137769550085067749e-02
1.999345608055591583e-02 3.463331982493400574e-02
1.986499503254890442e-02 3.295854479074478149e-02
2.074628137052059174e-02 3.474739193916320801e-02
2.355847135186195374e-02 3.567110002040863037e-02
2.271946519613265991e-02 3.784545883536338806e-02
2.241367660462856293e-02 3.533878549933433533e-02
2.309187315404415131e-02 3.483179211616516113e-02
1.944809034466743469e-02 3.476230055093765259e-02
1.923047006130218506e-02 3.587288409471511841e-02
1.923333480954170227e-02 3.566338866949081421e-02
1.990019902586936951e-02 3.698832541704177856e-02
2.103354781866073608e-02 4.128456488251686096e-02
1.897000707685947418e-02 4.214640706777572632e-02
1.804230362176895142e-02 3.718460351228713989e-02
2.172657847404479980e-02 4.167552292346954346e-02
2.317372336983680725e-02 3.789332881569862366e-02
1.953234896063804626e-02 3.860272467136383057e-02
2.085888013243675232e-02 3.848395869135856628e-02
2.146194875240325928e-02 3.778989985585212708e-02
2.241357043385505676e-02 4.044925421476364136e-02
2.267625182867050171e-02 3.744395077228546143e-02
2.293325960636138916e-02 3.896979242563247681e-02
2.322713844478130341e-02 3.985881060361862183e-02
2.122906781733036041e-02 3.499849513173103333e-02
2.306074090301990509e-02 3.746364265680313110e-02
2.032844722270965576e-02 3.614737465977668762e-02
2.252559736371040344e-02 3.847423195838928223e-02
2.065113931894302368e-02 3.607081249356269836e-02
2.215657941997051239e-02 3.952837735414505005e-02
2.574047073721885681e-02 4.744572937488555908e-02
2.194965071976184845e-02 3.769331425428390503e-02
2.123634517192840576e-02 3.907627612352371216e-02
2.059029787778854370e-02 3.518446907401084900e-02
2.076046541333198547e-02 3.773857653141021729e-02
1.923362538218498230e-02 3.605845943093299866e-02
2.158903330564498901e-02 3.935674577951431274e-02
1.647251658141613007e-02 3.795181214809417725e-02
1.775733754038810730e-02 3.984782099723815918e-02
1.855268888175487518e-02 4.017338901758193970e-02
2.016905322670936584e-02 3.728635609149932861e-02
1.694789715111255646e-02 3.791876882314682007e-02
1.668886467814445496e-02 3.889027237892150879e-02
1.909109577536582947e-02 3.740828484296798706e-02
1.938461884856224060e-02 3.722986578941345215e-02
1.910907775163650513e-02 3.926318883895874023e-02
2.170960232615470886e-02 3.933994472026824951e-02
1.888489350676536560e-02 3.732098639011383057e-02
1.761001907289028168e-02 3.472349047660827637e-02
1.593408361077308655e-02 3.216547891497612000e-02
1.674886047840118408e-02 3.221837803721427917e-02
1.553635112941265106e-02 3.309365361928939819e-02
1.685180887579917908e-02 3.483191505074501038e-02
1.751365140080451965e-02 3.303590044379234314e-02
1.926936022937297821e-02 3.351710364222526550e-02
1.973892375826835632e-02 3.537049144506454468e-02
2.093851752579212189e-02 3.716474398970603943e-02
2.309579588472843170e-02 3.370129689574241638e-02
1.988599449396133423e-02 3.717531636357307434e-02
1.654594764113426208e-02 3.830852732062339783e-02
1.816428638994693756e-02 3.666253387928009033e-02
1.868883892893791199e-02 3.496575355529785156e-02
1.936538703739643097e-02 3.201321139931678772e-02
1.829722896218299866e-02 3.235561028122901917e-02
1.638857834041118622e-02 3.232854604721069336e-02
1.907035335898399353e-02 3.299418836832046509e-02
1.640181057155132294e-02 3.277515992522239685e-02
1.711949519813060760e-02 3.586589917540550232e-02
1.654333621263504028e-02 3.428229689598083496e-02
1.415157876908779144e-02 3.611148148775100708e-02
1.717669516801834106e-02 3.694672882556915283e-02
1.621140353381633759e-02 3.308252245187759399e-02
1.663951948285102844e-02 3.383005410432815552e-02
1.732386648654937744e-02 3.195215761661529541e-02
1.470223721116781235e-02 3.387818485498428345e-02
1.268400251865386963e-02 3.564271330833435059e-02
1.783104427158832550e-02 3.889498859643936157e-02
1.524414494633674622e-02 3.333016484975814819e-02
1.496066618710756302e-02 3.451815992593765259e-02
1.606406643986701965e-02 3.336446732282638550e-02
1.714650914072990417e-02 3.406511619687080383e-02
1.428400538861751556e-02 3.747879713773727417e-02
1.487274933606386185e-02 3.191930428147315979e-02
1.382872648537158966e-02 3.175751864910125732e-02
1.626992411911487579e-02 3.589338064193725586e-02
1.527348067611455917e-02 3.273002058267593384e-02
1.584307476878166199e-02 3.444308042526245117e-02
1.518953032791614532e-02 3.226865082979202271e-02
1.580878347158432007e-02 3.421777114272117615e-02
1.640255376696586609e-02 3.358491510152816772e-02
1.540969125926494598e-02 2.674518711864948273e-02
1.708307489752769470e-02 3.229700401425361633e-02
1.536656543612480164e-02 2.916027791798114777e-02
1.774179004132747650e-02 3.700472787022590637e-02
1.850036717951297760e-02 3.756321966648101807e-02
1.896809041500091553e-02 3.555199503898620605e-02
1.565508916974067688e-02 3.530323877930641174e-02
1.783155649900436401e-02 3.424571454524993896e-02
1.678797975182533264e-02 3.265307098627090454e-02
1.762866973876953125e-02 3.534956276416778564e-02
1.685110852122306824e-02 3.417304903268814087e-02
1.766766980290412903e-02 3.508629277348518372e-02
1.750188879668712616e-02 3.571821004152297974e-02
1.955178193747997284e-02 3.490516915917396545e-02
2.036086842417716980e-02 3.759255632758140564e-02
1.823453977704048157e-02 3.419851511716842651e-02
1.725761219859123230e-02 3.566742688417434692e-02
1.800740882754325867e-02 3.568509966135025024e-02
1.253878977149724960e-02 2.962583675980567932e-02
1.474984362721443176e-02 3.031521663069725037e-02
1.279549114406108856e-02 2.789041213691234589e-02
1.435665041208267212e-02 3.275835514068603516e-02
1.345173828303813934e-02 3.391838446259498596e-02
1.257397327572107315e-02 3.189954534173011780e-02
1.671176031231880188e-02 3.409869968891143799e-02
1.502613350749015808e-02 3.136501833796501160e-02
1.378370635211467743e-02 3.121925331652164459e-02
1.643285900354385376e-02 3.507400304079055786e-02
1.278258115053176880e-02 3.080845996737480164e-02
1.156683638691902161e-02 3.431490063667297363e-02
1.364124380052089691e-02 3.139688447117805481e-02
1.003734394907951355e-02 2.819262072443962097e-02
1.571801677346229553e-02 3.358619660139083862e-02
1.049449667334556580e-02 2.947948873043060303e-02
1.598931476473808289e-02 2.226319722831249237e-02
1.732512377202510834e-02 3.064320422708988190e-02
1.886972784996032715e-02 2.905819006264209747e-02
1.575759425759315491e-02 2.133723348379135132e-02
1.752410642802715302e-02 2.728912420570850372e-02
1.625759527087211609e-02 2.801104635000228882e-02
1.722822897136211395e-02 2.821426652371883392e-02
2.063869684934616089e-02 3.263538703322410583e-02
1.668216288089752197e-02 2.743844129145145416e-02
2.176708914339542389e-02 3.092731162905693054e-02
1.679600030183792114e-02 3.216564655303955078e-02
1.719492115080356598e-02 3.007711842656135559e-02
1.709095388650894165e-02 3.300994634628295898e-02
1.747295260429382324e-02 3.144612535834312439e-02
2.132012136280536652e-02 3.476970642805099487e-02
2.234004624187946320e-02 3.733495995402336121e-02
2.601218409836292267e-02 4.072481766343116760e-02
2.126090414822101593e-02 3.319020569324493408e-02
2.358774840831756592e-02 4.065610095858573914e-02
2.029185555875301361e-02 3.638581559062004089e-02
2.316556684672832489e-02 3.203825280070304871e-02
2.074946463108062744e-02 3.798664361238479614e-02
2.238570339977741241e-02 4.153531789779663086e-02
1.927411928772926331e-02 3.230927884578704834e-02
2.015785500407218933e-02 3.645182400941848755e-02
1.751339621841907501e-02 2.761044912040233612e-02
1.671520620584487915e-02 3.400208801031112671e-02
1.981523260474205017e-02 3.393042832612991333e-02
2.005562558770179749e-02 3.813666105270385742e-02
1.705887541174888611e-02 3.194143623113632202e-02
1.576789654791355133e-02 3.052128851413726807e-02
1.993516460061073303e-02 3.569844365119934082e-02
1.620639488101005554e-02 3.312225267291069031e-02
1.507358532398939133e-02 3.266235813498497009e-02
1.492512226104736328e-02 3.158255293965339661e-02
1.221957057714462280e-02 3.548813238739967346e-02
1.516056712716817856e-02 2.885238826274871826e-02
1.223081536591053009e-02 3.128638491034507751e-02
1.326280087232589722e-02 3.375116363167762756e-02
1.348253432661294937e-02 3.409950062632560730e-02
1.457417942583560944e-02 3.042729571461677551e-02
1.610006950795650482e-02 3.114232793450355530e-02
1.568095199763774872e-02 3.343438357114791870e-02
1.442723814398050308e-02 3.358071297407150269e-02
2.010545134544372559e-02 4.354371130466461182e-02
2.108427882194519043e-02 3.698489069938659668e-02
2.232132852077484131e-02 4.029380530118942261e-02
1.901474408805370331e-02 3.270710259675979614e-02
1.741571165621280670e-02 3.148945048451423645e-02
1.881079562008380890e-02 3.987763077020645142e-02
1.697081513702869415e-02 3.632913902401924133e-02
1.954403147101402283e-02 3.712555393576622009e-02
1.834110170602798462e-02 3.597844392061233521e-02
1.889959350228309631e-02 3.761130198836326599e-02
2.073442749679088593e-02 3.822935372591018677e-02
1.840858906507492065e-02 3.291579335927963257e-02
2.195199951529502869e-02 4.274693131446838379e-02
1.927991583943367004e-02 3.950663655996322632e-02
1.913478597998619080e-02 3.510700911283493042e-02
1.968382857739925385e-02 3.360809385776519775e-02
1.849894411861896515e-02 3.311061486601829529e-02
2.298432216048240662e-02 3.874246776103973389e-02
1.852022111415863037e-02 3.419895470142364502e-02
1.878025382757186890e-02 3.475894406437873840e-02
1.593648456037044525e-02 3.158445656299591064e-02
2.020661905407905579e-02 3.894614800810813904e-02
1.421769335865974426e-02 3.280020132660865784e-02
1.667107269167900085e-02 3.048438951373100281e-02
1.806907914578914642e-02 3.810038417577743530e-02
1.653268188238143921e-02 3.354265168309211731e-02
1.905486732721328735e-02 3.593748807907104492e-02
1.952169276773929596e-02 3.447563201189041138e-02
1.941013149917125702e-02 3.317083790898323059e-02
1.985155045986175537e-02 3.302478790283203125e-02
2.002229541540145874e-02 3.273269534111022949e-02
1.731559261679649353e-02 3.113656118512153625e-02
2.116195298731327057e-02 3.599320352077484131e-02
2.225015684962272644e-02 4.273322969675064087e-02
2.002885565161705017e-02 4.823369532823562622e-02
1.973436027765274048e-02 4.860594868659973145e-02
1.832893304526805878e-02 4.477158933877944946e-02
1.933359540998935699e-02 4.538305103778839111e-02
2.205874584615230560e-02 3.781067579984664917e-02
1.961955055594444275e-02 3.539604693651199341e-02
1.953229308128356934e-02 3.731577843427658081e-02
1.536693517118692398e-02 3.522164002060890198e-02
1.674286276102066040e-02 3.963066637516021729e-02
1.600427180528640747e-02 3.623746708035469055e-02
1.865633577108383179e-02 4.061283916234970093e-02
1.517839357256889343e-02 3.605962544679641724e-02
1.663947477936744690e-02 3.957645222544670105e-02
2.001486159861087799e-02 4.234070330858230591e-02
1.556067541241645813e-02 3.761545196175575256e-02
1.512739155441522598e-02 3.202037513256072998e-02
