3.210395574569702148e-02 2.240228652954101562e-02
3.046903572976589203e-02 2.150958403944969177e-02
3.169018775224685669e-02 2.066409960389137268e-02
3.030387312173843384e-02 2.560306712985038757e-02
3.154529258608818054e-02 2.493891119956970215e-02
2.804763242602348328e-02 2.339906059205532074e-02
2.685477398335933685e-02 2.619897387921810150e-02
3.268257901072502136e-02 2.591248601675033569e-02
3.241485729813575745e-02 2.416539937257766724e-02
3.358170390129089355e-02 2.195953577756881714e-02
3.359158337116241455e-02 2.385305613279342651e-02
2.891265973448753357e-02 2.322525158524513245e-02
2.532637119293212891e-02 2.198196761310100555e-02
2.202445268630981445e-02 2.122856676578521729e-02
2.278823591768741608e-02 1.895088888704776764e-02
1.881540939211845398e-02 1.531103998422622681e-02
2.440272644162178040e-02 2.112824283540248871e-02
2.749867737293243408e-02 2.402205578982830048e-02
2.610236220061779022e-02 2.159526385366916656e-02
2.716954797506332397e-02 2.076784335076808929e-02
3.026264160871505737e-02 1.899487338960170746e-02
3.009016998112201691e-02 1.491202134639024734e-02
2.905824221670627594e-02 1.474444009363651276e-02
2.679512277245521545e-02 1.780181564390659332e-02
2.466943673789501190e-02 1.884535700082778931e-02
2.286344394087791443e-02 1.796730980277061462e-02
2.059935405850410461e-02 1.730018481612205505e-02
1.873989775776863098e-02 1.544644031673669815e-02
1.871599256992340088e-02 1.621863432228565216e-02
1.547033339738845825e-02 1.984149217605590820e-02
1.848678663372993469e-02 2.686107531189918518e-02
1.749095134437084198e-02 2.835297584533691406e-02
1.417651399970054626e-02 1.457318663597106934e-02
1.543426793068647385e-02 1.400882191956043243e-02
1.832868158817291260e-02 1.788558438420295715e-02
1.964130252599716187e-02 1.912529021501541138e-02
2.250516787171363831e-02 1.636759936809539795e-02
2.491275779902935028e-02 1.584719866514205933e-02
2.213657274842262268e-02 1.678390242159366608e-02
2.259973436594009399e-02 1.605288498103618622e-02
2.590154483914375305e-02 1.511268317699432373e-02
2.345766499638557434e-02 1.243276707828044891e-02
2.322174422442913055e-02 8.050978183746337891e-03
2.585849352180957794e-02 6.673363968729972839e-03
2.336947992444038391e-02 8.134350180625915527e-03
2.409317344427108765e-02 8.250301703810691833e-03
2.362660318613052368e-02 6.924875080585479736e-03
2.369554340839385986e-02 4.721447825431823730e-03
2.357517182826995850e-02 4.654927179217338562e-03
2.331793494522571564e-02 -1.421188935637474060e-03
2.730818279087543488e-02 2.504652366042137146e-03
2.667105384171009064e-02 1.694472506642341614e-03
2.458921261131763458e-02 2.753080800175666809e-03
2.220375277101993561e-02 3.077633678913116455e-03
2.479694411158561707e-02 7.194330915808677673e-03
2.593553066253662109e-02 1.060358434915542603e-02
2.849804237484931946e-02 7.866585627198219299e-03
3.081676922738552094e-02 5.878018215298652649e-03
3.000155836343765259e-02 4.952589049935340881e-03
3.086091205477714539e-02 7.596053183078765869e-03
2.424474433064460754e-02 5.526660010218620300e-03
2.588288486003875732e-02 8.337885141372680664e-03
2.864937111735343933e-02 8.340829983353614807e-03
2.933541126549243927e-02 1.571855507791042328e-02
3.312443941831588745e-02 1.784830912947654724e-02
3.359655290842056274e-02 1.630962826311588287e-02
3.185478970408439636e-02 2.402603253722190857e-02
3.657992184162139893e-02 1.666114851832389832e-02
3.573158755898475647e-02 1.918937265872955322e-02
3.525735810399055481e-02 2.438180334866046906e-02
3.448394313454627991e-02 2.615734748542308807e-02
3.019606508314609528e-02 2.403268776834011078e-02
2.961209043860435486e-02 2.629428915679454803e-02
2.153791487216949463e-02 1.796586625277996063e-02
1.873867213726043701e-02 1.694905199110507965e-02
1.888422854244709015e-02 2.334027737379074097e-02
2.427118271589279175e-02 2.366107702255249023e-02
2.539499849081039429e-02 2.347355335950851440e-02
2.287164516746997833e-02 2.770745754241943359e-02
2.869915775954723358e-02 2.914614975452423096e-02
3.009500540792942047e-02 2.828797139227390289e-02
2.472728490829467773e-02 2.972636930644512177e-02
2.931474149227142334e-02 2.446979284286499023e-02
3.397435322403907776e-02 1.835923641920089722e-02
3.079689666628837585e-02 1.437009312212467194e-02
3.441818803548812866e-02 1.389036513864994049e-02
3.365035355091094971e-02 1.741873100399971008e-02
3.192930296063423157e-02 1.795857585966587067e-02
3.600021079182624817e-02 1.386407390236854553e-02
3.409788757562637329e-02 1.171187870204448700e-02
3.222721442580223083e-02 2.169898711144924164e-02
3.401834517717361450e-02 1.493163593113422394e-02
3.153467178344726562e-02 1.451769098639488220e-02
3.202616423368453979e-02 1.469095796346664429e-02
3.736712783575057983e-02 1.440999656915664673e-02
3.635866567492485046e-02 1.530537381768226624e-02
3.272942826151847839e-02 1.809966936707496643e-02
3.045298159122467041e-02 1.845822855830192566e-02
3.002997487783432007e-02 1.970411092042922974e-02
3.088609501719474792e-02 2.110065519809722900e-02
3.393524512648582458e-02 2.059986442327499390e-02
3.482072055339813232e-02 1.992953382432460785e-02
2.963259443640708923e-02 1.976577192544937134e-02
2.710537984967231750e-02 2.389896847307682037e-02
3.010631725192070007e-02 2.455488406121730804e-02
2.950232103466987610e-02 2.747967839241027832e-02
3.254988044500350952e-02 1.858127675950527191e-02
2.988442406058311462e-02 1.678762584924697876e-02
3.113360889256000519e-02 2.267519384622573853e-02
3.334428369998931885e-02 1.702195033431053162e-02
3.251745551824569702e-02 1.561315543949604034e-02
2.738992869853973389e-02 1.994533836841583252e-02
2.747884392738342285e-02 2.105422131717205048e-02
2.584935165941715240e-02 1.847221329808235168e-02
2.750862948596477509e-02 1.770527102053165436e-02
2.796762995421886444e-02 1.815214008092880249e-02
2.887488529086112976e-02 1.985596865415573120e-02
2.523025497794151306e-02 1.531100366264581680e-02
2.783625945448875427e-02 2.315375395119190216e-02
2.346899546682834625e-02 2.097708545625209808e-02
2.496056258678436279e-02 2.089826576411724091e-02
2.551541104912757874e-02 1.314022019505500793e-02
2.981491759419441223e-02 2.121192216873168945e-02
2.350219711661338806e-02 1.633439399302005768e-02
2.865793555974960327e-02 1.978943310678005219e-02
2.759612724184989929e-02 2.043700404465198517e-02
2.469276078045368195e-02 1.804047636687755585e-02
2.853646129369735718e-02 2.509105019271373749e-02
2.764279767870903015e-02 1.887507922947406769e-02
2.792071737349033356e-02 1.970559172332286835e-02
2.342570759356021881e-02 1.634684391319751740e-02
2.824032865464687347e-02 2.280653454363346100e-02
2.995976433157920837e-02 2.398787066340446472e-02
2.719985879957675934e-02 1.877867989242076874e-02
2.913471311330795288e-02 2.300684526562690735e-02
2.806110680103302002e-02 1.987033337354660034e-02
2.674959041178226471e-02 1.985108666121959686e-02
2.710747346282005310e-02 1.829608157277107239e-02
2.544126659631729126e-02 2.096541784703731537e-02
3.158345073461532593e-02 1.789378002285957336e-02
2.991133928298950195e-02 2.188305556774139404e-02
2.916949801146984100e-02 1.907301694154739380e-02
2.808653004467487335e-02 1.451841183006763458e-02
2.767973393201828003e-02 1.670966669917106628e-02
3.029587119817733765e-02 1.594162918627262115e-02
2.909468486905097961e-02 1.665218919515609741e-02
2.776748128235340118e-02 1.697598956525325775e-02
3.260923549532890320e-02 2.353421971201896667e-02
3.122035786509513855e-02 2.320736087858676910e-02
3.124865517020225525e-02 2.295338548719882965e-02
2.949687466025352478e-02 2.027996629476547241e-02
3.011574782431125641e-02 2.225023135542869568e-02
2.620797604322433472e-02 2.480990067124366760e-02
2.916379086673259735e-02 2.233017049729824066e-02
3.005053661763668060e-02 1.832260936498641968e-02
2.716812118887901306e-02 2.528800070285797119e-02
3.015579655766487122e-02 1.949429884552955627e-02
3.093224018812179565e-02 1.845812611281871796e-02
3.019125945866107941e-02 1.807263679802417755e-02
3.096535056829452515e-02 1.935564167797565460e-02
3.196607157588005066e-02 1.842660084366798401e-02
3.054645471274852753e-02 2.001390978693962097e-02
2.930773422122001648e-02 1.732867211103439331e-02
2.941973134875297546e-02 1.986013539135456085e-02
2.953642234206199646e-02 2.068187296390533447e-02
3.127035871148109436e-02 1.973674260079860687e-02
2.828666009008884430e-02 1.773487776517868042e-02
3.124960884451866150e-02 2.185781113803386688e-02
3.460157662630081177e-02 2.136221714317798615e-02
3.278581798076629639e-02 2.422775328159332275e-02
2.894833870232105255e-02 2.032423391938209534e-02
2.845014072954654694e-02 1.317055709660053253e-02
2.579344622790813446e-02 1.406629197299480438e-02
2.818787284195423126e-02 1.311174966394901276e-02
2.892943657934665680e-02 1.480480097234249115e-02
3.058532997965812683e-02 2.227817848324775696e-02
3.105554543435573578e-02 1.931633241474628448e-02
2.771076187491416931e-02 1.271727494895458221e-02
2.322884462773799896e-02 1.179958321154117584e-02
2.405413053929805756e-02 1.684555970132350922e-02
2.490473166108131409e-02 1.145926117897033691e-02
3.073799610137939453e-02 1.729125343263149261e-02
3.158389031887054443e-02 1.534463651478290558e-02
3.024409711360931396e-02 1.740592531859874725e-02
2.993176877498626709e-02 2.019393630325794220e-02
2.958264946937561035e-02 1.786353252828121185e-02
2.881275489926338196e-02 1.515744440257549286e-02
2.669109031558036804e-02 1.306030154228210449e-02
2.582552470266819000e-02 1.889549009501934052e-02
2.821409143507480621e-02 1.752632111310958862e-02
3.380811214447021484e-02 1.837571337819099426e-02
2.733250334858894348e-02 2.425273507833480835e-02
3.116367012262344360e-02 2.361619658768177032e-02
3.240753710269927979e-02 2.510066330432891846e-02
2.982256002724170685e-02 2.582763135433197021e-02
2.850886993110179901e-02 2.156310901045799255e-02
2.634127438068389893e-02 2.304029092192649841e-02
2.735248953104019165e-02 2.343867160379886627e-02
2.461101673543453217e-02 1.927351579070091248e-02
2.244649827480316162e-02 1.713291183114051819e-02
2.307204902172088623e-02 2.021777629852294922e-02
2.036005444824695587e-02 2.044810354709625244e-02
1.870556920766830444e-02 1.913804560899734497e-02
2.216636762022972107e-02 2.269382216036319733e-02
2.051234245300292969e-02 2.351827919483184814e-02
1.847662776708602905e-02 2.247012779116630554e-02
2.206383273005485535e-02 2.205761894583702087e-02
2.418770454823970795e-02 2.520577423274517059e-02
2.562792226672172546e-02 2.387191914021968842e-02
2.489545755088329315e-02 2.677096985280513763e-02
2.511126734316349030e-02 1.763658598065376282e-02
2.878017351031303406e-02 1.816532388329505920e-02
2.465887926518917084e-02 1.981571316719055176e-02
2.682344615459442139e-02 1.622104644775390625e-02
2.535447105765342712e-02 1.399044133722782135e-02
2.542473003268241882e-02 9.376393631100654602e-03
2.582537196576595306e-02 1.257897727191448212e-02
2.698912099003791809e-02 7.146084681153297424e-03
2.917653881013393402e-02 8.561147376894950867e-03
3.215275704860687256e-02 1.003962196409702301e-02
2.970491535961627960e-02 1.169359125196933746e-02
3.350670263171195984e-02 1.386073790490627289e-02
3.423136472702026367e-02 1.547442562878131866e-02
3.289682790637016296e-02 1.421481743454933167e-02
2.945042029023170471e-02 1.908076740801334381e-02
3.318905457854270935e-02 2.195513062179088593e-02
3.538082540035247803e-02 2.039333432912826538e-02
3.855258226394653320e-02 1.652414351701736450e-02
4.251654446125030518e-02 2.258911542594432831e-02
4.472614079713821411e-02 1.585507206618785858e-02
4.330956190824508667e-02 1.817769370973110199e-02
4.373101517558097839e-02 1.846915110945701599e-02
3.927243128418922424e-02 1.703442633152008057e-02
3.791712597012519836e-02 2.007654868066310883e-02
3.623830899596214294e-02 1.872073113918304443e-02
3.751697018742561340e-02 1.364858634769916534e-02
3.370802104473114014e-02 1.523829996585845947e-02
3.406419605016708374e-02 1.820738241076469421e-02
2.594633400440216064e-02 1.396903023123741150e-02
2.561242505908012390e-02 1.153131760656833649e-02
2.829745598137378693e-02 9.888032451272010803e-03
2.509447187185287476e-02 1.550554670393466949e-02
2.526125311851501465e-02 1.409938558936119080e-02
2.979723364114761353e-02 1.397156156599521637e-02
3.248970210552215576e-02 2.209646813571453094e-02
2.955135144293308258e-02 2.093820832669734955e-02
2.620463073253631592e-02 2.314328029751777649e-02
2.374022826552391052e-02 1.733754947781562805e-02
2.322690561413764954e-02 1.971296221017837524e-02
2.833678387105464935e-02 1.840694434940814972e-02
3.364258259534835815e-02 1.823507249355316162e-02
3.105258010327816010e-02 1.408902741968631744e-02
3.374538570642471313e-02 1.607764326035976410e-02
3.836897760629653931e-02 1.664482243359088898e-02
3.514539822936058044e-02 1.617067120969295502e-02
3.303395584225654602e-02 1.589966751635074615e-02
3.686806932091712952e-02 1.576848141849040985e-02
3.717238456010818481e-02 7.440289482474327087e-03
3.270895406603813171e-02 2.262869849801063538e-03
2.832575328648090363e-02 8.665880188345909119e-03
3.183551505208015442e-02 7.905213162302970886e-03
2.945473231375217438e-02 5.910130217671394348e-03
2.611545845866203308e-02 1.128697954118251801e-02
2.792188338935375214e-02 1.360495947301387787e-02
2.813415415585041046e-02 1.204074174165725708e-02
2.937362343072891235e-02 4.400337114930152893e-03
2.600756846368312836e-02 4.443397745490074158e-03
2.791445888578891754e-02 1.342579908668994904e-02
2.994751185178756714e-02 1.464562304317951202e-02
2.406351268291473389e-02 8.097892627120018005e-03
2.572154998779296875e-02 6.510553881525993347e-03
2.672924101352691650e-02 1.025737263262271881e-02
2.666845917701721191e-02 6.098510697484016418e-03
2.286840230226516724e-02 1.040709577500820160e-02
2.265365235507488251e-02 1.011792756617069244e-02
2.535593695938587189e-02 9.424393996596336365e-03
2.234268561005592346e-02 1.262323372066020966e-02
2.806785516440868378e-02 1.033587008714675903e-02
2.477196045219898224e-02 1.172713749110698700e-02
2.382237091660499573e-02 9.875170886516571045e-03
2.546094357967376709e-02 1.203770749270915985e-02
2.517738752067089081e-02 1.061270385980606079e-02
2.503220736980438232e-02 1.078102551400661469e-02
2.345892973244190216e-02 1.274117641150951385e-02
2.394332364201545715e-02 1.667557284235954285e-02
2.400758862495422363e-02 1.645616255700588226e-02
2.781787142157554626e-02 1.931611448526382446e-02
2.841914631426334381e-02 2.015844173729419708e-02
2.377296984195709229e-02 1.494624838232994080e-02
2.314605936408042908e-02 1.506095845252275467e-02
2.254104427993297577e-02 1.854010298848152161e-02
2.583096362650394440e-02 1.678730733692646027e-02
3.360169753432273865e-02 3.103673830628395081e-02
3.477870672941207886e-02 2.809169888496398926e-02
3.112150728702545166e-02 1.841444894671440125e-02
2.401110902428627014e-02 1.738644018769264221e-02
2.504734322428703308e-02 1.607086136937141418e-02
2.259186841547489166e-02 1.859384402632713318e-02
2.123218774795532227e-02 1.693704165518283844e-02
2.424329519271850586e-02 2.356957085430622101e-02
2.448071725666522980e-02 2.172088995575904846e-02
2.463418431580066681e-02 2.091661840677261353e-02
2.469954080879688263e-02 1.820977777242660522e-02
2.895957604050636292e-02 2.115536294877529144e-02
2.577616646885871887e-02 2.008380182087421417e-02
2.789574675261974335e-02 2.436393499374389648e-02
2.103025838732719421e-02 2.127786725759506226e-02
2.173024974763393402e-02 2.703266032040119171e-02
2.649352513253688812e-02 1.363039948046207428e-02
2.573783509433269501e-02 1.423717103898525238e-02
2.280388027429580688e-02 1.936986669898033142e-02
2.152921631932258606e-02 1.826012507081031799e-02
2.255745232105255127e-02 2.270301431417465210e-02
1.611297577619552612e-02 2.505209110677242279e-02
2.381797507405281067e-02 2.188049629330635071e-02
3.117998875677585602e-02 2.577224001288414001e-02
3.291099518537521362e-02 2.656902000308036804e-02
3.067936375737190247e-02 2.791125699877738953e-02
3.172462806105613708e-02 3.144318237900733948e-02
2.961097471415996552e-02 2.483488246798515320e-02
2.578295022249221802e-02 3.157474845647811890e-02
2.001907303929328918e-02 3.404194116592407227e-02
2.354574576020240784e-02 3.741475939750671387e-02
2.308763377368450165e-02 3.881692141294479370e-02
1.996183022856712341e-02 3.170511871576309204e-02
2.761621214449405670e-02 2.540122345089912415e-02
2.443063072860240936e-02 2.890344336628913879e-02
2.031507529318332672e-02 2.879027836024761200e-02
2.041593194007873535e-02 2.721012756228446960e-02
1.924088969826698303e-02 3.239069133996963501e-02
1.148882508277893066e-02 3.235171362757682800e-02
1.780606433749198914e-02 3.817969560623168945e-02
1.564406603574752808e-02 2.933208085596561432e-02
1.227263920009136200e-02 2.854031883180141449e-02
2.145164646208286285e-02 3.477948531508445740e-02
1.756570860743522644e-02 2.917605452239513397e-02
1.359543018043041229e-02 2.650836668908596039e-02
1.560043543577194214e-02 2.396017126739025116e-02
1.397787034511566162e-02 2.872663550078868866e-02
1.644732430577278137e-02 2.068767324090003967e-02
1.798453181982040405e-02 2.435204014182090759e-02
2.085159346461296082e-02 2.098533883690834045e-02
1.964423619210720062e-02 2.039543725550174713e-02
2.479249984025955200e-02 1.802030019462108612e-02
3.029274940490722656e-02 1.760871149599552155e-02
2.737309038639068604e-02 2.014245279133319855e-02
2.646318823099136353e-02 1.730257272720336914e-02
3.147365525364875793e-02 9.517714381217956543e-03
3.263047710061073303e-02 2.129638195037841797e-02
2.788442373275756836e-02 1.739896461367607117e-02
2.317222952842712402e-02 1.433911919593811035e-02
2.400155551731586456e-02 1.917079463601112366e-02
2.785367146134376526e-02 1.750194653868675232e-02
2.583189681172370911e-02 1.940371096134185791e-02
2.474946528673171997e-02 1.605013571679592133e-02
2.829558402299880981e-02 1.759899593889713287e-02
2.782477810978889465e-02 2.483297884464263916e-02
3.134549036622047424e-02 2.660361118614673615e-02
3.093359246850013733e-02 2.356975339353084564e-02
2.778878621757030487e-02 1.897740922868251801e-02
2.635676413774490356e-02 1.767776161432266235e-02
2.832427620887756348e-02 1.907736063003540039e-02
2.572170831263065338e-02 1.931582391262054443e-02
2.464595064520835876e-02 2.140263095498085022e-02
2.444093115627765656e-02 2.068877592682838440e-02
2.259638905525207520e-02 1.708248816430568695e-02
2.482929825782775879e-02 2.249622158706188202e-02
2.086353115737438202e-02 1.395855098962783813e-02
2.414955757558345795e-02 1.189541630446910858e-02
2.472385391592979431e-02 8.979398757219314575e-03
2.102437615394592285e-02 1.203359477221965790e-02
2.359884791076183319e-02 9.490514174103736877e-03
2.365561388432979584e-02 1.074140705168247223e-02
2.409551478922367096e-02 1.449812948703765869e-02
2.637642435729503632e-02 2.403150871396064758e-02
2.321976423263549805e-02 2.668666280806064606e-02
2.093951962888240814e-02 2.361747436225414276e-02
1.894694007933139801e-02 2.517900988459587097e-02
1.795030198991298676e-02 2.539279870688915253e-02
1.926894299685955048e-02 2.824558503925800323e-02
1.844604499638080597e-02 2.857832051813602448e-02
1.751628518104553223e-02 2.218515798449516296e-02
2.317203953862190247e-02 2.660992182791233063e-02
2.477853745222091675e-02 2.732089534401893616e-02
2.348748035728931427e-02 2.926123328506946564e-02
2.256455644965171814e-02 2.366820536553859711e-02
2.369271591305732727e-02 2.260242961347103119e-02
2.674327231943607330e-02 2.376657724380493164e-02
2.619572356343269348e-02 2.775461971759796143e-02
2.852249145507812500e-02 2.647988870739936829e-02
3.008422069251537323e-02 3.141233697533607483e-02
3.013678826391696930e-02 3.237003460526466370e-02
3.137348592281341553e-02 3.061642870306968689e-02
3.243811056017875671e-02 3.165425732731819153e-02
3.224141150712966919e-02 3.343119099736213684e-02
3.268641233444213867e-02 3.314528241753578186e-02
3.416954725980758667e-02 3.313072025775909424e-02
3.526282683014869690e-02 3.419721871614456177e-02
3.455120697617530823e-02 3.283718973398208618e-02
3.456508368253707886e-02 3.063293546438217163e-02
3.505759686231613159e-02 2.969701960682868958e-02
3.251187875866889954e-02 2.990730851888656616e-02
2.937086671590805054e-02 2.534716948866844177e-02
2.578378841280937195e-02 2.211080305278301239e-02
2.724270336329936981e-02 2.513008564710617065e-02
2.146303653717041016e-02 2.062213420867919922e-02
1.173802092671394348e-02 1.475529000163078308e-02
9.148795157670974731e-03 1.519817858934402466e-02
1.324860006570816040e-02 1.406301371753215790e-02
1.518598943948745728e-02 8.912166580557823181e-03
1.412589848041534424e-02 1.044426299631595612e-02
1.399800367653369904e-02 8.553890511393547058e-03
1.628498174250125885e-02 8.910497650504112244e-03
1.427832990884780884e-02 9.897017851471900940e-03
1.499368809163570404e-02 7.841903716325759888e-03
1.275930181145668030e-02 8.634408935904502869e-03
1.352461613714694977e-02 7.045382633805274963e-03
1.247259043157100677e-02 7.506471127271652222e-03
1.445443928241729736e-02 1.129967160522937775e-02
1.213636621832847595e-02 1.578319072723388672e-02
1.076518744230270386e-02 1.252472214400768280e-02
1.055717095732688904e-02 7.758621126413345337e-03
1.516285538673400879e-02 7.982267066836357117e-03
1.575200818479061127e-02 7.000548765063285828e-03
1.705905422568321228e-02 6.804883480072021484e-03
1.498989947140216827e-02 8.354326710104942322e-03
1.635114848613739014e-02 9.952617809176445007e-03
1.947524584829807281e-02 1.170152984559535980e-02
1.880781911313533783e-02 1.100884377956390381e-02
1.786215789616107941e-02 9.672617539763450623e-03
1.846108585596084595e-02 1.016618125140666962e-02
1.762981899082660675e-02 9.382722899317741394e-03
2.048173546791076660e-02 6.373187527060508728e-03
2.001086436212062836e-02 2.796994522213935852e-03
1.933599822223186493e-02 2.505308017134666443e-03
2.087671309709548950e-02 2.056730911135673523e-03
1.815973222255706787e-02 3.186957910656929016e-03
1.426938176155090332e-02 5.600983276963233948e-03
1.357421837747097015e-02 5.809521302580833435e-03
1.509428024291992188e-02 6.382098421454429626e-03
1.531374268233776093e-02 6.264651194214820862e-03
1.561424229294061661e-02 5.220545455813407898e-03
1.628285460174083710e-02 3.120129927992820740e-03
1.485694013535976410e-02 3.623550757765769958e-03
1.569708995521068573e-02 5.537258461117744446e-03
1.823016069829463959e-02 5.988603457808494568e-03
1.755397394299507141e-02 6.819015368819236755e-03
1.746623963117599487e-02 5.437834188342094421e-03
1.563674211502075195e-02 6.555678322911262512e-03
1.587382704019546509e-02 5.898015573620796204e-03
1.621084287762641907e-02 5.774006247520446777e-03
1.578772999346256256e-02 5.413616076111793518e-03
1.578868366777896881e-02 5.883397534489631653e-03
1.730778440833091736e-02 6.357045844197273254e-03
1.726933754980564117e-02 6.347479298710823059e-03
1.410942897200584412e-02 3.996936604380607605e-03
1.149716973304748535e-02 4.010692238807678223e-03
1.229074783623218536e-02 5.521954968571662903e-03
1.307072862982749939e-02 6.355946883559226990e-03
1.588004082441329956e-02 8.075445890426635742e-03
1.683819293975830078e-02 1.033986546099185944e-02
1.627096533775329590e-02 1.420132629573345184e-02
1.783710345625877380e-02 1.310231350362300873e-02
1.588580757379531860e-02 1.275090314447879791e-02
1.524143107235431671e-02 1.298090629279613495e-02
1.475022733211517334e-02 1.213607192039489746e-02
1.306360773742198944e-02 1.201473735272884369e-02
1.438312605023384094e-02 1.370939053595066071e-02
1.332278922200202942e-02 1.393357850611209869e-02
1.327555254101753235e-02 1.446375623345375061e-02
1.412915624678134918e-02 1.472947932779788971e-02
1.490380428731441498e-02 1.562742888927459717e-02
1.347322389483451843e-02 1.376989111304283142e-02
1.374204829335212708e-02 1.367907971143722534e-02
1.119170710444450378e-02 1.282458566129207611e-02
1.121283322572708130e-02 1.006338931620121002e-02
1.283360831439495087e-02 8.261855691671371460e-03
1.359487324953079224e-02 8.586579933762550354e-03
1.543256267905235291e-02 1.067716255784034729e-02
1.432608999311923981e-02 8.353959769010543823e-03
1.715841889381408691e-02 9.266110137104988098e-03
1.823736727237701416e-02 7.800871506333351135e-03
1.837647333741188049e-02 7.195433601737022400e-03
1.928398571908473969e-02 1.076777093112468719e-02
1.749188266694545746e-02 1.148207299411296844e-02
1.871364377439022064e-02 1.083253324031829834e-02
1.745272986590862274e-02 8.223706856369972229e-03
1.954885944724082947e-02 1.299963705241680145e-02
1.701172627508640289e-02 1.648744754493236542e-02
1.467129215598106384e-02 1.423325762152671814e-02
1.593033783137798309e-02 2.029078826308250427e-02
1.713173650205135345e-02 2.036606520414352417e-02
1.926907524466514587e-02 2.271421253681182861e-02
1.989601366221904755e-02 1.908463798463344574e-02
1.520909741520881653e-02 1.490564178675413132e-02
1.946828514337539673e-02 1.348446868360042572e-02
1.947119832038879395e-02 1.423746161162853241e-02
1.734919846057891846e-02 1.768291927874088287e-02
1.413475349545478821e-02 1.039038412272930145e-02
1.334871724247932434e-02 9.308742359280586243e-03
1.808190345764160156e-02 1.191829517483711243e-02
2.368378266692161560e-02 2.246154285967350006e-02
2.028954587876796722e-02 2.339964173734188080e-02
2.035783976316452026e-02 1.966880448162555695e-02
2.536938339471817017e-02 2.772288024425506592e-02
2.607596665620803833e-02 2.626879885792732239e-02
2.835860103368759155e-02 2.174808271229267120e-02
2.790597639977931976e-02 2.196489460766315460e-02
2.921562641859054565e-02 2.645762450993061066e-02
2.903436683118343353e-02 2.550020068883895874e-02
2.229671552777290344e-02 2.037992887198925018e-02
2.283229120075702667e-02 2.569893747568130493e-02
2.753924764692783356e-02 2.808806672692298889e-02
2.691606618463993073e-02 2.125602960586547852e-02
2.826011553406715393e-02 2.316830679774284363e-02
2.834783494472503662e-02 2.461043745279312134e-02
3.277365863323211670e-02 2.495638281106948853e-02
3.374824300408363342e-02 3.357861936092376709e-02
3.205276280641555786e-02 2.754666469991207123e-02
3.742934763431549072e-02 2.757421135902404785e-02
3.456598520278930664e-02 2.866872772574424744e-02
3.567926213145256042e-02 3.221441060304641724e-02
3.425020352005958557e-02 3.244495764374732971e-02
3.138348087668418884e-02 2.727491036057472229e-02
3.125464543700218201e-02 2.810420840978622437e-02
2.712557278573513031e-02 3.223109617829322815e-02
3.021242469549179077e-02 3.262101486325263977e-02
2.722126431763172150e-02 3.287459909915924072e-02
2.562731318175792694e-02 3.371647000312805176e-02
2.823062427341938019e-02 3.521560132503509521e-02
3.140668570995330811e-02 3.116338513791561127e-02
3.027853183448314667e-02 3.378915786743164062e-02
2.891674637794494629e-02 3.371727094054222107e-02
2.940234169363975525e-02 2.904290333390235901e-02
3.369610756635665894e-02 2.915812097489833832e-02
2.915510535240173340e-02 2.502710744738578796e-02
2.388320490717887878e-02 2.876949496567249298e-02
3.095973283052444458e-02 2.735579200088977814e-02
2.839478664100170135e-02 2.721875905990600586e-02
2.881337329745292664e-02 2.510920539498329163e-02
2.656435221433639526e-02 2.485466562211513519e-02
2.639072760939598083e-02 2.564358338713645935e-02
2.832921408116817474e-02 2.798141725361347198e-02
3.225935623049736023e-02 2.675605192780494690e-02
2.549220621585845947e-02 2.651074528694152832e-02
2.310190349817276001e-02 2.564417943358421326e-02
2.807678654789924622e-02 2.774356491863727570e-02
2.758668735623359680e-02 2.429946698248386383e-02
2.389374747872352600e-02 1.955300197005271912e-02
2.205344289541244507e-02 2.204513549804687500e-02
3.092899359762668610e-02 3.059247508645057678e-02
2.654999494552612305e-02 2.608789317309856415e-02
2.695692330598831177e-02 2.043187804520130157e-02
2.723279036581516266e-02 2.586377039551734924e-02
2.747776918113231659e-02 2.586877532303333282e-02
3.346197307109832764e-02 2.553161978721618652e-02
2.456719055771827698e-02 1.962775737047195435e-02
3.596761822700500488e-02 1.995836943387985229e-02
3.201317414641380310e-02 1.653717458248138428e-02
2.896318957209587097e-02 1.450800895690917969e-02
3.420099616050720215e-02 1.787740178406238556e-02
3.752297163009643555e-02 2.146902307868003845e-02
2.980443276464939117e-02 1.729604043066501617e-02
2.495632693171501160e-02 1.586470007896423340e-02
2.528255432844161987e-02 1.465542055666446686e-02
2.585582435131072998e-02 1.583867892622947693e-02
2.376751974225044250e-02 1.358504220843315125e-02
2.508426271378993988e-02 1.543858088552951813e-02
2.843870967626571655e-02 1.704003661870956421e-02
2.530113048851490021e-02 1.630776375532150269e-02
2.638967521488666534e-02 1.649229414761066437e-02
2.703936398029327393e-02 1.862996071577072144e-02
2.643215097486972809e-02 1.739472895860671997e-02
2.902374789118766785e-02 1.600437238812446594e-02
2.612365037202835083e-02 1.693666353821754456e-02
2.791563980281352997e-02 1.850620284676551819e-02
2.528700418770313263e-02 2.131251059472560883e-02
2.051774784922599792e-02 1.487866789102554321e-02
2.716735005378723145e-02 1.309176348149776459e-02
3.069746680557727814e-02 1.478583551943302155e-02
2.445924095809459686e-02 1.485912129282951355e-02
2.363796904683113098e-02 1.423874683678150177e-02
2.503940835595130920e-02 1.644058898091316223e-02
2.561033703386783600e-02 1.657484099268913269e-02
2.461637184023857117e-02 1.664416119456291199e-02
2.738193050026893616e-02 2.111424691975116730e-02
2.761274576187133789e-02 2.288882806897163391e-02
2.892778813838958740e-02 2.578202635049819946e-02
2.617937326431274414e-02 2.375329658389091492e-02
2.507380209863185883e-02 2.673478238284587860e-02
2.740823104977607727e-02 2.636952884495258331e-02
2.355785295367240906e-02 2.442708797752857208e-02
2.608240768313407898e-02 2.621098980307579041e-02
2.280677855014801025e-02 2.459750883281230927e-02
1.975471526384353638e-02 2.213601954281330109e-02
2.355308458209037781e-02 2.438236027956008911e-02
3.189820423722267151e-02 2.759288623929023743e-02
2.381545305252075195e-02 2.085820958018302917e-02
1.510693505406379700e-02 2.426004037261009216e-02
1.869580522179603577e-02 2.133660949766635895e-02
1.826340146362781525e-02 2.362867072224617004e-02
1.698790863156318665e-02 2.164683677256107330e-02
1.473415270447731018e-02 2.170476131141185760e-02
1.979221403598785400e-02 2.105397731065750122e-02
1.773731037974357605e-02 1.866544038057327271e-02
1.889346167445182800e-02 1.632287912070751190e-02
1.933387666940689087e-02 2.267874777317047119e-02
1.712354645133018494e-02 1.823443174362182617e-02
1.421613991260528564e-02 1.769576035439968109e-02
1.671502366662025452e-02 2.173643745481967926e-02
1.893492788076400757e-02 2.056271582841873169e-02
1.915505155920982361e-02 2.810861542820930481e-02
2.248555608093738556e-02 2.267140895128250122e-02
1.815657317638397217e-02 2.150673046708106995e-02
1.456698589026927948e-02 2.514019608497619629e-02
1.826355978846549988e-02 3.050683066248893738e-02
2.009749785065650940e-02 2.589954435825347900e-02
1.899092644453048706e-02 2.520585060119628906e-02
1.806739345192909241e-02 2.220431715250015259e-02
1.081659644842147827e-02 2.356334775686264038e-02
1.507068797945976257e-02 2.467382140457630157e-02
1.963102817535400391e-02 3.099107742309570312e-02
1.699455827474594116e-02 2.938731014728546143e-02
2.205806970596313477e-02 2.390295267105102539e-02
2.298857644200325012e-02 2.634371072053909302e-02
2.222174964845180511e-02 2.506331354379653931e-02
2.256071567535400391e-02 2.377926744520664215e-02
2.353297546505928040e-02 2.564123645424842834e-02
2.597851119935512543e-02 2.995230443775653839e-02
2.154110930860042572e-02 1.902353763580322266e-02
1.961120031774044037e-02 1.940706558525562286e-02
1.942335814237594604e-02 1.647865213453769684e-02
1.993567869067192078e-02 1.894321106374263763e-02
2.491810172796249390e-02 2.089156769216060638e-02
2.203026413917541504e-02 1.913654059171676636e-02
2.502709999680519104e-02 2.317813970148563385e-02
2.295219525694847107e-02 1.779070496559143066e-02
2.053031697869300842e-02 1.389925181865692139e-02
2.111863344907760620e-02 1.741448976099491119e-02
2.244309335947036743e-02 1.839354261755943298e-02
2.633782662451267242e-02 1.699138991534709930e-02
2.055746875703334808e-02 1.413528621196746826e-02
1.593961939215660095e-02 1.379001699388027191e-02
1.872441172599792480e-02 1.959474757313728333e-02
2.085630409419536591e-02 1.878938823938369751e-02
2.306044101715087891e-02 1.847122423350811005e-02
2.440538816154003143e-02 1.720119640231132507e-02
2.670948393642902374e-02 2.251085266470909119e-02
2.648911066353321075e-02 1.841000840067863464e-02
2.345094457268714905e-02 1.856578886508941650e-02
2.827053330838680267e-02 2.255472540855407715e-02
3.017603978514671326e-02 2.612630650401115417e-02
2.808848023414611816e-02 2.500452287495136261e-02
2.678791992366313934e-02 2.639706991612911224e-02
2.491707913577556610e-02 2.732980623841285706e-02
3.250703215599060059e-02 2.761170454323291779e-02
2.467963285744190216e-02 2.691675908863544464e-02
2.175725810229778290e-02 1.866688206791877747e-02
1.813770458102226257e-02 1.899800077080726624e-02
2.165225148200988770e-02 2.139136940240859985e-02
2.805700525641441345e-02 2.442702278494834900e-02
2.379407919943332672e-02 2.042188122868537903e-02
2.467049285769462585e-02 1.978312619030475616e-02
2.527013607323169708e-02 2.031378075480461121e-02
2.300461567938327789e-02 1.703034341335296631e-02
2.359011583030223846e-02 1.718186959624290466e-02
2.195854485034942627e-02 1.738451793789863586e-02
2.918301336467266083e-02 2.519530802965164185e-02
2.834173478186130524e-02 2.407730370759963989e-02
2.413769252598285675e-02 2.073534950613975525e-02
2.713760919868946075e-02 2.475521527230739594e-02
2.877669222652912140e-02 2.719385549426078796e-02
2.849307470023632050e-02 2.633590623736381531e-02
2.805589139461517334e-02 2.774833515286445618e-02
2.869827114045619965e-02 2.824399806559085846e-02
2.669576182961463928e-02 2.587444707751274109e-02
2.867673709988594055e-02 2.567838132381439209e-02
2.917678281664848328e-02 2.735446952283382416e-02
2.849267609417438507e-02 2.813186123967170715e-02
2.594530209898948669e-02 2.517210692167282104e-02
2.754594758152961731e-02 2.651198953390121460e-02
2.860311791300773621e-02 2.741020731627941132e-02
2.919367514550685883e-02 2.805900201201438904e-02
2.977666817605495453e-02 2.860251069068908691e-02
3.016134165227413177e-02 2.884778752923011780e-02
2.914202958345413208e-02 2.790753170847892761e-02
2.892639301717281342e-02 2.744896151125431061e-02
2.757957577705383301e-02 2.617616206407546997e-02
2.067051455378532410e-02 1.916179805994033813e-02
1.265160180628299713e-02 1.122297532856464386e-02
1.030902937054634094e-02 8.580766618251800537e-03
1.260575093328952789e-02 1.099681667983531952e-02
1.056149043142795563e-02 8.772389963269233704e-03
1.252843439579010010e-02 1.113933138549327850e-02
1.296364143490791321e-02 1.138753257691860199e-02
1.469815149903297424e-02 1.320249773561954498e-02
1.418244466185569763e-02 1.233778707683086395e-02
1.524625346064567566e-02 1.284407638013362885e-02
1.497621834278106689e-02 1.167624257504940033e-02
1.459647715091705322e-02 1.205168478190898895e-02
1.530823856592178345e-02 1.199379377067089081e-02
1.375476084649562836e-02 1.166399195790290833e-02
1.583871617913246155e-02 1.416923664510250092e-02
1.475932076573371887e-02 1.290614902973175049e-02
1.457993313670158386e-02 1.375387050211429596e-02
1.463590189814567566e-02 1.388761773705482483e-02
1.219329796731472015e-02 1.349002309143543243e-02
1.329650916159152985e-02 1.678901538252830505e-02
8.199071511626243591e-03 1.766357757151126862e-02
1.185640692710876465e-02 1.474622637033462524e-02
1.292176544666290283e-02 1.306216977536678314e-02
1.307502575218677521e-02 1.324097998440265656e-02
1.665876433253288269e-02 1.705598831176757812e-02
1.863680407404899597e-02 1.768289133906364441e-02
1.806890591979026794e-02 1.713700033724308014e-02
2.089188806712627411e-02 2.119348943233489990e-02
1.812824420630931854e-02 1.962277479469776154e-02
1.766093634068965912e-02 2.124851383268833160e-02
1.693808101117610931e-02 2.137221768498420715e-02
1.860629580914974213e-02 2.201084047555923462e-02
2.066356875002384186e-02 2.507127821445465088e-02
1.436999812722206116e-02 2.052939869463443756e-02
1.486808992922306061e-02 2.278709597885608673e-02
1.347535476088523865e-02 1.995655894279479980e-02
1.219421252608299255e-02 2.132759988307952881e-02
1.100450940430164337e-02 2.083374932408332825e-02
8.088305592536926270e-03 1.953916065394878387e-02
1.405859366059303284e-02 2.139823138713836670e-02
1.137171685695648193e-02 1.861582882702350616e-02
1.147121563553810120e-02 1.648085936903953552e-02
1.457906514406204224e-02 1.461412943899631500e-02
1.310907676815986633e-02 1.353981532156467438e-02
1.331771537661552429e-02 1.486504636704921722e-02
1.034476235508918762e-02 1.648921333253383636e-02
1.255457662045955658e-02 1.657560840249061584e-02
1.252986490726470947e-02 1.572692580521106720e-02
1.275630295276641846e-02 1.723108999431133270e-02
1.352950558066368103e-02 1.758805289864540100e-02
1.271465420722961426e-02 1.637669838964939117e-02
1.423316448926925659e-02 1.490280404686927795e-02
1.234127394855022430e-02 1.466187648475170135e-02
1.240906119346618652e-02 1.422511599957942963e-02
1.110258698463439941e-02 1.618244498968124390e-02
1.145257055759429932e-02 1.356886699795722961e-02
1.184246689081192017e-02 1.536485459655523300e-02
1.122512854635715485e-02 1.544135808944702148e-02
9.517045691609382629e-03 1.762667112052440643e-02
1.336538791656494141e-02 1.338653080165386200e-02
1.478041335940361023e-02 1.450566947460174561e-02
1.428208500146865845e-02 1.543702185153961182e-02
1.433539949357509613e-02 1.332076080143451691e-02
1.449698582291603088e-02 1.453385129570960999e-02
1.346103847026824951e-02 1.584815047681331635e-02
1.306669786572456360e-02 1.803662255406379700e-02
1.402871310710906982e-02 1.749159768223762512e-02
1.433514989912509918e-02 1.493834611028432846e-02
1.467153429985046387e-02 1.400463841855525970e-02
1.376156322658061981e-02 1.305600814521312714e-02
1.198255829513072968e-02 1.458470709621906281e-02
1.122856512665748596e-02 1.237298548221588135e-02
1.260491460561752319e-02 1.299838908016681671e-02
1.183174923062324524e-02 1.646514795720577240e-02
1.053687185049057007e-02 1.532819680869579315e-02
1.337738335132598877e-02 1.511612534523010254e-02
1.274323835968971252e-02 1.556476019322872162e-02
1.132158376276493073e-02 1.526529714465141296e-02
1.476397737860679626e-02 2.004912495613098145e-02
1.241804286837577820e-02 1.760057546198368073e-02
1.207251474261283875e-02 1.697032526135444641e-02
1.265880465507507324e-02 1.634848676621913910e-02
9.392326697707176208e-03 1.752087846398353577e-02
1.181112602353096008e-02 1.631392166018486023e-02
9.113915264606475830e-03 1.549910008907318115e-02
1.026761531829833984e-02 1.518259756267070770e-02
1.017380878329277039e-02 1.331609301269054413e-02
1.045761629939079285e-02 1.189448870718479156e-02
1.564505323767662048e-02 1.440156623721122742e-02
1.651098579168319702e-02 1.516216620802879333e-02
2.209322527050971985e-02 1.649941876530647278e-02
2.220292389392852783e-02 1.767430081963539124e-02
1.801676116883754730e-02 1.452747173607349396e-02
8.737048134207725525e-03 1.540191285312175751e-02
1.490970514714717865e-02 1.714051514863967896e-02
1.396053284406661987e-02 1.351850852370262146e-02
1.593802496790885925e-02 1.876898296177387238e-02
2.540250867605209351e-02 2.122218534350395203e-02
2.284009009599685669e-02 1.493026223033666611e-02
1.194373890757560730e-02 1.543875783681869507e-02
8.317181840538978577e-03 1.134482771158218384e-02
8.532073348760604858e-03 9.833129122853279114e-03
1.139442622661590576e-02 9.829467162489891052e-03
1.147533953189849854e-02 9.376494213938713074e-03
1.433122530579566956e-02 8.231991901993751526e-03
1.031210832297801971e-02 9.518643841147422791e-03
9.173512458801269531e-03 9.272476658225059509e-03
9.605351835489273071e-03 1.352635957300662994e-02
6.259957328438758850e-03 1.276900246739387512e-02
9.303845465183258057e-03 1.600652188062667847e-02
8.922491222620010376e-03 1.305638067424297333e-02
1.351126655936241150e-02 1.702019199728965759e-02
1.285756938159465790e-02 1.465932279825210571e-02
1.277082413434982300e-02 1.452014781534671783e-02
8.563863113522529602e-03 1.357518695294857025e-02
1.078833267092704773e-02 1.291531324386596680e-02
1.221739128232002258e-02 1.431815885007381439e-02
1.179230958223342896e-02 1.183507964015007019e-02
1.325326785445213318e-02 1.343896426260471344e-02
1.278082653880119324e-02 1.152366958558559418e-02
1.404996775090694427e-02 1.313446089625358582e-02
1.490432582795619965e-02 1.472589559853076935e-02
1.530519872903823853e-02 1.537953317165374756e-02
1.346540078520774841e-02 1.613358221948146820e-02
1.016491651535034180e-02 1.359317079186439514e-02
8.747955784201622009e-03 1.510890107601881027e-02
1.108800992369651794e-02 1.401681639254093170e-02
1.092581823468208313e-02 1.204772666096687317e-02
1.028604432940483093e-02 1.192561537027359009e-02
1.560419891029596329e-02 1.327123679220676422e-02
1.153957098722457886e-02 1.368149742484092712e-02
3.537423908710479736e-03 1.539076026529073715e-02
6.687127053737640381e-03 1.542620081454515457e-02
9.150277823209762573e-03 1.441689953207969666e-02
9.226584807038307190e-03 1.189022697508335114e-02
1.180157624185085297e-02 1.181841827929019928e-02
1.312046125531196594e-02 1.123379729688167572e-02
1.709501817822456360e-02 1.282052509486675262e-02
1.068764179944992065e-02 1.335330493748188019e-02
9.857106953859329224e-03 1.306420750916004181e-02
1.522884145379066467e-02 1.264456473290920258e-02
1.805973425507545471e-02 1.234740018844604492e-02
8.577968925237655640e-03 8.429164066910743713e-03
9.052570909261703491e-03 9.446557611227035522e-03
1.441925391554832458e-02 9.511671960353851318e-03
1.824887283146381378e-02 1.094491593539714813e-02
2.070849016308784485e-02 1.005054824054241180e-02
2.729060128331184387e-02 2.063452452421188354e-02
3.016287460923194885e-02 2.166609093546867371e-02
2.968403510749340057e-02 2.068914845585823059e-02
3.149256855249404907e-02 2.232354320585727692e-02
2.794021181762218475e-02 2.125419490039348602e-02
2.597521804273128510e-02 2.305823564529418945e-02
2.755266986787319183e-02 2.336752042174339294e-02
2.637991681694984436e-02 2.460510842502117157e-02
2.640817686915397644e-02 2.459696307778358459e-02
2.747504971921443939e-02 2.460567466914653778e-02
2.346021868288516998e-02 1.859617233276367188e-02
2.890528738498687744e-02 2.738259173929691315e-02
3.116875141859054565e-02 2.919971570372581482e-02
2.786310575902462006e-02 2.616481669247150421e-02
2.699639461934566498e-02 2.524545229971408844e-02
2.819213829934597015e-02 2.706884779036045074e-02
3.034066036343574524e-02 2.876342833042144775e-02
3.064618073403835297e-02 2.922503836452960968e-02
3.072088211774826050e-02 2.941523119807243347e-02
2.905098162591457367e-02 2.726299315690994263e-02
2.877657487988471985e-02 2.756978012621402740e-02
3.022781945765018463e-02 2.830618992447853088e-02
3.055549040436744690e-02 2.803921326994895935e-02
2.983300015330314636e-02 2.775175124406814575e-02
2.853366918861865997e-02 2.605025097727775574e-02
2.739100903272628784e-02 2.338762581348419189e-02
2.656991966068744659e-02 2.314784377813339233e-02
2.789627015590667725e-02 2.439639903604984283e-02
3.303955867886543274e-02 2.465917170047760010e-02
2.960460260510444641e-02 2.153656259179115295e-02
3.813400864601135254e-02 2.542730979621410370e-02
3.814437985420227051e-02 2.502876147627830505e-02
4.330135881900787354e-02 2.311732620000839233e-02
4.400962963700294495e-02 2.352175302803516388e-02
4.289653897285461426e-02 2.404864318668842316e-02
4.531653970479965210e-02 2.304358221590518951e-02
4.118167236447334290e-02 1.783261075615882874e-02
3.749820217490196228e-02 2.022859640419483185e-02
3.627557307481765747e-02 2.441808581352233887e-02
2.795777469873428345e-02 1.960603520274162292e-02
3.390903398394584656e-02 1.989842019975185394e-02
3.356582671403884888e-02 1.954809576272964478e-02
3.410314023494720459e-02 1.883584074676036835e-02
3.733600676059722900e-02 2.267777174711227417e-02
3.393344581127166748e-02 2.049949765205383301e-02
2.416518516838550568e-02 1.676646061241626740e-02
2.413549460470676422e-02 1.852716132998466492e-02
2.678891830146312714e-02 1.412016153335571289e-02
2.576833590865135193e-02 1.712289638817310333e-02
3.049716167151927948e-02 1.726982556283473969e-02
2.917962521314620972e-02 1.573722809553146362e-02
3.106315992772579193e-02 2.002304792404174805e-02
2.613252215087413788e-02 1.664175279438495636e-02
2.210928499698638916e-02 1.909838616847991943e-02
2.653120085597038269e-02 2.042584307491779327e-02
2.114264667034149170e-02 1.390221901237964630e-02
2.804233320057392120e-02 2.072311379015445709e-02
2.530558407306671143e-02 1.706821843981742859e-02
2.842543460428714752e-02 2.104704082012176514e-02
2.966760843992233276e-02 2.442116849124431610e-02
2.477006241679191589e-02 1.801232248544692993e-02
2.602043375372886658e-02 1.868878677487373352e-02
2.600671164691448212e-02 1.957522518932819366e-02
2.330883778631687164e-02 1.925161480903625488e-02
2.247282117605209351e-02 2.085484191775321960e-02
2.146745286881923676e-02 2.185336127877235413e-02
2.380543202161788940e-02 2.333525195717811584e-02
2.091881074011325836e-02 1.968523673713207245e-02
2.394057437777519226e-02 2.198968455195426941e-02
2.295028045773506165e-02 2.293617650866508484e-02
2.394277974963188171e-02 2.435569651424884796e-02
2.131593227386474609e-02 2.546787634491920471e-02
1.938156224787235260e-02 2.386598661541938782e-02
2.431375719606876373e-02 2.376220002770423889e-02
2.961183153092861176e-02 2.727770060300827026e-02
2.906136214733123779e-02 2.551397494971752167e-02
2.689620479941368103e-02 2.288596704602241516e-02
2.537771873176097870e-02 2.230349183082580566e-02
2.465297281742095947e-02 2.228274196386337280e-02
2.822384424507617950e-02 2.495091781020164490e-02
2.695441059768199921e-02 2.351536788046360016e-02
3.038644790649414062e-02 2.428014576435089111e-02
2.658364735543727875e-02 2.474169433116912842e-02
2.552225440740585327e-02 2.305517531931400299e-02
2.932667359709739685e-02 2.647994086146354675e-02
3.227888420224189758e-02 2.882055193185806274e-02
3.092645294964313507e-02 2.789153903722763062e-02
3.015432879328727722e-02 2.722962759435176849e-02
2.969161421060562134e-02 2.677762135863304138e-02
3.202906250953674316e-02 2.905200049281120300e-02
3.309006989002227783e-02 2.927732095122337341e-02
3.178711980581283569e-02 2.958590537309646606e-02
3.199583292007446289e-02 3.017391264438629150e-02
3.156488761305809021e-02 3.066575340926647186e-02
3.180035948753356934e-02 3.133872896432876587e-02
3.214868158102035522e-02 3.108758851885795593e-02
3.441759198904037476e-02 3.064020164310932159e-02
3.306571766734123230e-02 3.117355331778526306e-02
3.239839896559715271e-02 3.133817762136459351e-02
3.263252601027488708e-02 3.176015242934226990e-02
3.205877169966697693e-02 3.160298988223075867e-02
3.196112066507339478e-02 3.102632611989974976e-02
3.174080327153205872e-02 3.053760342299938202e-02
3.193107992410659790e-02 3.083974681794643402e-02
3.206574171781539917e-02 3.039457276463508606e-02
3.286227956414222717e-02 3.078986704349517822e-02
3.251092135906219482e-02 3.088521584868431091e-02
3.240012377500534058e-02 3.074103035032749176e-02
3.253919258713722229e-02 3.038571402430534363e-02
3.332646563649177551e-02 3.057110682129859924e-02
3.404885903000831604e-02 3.000853769481182098e-02
3.382886946201324463e-02 3.089511021971702576e-02
3.294697403907775879e-02 3.050606511533260345e-02
3.347595036029815674e-02 3.044217079877853394e-02
3.310285508632659912e-02 2.982718870043754578e-02
3.248200938105583191e-02 2.782034501433372498e-02
3.032904118299484253e-02 2.761268615722656250e-02
3.225371614098548889e-02 2.942227944731712341e-02
3.317295387387275696e-02 2.923898771405220032e-02
3.130192682147026062e-02 2.764200605452060699e-02
3.314038738608360291e-02 2.673720940947532654e-02
3.279879316687583923e-02 2.648326754570007324e-02
3.495436906814575195e-02 2.729772403836250305e-02
3.619251400232315063e-02 2.691906504333019257e-02
3.423425182700157166e-02 2.516044303774833679e-02
3.357259929180145264e-02 2.308360859751701355e-02
3.353178873658180237e-02 2.209870889782905579e-02
3.234923258423805237e-02 2.159148082137107849e-02
3.703694790601730347e-02 2.345347590744495392e-02
3.391497209668159485e-02 2.355154044926166534e-02
3.248137235641479492e-02 2.742476202547550201e-02
3.526602685451507568e-02 2.524019964039325714e-02
3.282161802053451538e-02 2.675407379865646362e-02
3.544216975569725037e-02 2.309865131974220276e-02
3.594915568828582764e-02 2.129147201776504517e-02
3.791172802448272705e-02 2.247321791946887970e-02
3.237765654921531677e-02 2.512465044856071472e-02
3.083696961402893066e-02 2.445283904671669006e-02
2.842408232390880585e-02 2.160411886870861053e-02
2.951254136860370636e-02 2.291223406791687012e-02
2.893688157200813293e-02 2.460073307156562805e-02
2.662585116922855377e-02 2.204773947596549988e-02
2.588914707303047180e-02 2.137027308344841003e-02
2.567087858915328979e-02 1.999029517173767090e-02
2.628304250538349152e-02 2.076470851898193359e-02
2.598262950778007507e-02 2.090319991111755371e-02
2.960083447396755219e-02 2.580620348453521729e-02
2.862518653273582458e-02 2.347028627991676331e-02
2.966419234871864319e-02 2.798406407237052917e-02
3.006158955395221710e-02 2.844987809658050537e-02
3.177164122462272644e-02 2.984984219074249268e-02
3.110478818416595459e-02 3.044806234538555145e-02
3.110210597515106201e-02 3.048114851117134094e-02
3.014619275927543640e-02 3.060886077582836151e-02
2.898951992392539978e-02 2.763599902391433716e-02
3.020403906702995300e-02 3.048051148653030396e-02
2.877509221434593201e-02 3.069095499813556671e-02
2.917816676199436188e-02 3.184494003653526306e-02
2.951843291521072388e-02 3.201793134212493896e-02
2.900952100753784180e-02 3.093743510544300079e-02
2.997327223420143127e-02 3.152126818895339966e-02
3.070256672799587250e-02 3.102898225188255310e-02
3.309641778469085693e-02 2.957087568938732147e-02
3.277720883488655090e-02 2.854924835264682770e-02
3.198449686169624329e-02 2.796774730086326599e-02
3.176409006118774414e-02 2.879536151885986328e-02
2.936164848506450653e-02 2.944478578865528107e-02
2.536679059267044067e-02 2.444932051002979279e-02
2.585821226239204407e-02 2.343572676181793213e-02
2.137664705514907837e-02 1.244249008595943451e-02
1.724845357239246368e-02 1.504195295274257660e-02
1.704037189483642578e-02 1.483540795743465424e-02
1.706195995211601257e-02 1.509930007159709930e-02
1.626683026552200317e-02 1.320220530033111572e-02
1.714856550097465515e-02 1.250709034502506256e-02
1.845213584601879120e-02 1.016149483621120453e-02
1.458049006760120392e-02 1.106216572225093842e-02
1.445107720792293549e-02 1.031786017119884491e-02
1.439899206161499023e-02 1.193035952746868134e-02
1.305739209055900574e-02 1.076067425310611725e-02
1.246042735874652863e-02 9.921776130795478821e-03
1.332804374396800995e-02 1.040742732584476471e-02
1.364712975919246674e-02 8.966425433754920959e-03
1.112223416566848755e-02 8.366197347640991211e-03
1.032757759094238281e-02 8.435562252998352051e-03
1.054660230875015259e-02 7.867531850934028625e-03
9.887143969535827637e-03 7.206434383988380432e-03
1.052767038345336914e-02 1.027071662247180939e-02
1.184350252151489258e-02 7.084041833877563477e-03
1.086494326591491699e-02 8.184021338820457458e-03
1.059095561504364014e-02 7.716557011008262634e-03
1.339307427406311035e-02 8.845707401633262634e-03
1.362498477101325989e-02 8.668644353747367859e-03
1.380594447255134583e-02 8.481521159410476685e-03
1.321212574839591980e-02 7.436290383338928223e-03
1.363251730799674988e-02 7.972517982125282288e-03
1.291746646165847778e-02 6.901625543832778931e-03
1.469986885786056519e-02 7.211616262793540955e-03
1.952747628092765808e-02 7.042843848466873169e-03
1.927005313336849213e-02 9.077599272131919861e-03
1.602513343095779419e-02 7.850380614399909973e-03
1.452218741178512573e-02 1.095411740243434906e-02
1.392244547605514526e-02 1.018107868731021881e-02
1.343392580747604370e-02 9.098581969738006592e-03
1.357734017074108124e-02 8.045965805649757385e-03
1.271857321262359619e-02 6.615051999688148499e-03
1.326915994286537170e-02 8.407149463891983032e-03
1.382629945874214172e-02 9.587099775671958923e-03
1.332949846982955933e-02 8.557656779885292053e-03
1.379597187042236328e-02 9.330427274107933044e-03
1.421159878373146057e-02 9.949762374162673950e-03
1.465677469968795776e-02 9.444007650017738342e-03
1.547296904027462006e-02 9.705079719424247742e-03
1.388367637991905212e-02 8.645763620734214783e-03
1.365466788411140442e-02 9.919280186295509338e-03
1.337418518960475922e-02 8.903143927454948425e-03
1.300027966499328613e-02 7.254881784319877625e-03
1.267118006944656372e-02 8.054083213210105896e-03
1.373133808374404907e-02 8.384687826037406921e-03
1.523003354668617249e-02 9.717585518956184387e-03
1.354109868407249451e-02 9.699856862425804138e-03
1.102267019450664520e-02 8.241454139351844788e-03
9.270194917917251587e-03 6.030306220054626465e-03
8.915832266211509705e-03 6.135584786534309387e-03
9.558629244565963745e-03 7.054822519421577454e-03
1.177470758557319641e-02 9.329039603471755981e-03
1.366524398326873779e-02 1.120775379240512848e-02
1.332258433103561401e-02 1.064155064523220062e-02
1.376627013087272644e-02 1.093084178864955902e-02
8.911456912755966187e-03 6.084797903895378113e-03
1.269401609897613525e-02 9.949728846549987793e-03
1.242391020059585571e-02 9.157726541161537170e-03
1.357406377792358398e-02 6.935639306902885437e-03
1.546071842312812805e-02 5.595548078417778015e-03
1.237532496452331543e-02 8.463848382234573364e-03
1.283485442399978638e-02 1.003390178084373474e-02
1.665771752595901489e-02 1.377574168145656586e-02
1.368761807680130005e-02 1.083024777472019196e-02
1.713350415229797363e-02 1.074395887553691864e-02
1.289636641740798950e-02 9.614178910851478577e-03
1.708931475877761841e-02 1.360922679305076599e-02
1.730052381753921509e-02 1.166328042745590210e-02
1.890720799565315247e-02 1.385070756077766418e-02
1.536436937749385834e-02 1.144581846892833710e-02
1.580829173326492310e-02 1.106839627027511597e-02
1.979268155992031097e-02 1.188136637210845947e-02
2.121870033442974091e-02 1.382033899426460266e-02
2.737290598452091217e-02 1.960753090679645538e-02
1.811240799725055695e-02 1.673123426735401154e-02
2.481906674802303314e-02 4.605627804994583130e-02
2.332179062068462372e-02 2.405402064323425293e-02
1.297435536980628967e-02 1.619575545191764832e-02
1.415432989597320557e-02 2.332719787955284119e-02
1.615504920482635498e-02 1.768785715103149414e-02
1.565964519977569580e-02 2.027361840009689331e-02
1.548461429774761200e-02 1.555044483393430710e-02
1.806894131004810333e-02 1.778154447674751282e-02
1.852309890091419220e-02 1.750029809772968292e-02
2.804193273186683655e-02 6.171160936355590820e-02
2.703782171010971069e-02 7.045443356037139893e-02
2.648173086345195770e-02 7.678748667240142822e-02
1.357422769069671631e-02 2.736909314990043640e-02
1.044266670942306519e-02 1.481873728334903717e-02
9.096007794141769409e-03 2.007000893354415894e-02
1.075606048107147217e-02 1.667232997715473175e-02
6.516616791486740112e-03 1.454331912100315094e-02
1.270732283592224121e-02 2.119906246662139893e-02
1.354108750820159912e-02 2.669183909893035889e-02
1.784745603799819946e-02 2.259947359561920166e-02
1.531892828643321991e-02 2.219825796782970428e-02
1.585842482745647430e-02 1.199591904878616333e-02
1.221509836614131927e-02 1.759539730846881866e-02
1.016502827405929565e-02 8.980570361018180847e-03
6.498388946056365967e-03 1.178014837205410004e-02
1.024274900555610657e-02 1.631183177232742310e-02
1.191657222807407379e-02 9.402435272932052612e-03
9.703429415822029114e-03 8.245669305324554443e-03
9.347349405288696289e-03 5.433117970824241638e-03
9.572317823767662048e-03 2.218815684318542480e-02
6.219603121280670166e-03 3.327620029449462891e-02
1.702713593840599060e-02 7.926302403211593628e-02
1.699287258088588715e-02 7.792134582996368408e-02
1.218765974044799805e-02 8.016061037778854370e-02
1.133230701088905334e-02 8.500092476606369019e-02
1.184654422104358673e-02 8.269029855728149414e-02
1.160814985632896423e-02 8.316044509410858154e-02
1.576652005314826965e-02 8.244884759187698364e-02
1.516789756715297699e-02 8.012209832668304443e-02
1.085750013589859009e-02 7.741119712591171265e-02
1.102488860487937927e-02 8.961631357669830322e-02
1.040264591574668884e-02 8.068388700485229492e-02
1.152683421969413757e-02 7.959108799695968628e-02
1.364744640886783600e-02 7.513600587844848633e-02
1.743900030851364136e-02 8.738938719034194946e-02
1.754919812083244324e-02 9.140492975711822510e-02
1.593599282205104828e-02 8.846133202314376831e-02
1.641130447387695312e-02 8.721722662448883057e-02
1.540813408792018890e-02 8.977294713258743286e-02
1.922749169170856476e-02 8.322454243898391724e-02
1.452553272247314453e-02 9.448236227035522461e-02
1.661451160907745361e-02 8.719698339700698853e-02
1.857860013842582703e-02 8.345781266689300537e-02
1.922329701483249664e-02 8.488485217094421387e-02
1.569175533950328827e-02 9.036599844694137573e-02
1.480680145323276520e-02 8.812057971954345703e-02
1.696079224348068237e-02 8.613326400518417358e-02
1.863680966198444366e-02 7.592484354972839355e-02
2.090667560696601868e-02 7.318533957004547119e-02
2.168938517570495605e-02 7.320931553840637207e-02
2.318543754518032074e-02 6.876415759325027466e-02
2.510407008230686188e-02 6.595496088266372681e-02
2.477891370654106140e-02 6.949720531702041626e-02
2.248547598719596863e-02 7.347685098648071289e-02
2.349321544170379639e-02 7.384834438562393188e-02
2.410336211323738098e-02 6.747314333915710449e-02
2.349979802966117859e-02 6.686305999755859375e-02
2.470203116536140442e-02 5.989570170640945435e-02
2.410980872809886932e-02 5.687396973371505737e-02
2.665423415601253510e-02 5.586537718772888184e-02
2.429774403572082520e-02 5.614905059337615967e-02
2.269496768712997437e-02 5.467296391725540161e-02
2.408304437994956970e-02 5.123811587691307068e-02
2.528763934969902039e-02 4.521859437227249146e-02
2.601740136742591858e-02 4.573110491037368774e-02
2.411099895834922791e-02 4.596664011478424072e-02
2.706621401011943817e-02 4.086301848292350769e-02
2.654317021369934082e-02 3.991954028606414795e-02
2.729997411370277405e-02 3.809718787670135498e-02
2.772668004035949707e-02 3.650996834039688110e-02
2.919889613986015320e-02 3.183754906058311462e-02
2.745517715811729431e-02 3.621785342693328857e-02
2.919965609908103943e-02 3.424621000885963440e-02
3.128121793270111084e-02 3.074387647211551666e-02
3.045275248587131500e-02 3.012050502002239227e-02
3.018246777355670929e-02 3.400551527738571167e-02
3.062330558896064758e-02 2.857510000467300415e-02
3.075421229004859924e-02 2.843635715544223785e-02
3.147197142243385315e-02 2.938891388475894928e-02
3.123326413333415985e-02 3.012201376259326935e-02
3.115033358335494995e-02 2.979185432195663452e-02
3.031796030700206757e-02 2.887521311640739441e-02
2.983372285962104797e-02 2.835387177765369415e-02
3.058597445487976074e-02 2.881032787263393402e-02
3.032426536083221436e-02 2.838960848748683929e-02
3.085571713745594025e-02 2.884349413216114044e-02
3.185765817761421204e-02 2.935871854424476624e-02
3.099186345934867859e-02 2.993241138756275177e-02
3.198359534144401550e-02 2.947369590401649475e-02
3.169946745038032532e-02 2.947354316711425781e-02
3.261486440896987915e-02 2.959195896983146667e-02
3.208189830183982849e-02 2.989562600851058960e-02
3.056175448000431061e-02 2.983853593468666077e-02
3.213869035243988037e-02 2.985401079058647156e-02
3.209214657545089722e-02 2.970690652728080750e-02
3.225458040833473206e-02 2.985383011400699615e-02
3.237320482730865479e-02 2.959265746176242828e-02
3.241510689258575439e-02 2.956392802298069000e-02
3.253888338804244995e-02 2.972079068422317505e-02
3.197970986366271973e-02 3.017902560532093048e-02
3.126737847924232483e-02 3.146312758326530457e-02
3.169673681259155273e-02 3.080071508884429932e-02
3.146598860621452332e-02 3.092956170439720154e-02
3.110062144696712494e-02 3.198209777474403381e-02
2.992987819015979767e-02 3.481221199035644531e-02
3.179357200860977173e-02 3.131528943777084351e-02
